5.0, {'J01': 0}, {'J01': 0}, {'J01': 0}, 
10.0, {'J01': 0}, {'J01': 0}, {'J01': 0}, 
15.0, {'J01': -9.5}, {'J01': 1}, {'J01': 3}, 
20.0, {'J01': -42.5}, {'J01': 2}, {'J01': 4}, 
25.0, {'J01': -86.0}, {'J01': 3}, {'J01': 6}, 
30.0, {'J01': -93.0}, {'J01': 2}, {'J01': 5}, 
35.0, {'J01': -137.0}, {'J01': 2}, {'J01': 6}, 
40.0, {'J01': -176.5}, {'J01': 3}, {'J01': 7}, 
45.0, {'J01': -254.5}, {'J01': 3}, {'J01': 9}, 
50.0, {'J01': -358.5}, {'J01': 4}, {'J01': 14}, 
55.0, {'J01': -502.5}, {'J01': 4}, {'J01': 16}, 
60.0, {'J01': -668.0}, {'J01': 4}, {'J01': 18}, 
65.0, {'J01': -853.0}, {'J01': 4}, {'J01': 19}, 
70.0, {'J01': -810.5}, {'J01': 3}, {'J01': 16}, 
75.0, {'J01': -880.0}, {'J01': 3}, {'J01': 22}, 
80.0, {'J01': -1035.0}, {'J01': 3}, {'J01': 22}, 
85.0, {'J01': -1219.5}, {'J01': 4}, {'J01': 22}, 
90.0, {'J01': -1418.5}, {'J01': 4}, {'J01': 21}, 
95.0, {'J01': -1632.0}, {'J01': 4}, {'J01': 22}, 
100.0, {'J01': -1719.5}, {'J01': 3}, {'J01': 22}, 
105.0, {'J01': -1785.5}, {'J01': 4}, {'J01': 27}, 
110.0, {'J01': -2077.0}, {'J01': 5}, {'J01': 35}, 
115.0, {'J01': -2293.5}, {'J01': 4}, {'J01': 32}, 
120.0, {'J01': -2429.0}, {'J01': 4}, {'J01': 26}, 
125.0, {'J01': -2582.0}, {'J01': 4}, {'J01': 23}, 
130.0, {'J01': -2813.0}, {'J01': 4}, {'J01': 24}, 
135.0, {'J01': -2785.5}, {'J01': 4}, {'J01': 23}, 
140.0, {'J01': -2593.0}, {'J01': 4}, {'J01': 29}, 
145.0, {'J01': -2912.0}, {'J01': 7}, {'J01': 40}, 
150.0, {'J01': -3325.5}, {'J01': 7}, {'J01': 45}, 
155.0, {'J01': -3759.0}, {'J01': 7}, {'J01': 47}, 
160.0, {'J01': -3953.5}, {'J01': 6}, {'J01': 41}, 
165.0, {'J01': -3934.5}, {'J01': 4}, {'J01': 31}, 
170.0, {'J01': -3380.0}, {'J01': 4}, {'J01': 30}, 
175.0, {'J01': -3682.5}, {'J01': 5}, {'J01': 33}, 
180.0, {'J01': -4023.0}, {'J01': 5}, {'J01': 39}, 
185.0, {'J01': -4442.5}, {'J01': 7}, {'J01': 46}, 
190.0, {'J01': -4869.0}, {'J01': 7}, {'J01': 47}, 
195.0, {'J01': -4663.0}, {'J01': 5}, {'J01': 37}, 
200.0, {'J01': -4842.5}, {'J01': 6}, {'J01': 34}, 
205.0, {'J01': -5130.0}, {'J01': 6}, {'J01': 33}, 
210.0, {'J01': -5205.5}, {'J01': 6}, {'J01': 30}, 
215.0, {'J01': -5240.5}, {'J01': 6}, {'J01': 26}, 
220.0, {'J01': -5427.0}, {'J01': 6}, {'J01': 25}, 
225.0, {'J01': -5680.5}, {'J01': 6}, {'J01': 26}, 
230.0, {'J01': -5945.5}, {'J01': 6}, {'J01': 27}, 
235.0, {'J01': -5143.0}, {'J01': 6}, {'J01': 28}, 
240.0, {'J01': -4599.5}, {'J01': 6}, {'J01': 27}, 
245.0, {'J01': -4830.5}, {'J01': 6}, {'J01': 26}, 
250.0, {'J01': -5093.5}, {'J01': 7}, {'J01': 27}, 
255.0, {'J01': -5364.5}, {'J01': 7}, {'J01': 28}, 
260.0, {'J01': -5644.5}, {'J01': 7}, {'J01': 28}, 
265.0, {'J01': -5931.5}, {'J01': 7}, {'J01': 31}, 
270.0, {'J01': -6260.0}, {'J01': 7}, {'J01': 36}, 
275.0, {'J01': -6646.5}, {'J01': 7}, {'J01': 44}, 
280.0, {'J01': -7095.0}, {'J01': 7}, {'J01': 46}, 
285.0, {'J01': -7433.5}, {'J01': 7}, {'J01': 43}, 
290.0, {'J01': -7635.5}, {'J01': 7}, {'J01': 39}, 
295.0, {'J01': -6727.0}, {'J01': 8}, {'J01': 36}, 
300.0, {'J01': -6847.5}, {'J01': 8}, {'J01': 39}, 
305.0, {'J01': -7256.0}, {'J01': 8}, {'J01': 46}, 
310.0, {'J01': -7293.0}, {'J01': 8}, {'J01': 37}, 
315.0, {'J01': -7450.5}, {'J01': 9}, {'J01': 33}, 
320.0, {'J01': -7654.5}, {'J01': 10}, {'J01': 30}, 
325.0, {'J01': -7954.5}, {'J01': 10}, {'J01': 30}, 
330.0, {'J01': -7032.0}, {'J01': 11}, {'J01': 29}, 
335.0, {'J01': -6228.5}, {'J01': 11}, {'J01': 28}, 
340.0, {'J01': -6025.5}, {'J01': 11}, {'J01': 32}, 
345.0, {'J01': -6358.0}, {'J01': 11}, {'J01': 36}, 
350.0, {'J01': -6727.0}, {'J01': 11}, {'J01': 39}, 
355.0, {'J01': -7120.5}, {'J01': 11}, {'J01': 41}, 
360.0, {'J01': -7543.0}, {'J01': 11}, {'J01': 45}, 
365.0, {'J01': -7994.5}, {'J01': 11}, {'J01': 46}, 
370.0, {'J01': -8456.0}, {'J01': 11}, {'J01': 47}, 
375.0, {'J01': -8926.0}, {'J01': 11}, {'J01': 47}, 
380.0, {'J01': -9396.0}, {'J01': 11}, {'J01': 47}, 
385.0, {'J01': -9866.0}, {'J01': 11}, {'J01': 47}, 
390.0, {'J01': -7878.5}, {'J01': 11}, {'J01': 45}, 
395.0, {'J01': -6587.0}, {'J01': 9}, {'J01': 40}, 
400.0, {'J01': -6996.5}, {'J01': 9}, {'J01': 44}, 
405.0, {'J01': -7429.5}, {'J01': 9}, {'J01': 44}, 
410.0, {'J01': -7876.0}, {'J01': 9}, {'J01': 47}, 
415.0, {'J01': -8353.5}, {'J01': 10}, {'J01': 49}, 
420.0, {'J01': -8845.5}, {'J01': 10}, {'J01': 51}, 
425.0, {'J01': -9360.0}, {'J01': 10}, {'J01': 53}, 
430.0, {'J01': -9893.5}, {'J01': 10}, {'J01': 54}, 
435.0, {'J01': -10436.0}, {'J01': 10}, {'J01': 55}, 
440.0, {'J01': -10986.0}, {'J01': 10}, {'J01': 55}, 
445.0, {'J01': -11541.0}, {'J01': 11}, {'J01': 56}, 
450.0, {'J01': -12102.0}, {'J01': 12}, {'J01': 57}, 
455.0, {'J01': -12675.5}, {'J01': 13}, {'J01': 59}, 
460.0, {'J01': -13265.5}, {'J01': 13}, {'J01': 59}, 
465.0, {'J01': -12066.0}, {'J01': 13}, {'J01': 54}, 
470.0, {'J01': -10945.5}, {'J01': 11}, {'J01': 47}, 
475.0, {'J01': -11425.0}, {'J01': 11}, {'J01': 51}, 
480.0, {'J01': -11953.5}, {'J01': 12}, {'J01': 59}, 
485.0, {'J01': -12552.5}, {'J01': 13}, {'J01': 62}, 
490.0, {'J01': -13179.0}, {'J01': 14}, {'J01': 64}, 
495.0, {'J01': -13826.5}, {'J01': 15}, {'J01': 66}, 
500.0, {'J01': -14487.5}, {'J01': 16}, {'J01': 67}, 
505.0, {'J01': -15164.5}, {'J01': 17}, {'J01': 69}, 
510.0, {'J01': -15861.0}, {'J01': 18}, {'J01': 71}, 
515.0, {'J01': -16572.5}, {'J01': 18}, {'J01': 72}, 
520.0, {'J01': -17298.5}, {'J01': 19}, {'J01': 74}, 
525.0, {'J01': -18038.5}, {'J01': 19}, {'J01': 74}, 
530.0, {'J01': -16144.0}, {'J01': 18}, {'J01': 68}, 
535.0, {'J01': -15264.5}, {'J01': 17}, {'J01': 61}, 
540.0, {'J01': -15890.5}, {'J01': 17}, {'J01': 67}, 
545.0, {'J01': -16572.0}, {'J01': 17}, {'J01': 72}, 
550.0, {'J01': -17292.0}, {'J01': 17}, {'J01': 72}, 
555.0, {'J01': -18012.5}, {'J01': 17}, {'J01': 73}, 
560.0, {'J01': -18742.5}, {'J01': 17}, {'J01': 73}, 
565.0, {'J01': -19477.0}, {'J01': 18}, {'J01': 75}, 
570.0, {'J01': -20231.0}, {'J01': 18}, {'J01': 77}, 
575.0, {'J01': -21004.0}, {'J01': 19}, {'J01': 78}, 
580.0, {'J01': -21786.5}, {'J01': 19}, {'J01': 79}, 
585.0, {'J01': -22576.5}, {'J01': 19}, {'J01': 79}, 
590.0, {'J01': -23373.0}, {'J01': 21}, {'J01': 81}, 
595.0, {'J01': -20268.0}, {'J01': 18}, {'J01': 69}, 
600.0, {'J01': -18971.5}, {'J01': 15}, {'J01': 63}, 
605.0, {'J01': -19402.5}, {'J01': 15}, {'J01': 66}, 
610.0, {'J01': -20075.0}, {'J01': 15}, {'J01': 72}, 
615.0, {'J01': -20819.5}, {'J01': 16}, {'J01': 79}, 
620.0, {'J01': -21614.0}, {'J01': 16}, {'J01': 80}, 
625.0, {'J01': -22422.0}, {'J01': 16}, {'J01': 82}, 
630.0, {'J01': -23244.0}, {'J01': 17}, {'J01': 83}, 
635.0, {'J01': -24084.5}, {'J01': 20}, {'J01': 86}, 
640.0, {'J01': -24944.5}, {'J01': 20}, {'J01': 86}, 
645.0, {'J01': -25806.5}, {'J01': 20}, {'J01': 87}, 
650.0, {'J01': -26676.5}, {'J01': 20}, {'J01': 87}, 
655.0, {'J01': -27548.0}, {'J01': 21}, {'J01': 88}, 
660.0, {'J01': -24345.5}, {'J01': 22}, {'J01': 81}, 
665.0, {'J01': -23730.5}, {'J01': 20}, {'J01': 76}, 
670.0, {'J01': -24500.5}, {'J01': 20}, {'J01': 80}, 
675.0, {'J01': -25312.0}, {'J01': 20}, {'J01': 87}, 
680.0, {'J01': -26203.0}, {'J01': 22}, {'J01': 94}, 
685.0, {'J01': -27143.0}, {'J01': 22}, {'J01': 94}, 
690.0, {'J01': -28083.0}, {'J01': 22}, {'J01': 94}, 
695.0, {'J01': -29029.0}, {'J01': 24}, {'J01': 96}, 
700.0, {'J01': -29993.0}, {'J01': 25}, {'J01': 97}, 
705.0, {'J01': -30963.0}, {'J01': 25}, {'J01': 97}, 
710.0, {'J01': -31936.0}, {'J01': 26}, {'J01': 98}, 
715.0, {'J01': -32916.0}, {'J01': 26}, {'J01': 98}, 
720.0, {'J01': -33896.0}, {'J01': 26}, {'J01': 98}, 
725.0, {'J01': -30642.5}, {'J01': 24}, {'J01': 86}, 
730.0, {'J01': -30037.5}, {'J01': 22}, {'J01': 82}, 
735.0, {'J01': -30575.5}, {'J01': 21}, {'J01': 86}, 
740.0, {'J01': -31445.0}, {'J01': 21}, {'J01': 93}, 
745.0, {'J01': -32375.0}, {'J01': 21}, {'J01': 93}, 
750.0, {'J01': -33316.5}, {'J01': 23}, {'J01': 96}, 
755.0, {'J01': -34276.5}, {'J01': 23}, {'J01': 96}, 
760.0, {'J01': -35236.5}, {'J01': 23}, {'J01': 96}, 
765.0, {'J01': -36198.0}, {'J01': 23}, {'J01': 97}, 
770.0, {'J01': -37174.0}, {'J01': 24}, {'J01': 99}, 
775.0, {'J01': -38164.0}, {'J01': 24}, {'J01': 99}, 
780.0, {'J01': -39155.5}, {'J01': 25}, {'J01': 100}, 
785.0, {'J01': -40155.5}, {'J01': 25}, {'J01': 100}, 
790.0, {'J01': -36478.0}, {'J01': 22}, {'J01': 88}, 
795.0, {'J01': -36203.5}, {'J01': 21}, {'J01': 84}, 
800.0, {'J01': -37054.0}, {'J01': 21}, {'J01': 88}, 
805.0, {'J01': -37943.0}, {'J01': 21}, {'J01': 94}, 
810.0, {'J01': -38890.0}, {'J01': 22}, {'J01': 96}, 
815.0, {'J01': -39850.0}, {'J01': 22}, {'J01': 96}, 
820.0, {'J01': -40819.5}, {'J01': 25}, {'J01': 99}, 
825.0, {'J01': -41809.5}, {'J01': 25}, {'J01': 99}, 
830.0, {'J01': -42799.5}, {'J01': 25}, {'J01': 99}, 
835.0, {'J01': -43796.5}, {'J01': 27}, {'J01': 101}, 
840.0, {'J01': -44806.5}, {'J01': 27}, {'J01': 101}, 
845.0, {'J01': -45816.5}, {'J01': 27}, {'J01': 101}, 
850.0, {'J01': -46833.0}, {'J01': 28}, {'J01': 103}, 
855.0, {'J01': -44410.5}, {'J01': 26}, {'J01': 95}, 
860.0, {'J01': -44616.0}, {'J01': 26}, {'J01': 93}, 
865.0, {'J01': -45555.5}, {'J01': 26}, {'J01': 97}, 
870.0, {'J01': -46531.5}, {'J01': 26}, {'J01': 100}, 
875.0, {'J01': -47542.0}, {'J01': 28}, {'J01': 104}, 
880.0, {'J01': -48583.5}, {'J01': 29}, {'J01': 105}, 
885.0, {'J01': -49633.5}, {'J01': 29}, {'J01': 105}, 
890.0, {'J01': -50683.5}, {'J01': 29}, {'J01': 105}, 
895.0, {'J01': -51738.0}, {'J01': 30}, {'J01': 106}, 
900.0, {'J01': -52803.5}, {'J01': 32}, {'J01': 108}, 
905.0, {'J01': -53884.0}, {'J01': 32}, {'J01': 109}, 
910.0, {'J01': -54975.0}, {'J01': 33}, {'J01': 110}, 
915.0, {'J01': -56075.0}, {'J01': 33}, {'J01': 110}, 
920.0, {'J01': -52765.5}, {'J01': 32}, {'J01': 103}, 
925.0, {'J01': -51413.5}, {'J01': 30}, {'J01': 97}, 
930.0, {'J01': -52393.5}, {'J01': 30}, {'J01': 101}, 
935.0, {'J01': -53408.0}, {'J01': 30}, {'J01': 105}, 
940.0, {'J01': -54468.5}, {'J01': 30}, {'J01': 109}, 
945.0, {'J01': -55558.5}, {'J01': 30}, {'J01': 109}, 
950.0, {'J01': -56650.0}, {'J01': 31}, {'J01': 110}, 
955.0, {'J01': -57756.0}, {'J01': 33}, {'J01': 112}, 
960.0, {'J01': -58884.0}, {'J01': 35}, {'J01': 114}, 
965.0, {'J01': -60024.0}, {'J01': 35}, {'J01': 114}, 
970.0, {'J01': -61169.0}, {'J01': 35}, {'J01': 115}, 
975.0, {'J01': -62319.0}, {'J01': 35}, {'J01': 115}, 
980.0, {'J01': -63469.0}, {'J01': 35}, {'J01': 115}, 
985.0, {'J01': -59832.0}, {'J01': 33}, {'J01': 105}, 
990.0, {'J01': -57755.0}, {'J01': 31}, {'J01': 100}, 
995.0, {'J01': -58762.0}, {'J01': 31}, {'J01': 103}, 
1000.0, {'J01': -59808.0}, {'J01': 31}, {'J01': 112}, 
1005.0, {'J01': -60939.0}, {'J01': 31}, {'J01': 115}, 
1010.0, {'J01': -62089.5}, {'J01': 32}, {'J01': 116}, 
1015.0, {'J01': -63260.5}, {'J01': 35}, {'J01': 119}, 
1020.0, {'J01': -64450.5}, {'J01': 35}, {'J01': 119}, 
1025.0, {'J01': -65640.5}, {'J01': 35}, {'J01': 119}, 
1030.0, {'J01': -66830.5}, {'J01': 35}, {'J01': 119}, 
1035.0, {'J01': -68020.5}, {'J01': 35}, {'J01': 119}, 
1040.0, {'J01': -69210.5}, {'J01': 35}, {'J01': 119}, 
1045.0, {'J01': -70401.0}, {'J01': 35}, {'J01': 120}, 
1050.0, {'J01': -68516.0}, {'J01': 33}, {'J01': 115}, 
1055.0, {'J01': -67064.0}, {'J01': 31}, {'J01': 112}, 
1060.0, {'J01': -68184.0}, {'J01': 31}, {'J01': 112}, 
1065.0, {'J01': -69309.0}, {'J01': 31}, {'J01': 116}, 
1070.0, {'J01': -70473.5}, {'J01': 31}, {'J01': 117}, 
1075.0, {'J01': -71643.5}, {'J01': 31}, {'J01': 117}, 
1080.0, {'J01': -72824.0}, {'J01': 34}, {'J01': 120}, 
1085.0, {'J01': -74027.5}, {'J01': 35}, {'J01': 121}, 
1090.0, {'J01': -75237.5}, {'J01': 35}, {'J01': 121}, 
1095.0, {'J01': -76447.5}, {'J01': 35}, {'J01': 121}, 
1100.0, {'J01': -77657.5}, {'J01': 35}, {'J01': 121}, 
1105.0, {'J01': -78872.5}, {'J01': 36}, {'J01': 122}, 
1110.0, {'J01': -80092.5}, {'J01': 36}, {'J01': 122}, 
1115.0, {'J01': -75795.0}, {'J01': 33}, {'J01': 113}, 
1120.0, {'J01': -73576.0}, {'J01': 32}, {'J01': 106}, 
1125.0, {'J01': -74646.0}, {'J01': 32}, {'J01': 110}, 
1130.0, {'J01': -75752.5}, {'J01': 32}, {'J01': 114}, 
1135.0, {'J01': -76908.0}, {'J01': 32}, {'J01': 118}, 
1140.0, {'J01': -78088.0}, {'J01': 32}, {'J01': 118}, 
1145.0, {'J01': -79279.0}, {'J01': 36}, {'J01': 122}, 
1150.0, {'J01': -80499.0}, {'J01': 36}, {'J01': 122}, 
1155.0, {'J01': -81722.0}, {'J01': 36}, {'J01': 123}, 
1160.0, {'J01': -82952.0}, {'J01': 36}, {'J01': 123}, 
1165.0, {'J01': -84182.0}, {'J01': 36}, {'J01': 123}, 
1170.0, {'J01': -85412.0}, {'J01': 36}, {'J01': 123}, 
1175.0, {'J01': -86642.0}, {'J01': 36}, {'J01': 123}, 
1180.0, {'J01': -85280.5}, {'J01': 36}, {'J01': 118}, 
1185.0, {'J01': -84095.0}, {'J01': 36}, {'J01': 112}, 
1190.0, {'J01': -85225.0}, {'J01': 36}, {'J01': 116}, 
1195.0, {'J01': -86390.0}, {'J01': 36}, {'J01': 119}, 
1200.0, {'J01': -87601.0}, {'J01': 36}, {'J01': 124}, 
1205.0, {'J01': -88841.0}, {'J01': 36}, {'J01': 124}, 
1210.0, {'J01': -90081.0}, {'J01': 36}, {'J01': 124}, 
1215.0, {'J01': -91321.0}, {'J01': 36}, {'J01': 124}, 
1220.0, {'J01': -92561.0}, {'J01': 36}, {'J01': 124}, 
1225.0, {'J01': -93801.0}, {'J01': 36}, {'J01': 124}, 
1230.0, {'J01': -95042.5}, {'J01': 36}, {'J01': 125}, 
1235.0, {'J01': -96292.5}, {'J01': 36}, {'J01': 125}, 
1240.0, {'J01': -97542.5}, {'J01': 36}, {'J01': 125}, 
1245.0, {'J01': -93560.5}, {'J01': 34}, {'J01': 117}, 
1250.0, {'J01': -91010.5}, {'J01': 32}, {'J01': 110}, 
1255.0, {'J01': -90400.0}, {'J01': 30}, {'J01': 112}, 
1260.0, {'J01': -91531.5}, {'J01': 30}, {'J01': 118}, 
1265.0, {'J01': -92723.0}, {'J01': 30}, {'J01': 121}, 
1270.0, {'J01': -93937.0}, {'J01': 30}, {'J01': 122}, 
1275.0, {'J01': -95159.0}, {'J01': 32}, {'J01': 124}, 
1280.0, {'J01': -96414.0}, {'J01': 36}, {'J01': 128}, 
1285.0, {'J01': -97694.0}, {'J01': 36}, {'J01': 128}, 
1290.0, {'J01': -98974.0}, {'J01': 36}, {'J01': 128}, 
1295.0, {'J01': -100254.0}, {'J01': 36}, {'J01': 128}, 
1300.0, {'J01': -101534.0}, {'J01': 36}, {'J01': 128}, 
1305.0, {'J01': -102814.0}, {'J01': 36}, {'J01': 128}, 
1310.0, {'J01': -98348.0}, {'J01': 33}, {'J01': 119}, 
1315.0, {'J01': -96851.0}, {'J01': 31}, {'J01': 114}, 
1320.0, {'J01': -97998.0}, {'J01': 31}, {'J01': 117}, 
1325.0, {'J01': -99173.0}, {'J01': 31}, {'J01': 119}, 
1330.0, {'J01': -100375.5}, {'J01': 31}, {'J01': 122}, 
1335.0, {'J01': -101595.5}, {'J01': 31}, {'J01': 122}, 
1340.0, {'J01': -102830.0}, {'J01': 36}, {'J01': 127}, 
1345.0, {'J01': -104100.0}, {'J01': 36}, {'J01': 127}, 
1350.0, {'J01': -105370.0}, {'J01': 36}, {'J01': 127}, 
1355.0, {'J01': -106640.0}, {'J01': 36}, {'J01': 127}, 
1360.0, {'J01': -107910.5}, {'J01': 36}, {'J01': 128}, 
1365.0, {'J01': -109190.5}, {'J01': 36}, {'J01': 128}, 
1370.0, {'J01': -110470.5}, {'J01': 36}, {'J01': 128}, 
1375.0, {'J01': -107608.0}, {'J01': 35}, {'J01': 120}, 
1380.0, {'J01': -108684.5}, {'J01': 35}, {'J01': 119}, 
1385.0, {'J01': -109884.5}, {'J01': 35}, {'J01': 123}, 
1390.0, {'J01': -110134.5}, {'J01': 34}, {'J01': 123}, 
1395.0, {'J01': -111376.0}, {'J01': 34}, {'J01': 126}, 
1400.0, {'J01': -112636.0}, {'J01': 34}, {'J01': 126}, 
1405.0, {'J01': -113896.0}, {'J01': 34}, {'J01': 126}, 
1410.0, {'J01': -115156.0}, {'J01': 34}, {'J01': 126}, 
1415.0, {'J01': -116421.5}, {'J01': 36}, {'J01': 128}, 
1420.0, {'J01': -117701.5}, {'J01': 36}, {'J01': 128}, 
1425.0, {'J01': -118981.5}, {'J01': 36}, {'J01': 128}, 
1430.0, {'J01': -120261.5}, {'J01': 36}, {'J01': 128}, 
1435.0, {'J01': -121541.5}, {'J01': 36}, {'J01': 128}, 
1440.0, {'J01': -119124.0}, {'J01': 36}, {'J01': 121}, 
1445.0, {'J01': -118835.5}, {'J01': 36}, {'J01': 118}, 
1450.0, {'J01': -120025.5}, {'J01': 36}, {'J01': 122}, 
1455.0, {'J01': -121251.5}, {'J01': 36}, {'J01': 127}, 
1460.0, {'J01': -122529.0}, {'J01': 36}, {'J01': 129}, 
1465.0, {'J01': -123819.0}, {'J01': 36}, {'J01': 129}, 
1470.0, {'J01': -125109.0}, {'J01': 36}, {'J01': 129}, 
1475.0, {'J01': -126403.0}, {'J01': 36}, {'J01': 130}, 
1480.0, {'J01': -127703.0}, {'J01': 36}, {'J01': 130}, 
1485.0, {'J01': -129003.0}, {'J01': 36}, {'J01': 130}, 
1490.0, {'J01': -130304.5}, {'J01': 36}, {'J01': 131}, 
1495.0, {'J01': -131614.5}, {'J01': 36}, {'J01': 131}, 
1500.0, {'J01': -132924.5}, {'J01': 36}, {'J01': 131}, 
1505.0, {'J01': -130406.0}, {'J01': 36}, {'J01': 124}, 
1510.0, {'J01': -128235.0}, {'J01': 35}, {'J01': 118}, 
1515.0, {'J01': -129425.0}, {'J01': 35}, {'J01': 122}, 
1520.0, {'J01': -130657.5}, {'J01': 35}, {'J01': 128}, 
1525.0, {'J01': -131955.5}, {'J01': 35}, {'J01': 132}, 
1530.0, {'J01': -133275.5}, {'J01': 35}, {'J01': 132}, 
1535.0, {'J01': -134598.5}, {'J01': 36}, {'J01': 133}, 
1540.0, {'J01': -135928.5}, {'J01': 36}, {'J01': 133}, 
1545.0, {'J01': -137262.5}, {'J01': 36}, {'J01': 134}, 
1550.0, {'J01': -138602.5}, {'J01': 36}, {'J01': 134}, 
1555.0, {'J01': -139942.5}, {'J01': 36}, {'J01': 134}, 
1560.0, {'J01': -141282.5}, {'J01': 36}, {'J01': 134}, 
1565.0, {'J01': -142622.5}, {'J01': 36}, {'J01': 134}, 
1570.0, {'J01': -138524.0}, {'J01': 34}, {'J01': 126}, 
1575.0, {'J01': -139537.0}, {'J01': 34}, {'J01': 124}, 
1580.0, {'J01': -140783.5}, {'J01': 34}, {'J01': 127}, 
1585.0, {'J01': -142055.0}, {'J01': 34}, {'J01': 129}, 
1590.0, {'J01': -140685.0}, {'J01': 32}, {'J01': 129}, 
1595.0, {'J01': -140606.0}, {'J01': 32}, {'J01': 129}, 
1600.0, {'J01': -141901.0}, {'J01': 33}, {'J01': 130}, 
1605.0, {'J01': -143201.0}, {'J01': 33}, {'J01': 130}, 
1610.0, {'J01': -144501.0}, {'J01': 33}, {'J01': 130}, 
1615.0, {'J01': -145804.0}, {'J01': 34}, {'J01': 131}, 
1620.0, {'J01': -147121.5}, {'J01': 36}, {'J01': 133}, 
1625.0, {'J01': -148454.0}, {'J01': 36}, {'J01': 134}, 
1630.0, {'J01': -149794.0}, {'J01': 36}, {'J01': 134}, 
1635.0, {'J01': -148816.5}, {'J01': 36}, {'J01': 128}, 
1640.0, {'J01': -149231.5}, {'J01': 36}, {'J01': 127}, 
1645.0, {'J01': -150516.0}, {'J01': 36}, {'J01': 132}, 
1650.0, {'J01': -151837.0}, {'J01': 36}, {'J01': 133}, 
1655.0, {'J01': -153179.0}, {'J01': 36}, {'J01': 136}, 
1660.0, {'J01': -154539.0}, {'J01': 36}, {'J01': 136}, 
1665.0, {'J01': -155899.0}, {'J01': 36}, {'J01': 136}, 
1670.0, {'J01': -157259.0}, {'J01': 36}, {'J01': 136}, 
1675.0, {'J01': -158619.0}, {'J01': 36}, {'J01': 136}, 
1680.0, {'J01': -159979.0}, {'J01': 36}, {'J01': 136}, 
1685.0, {'J01': -161343.0}, {'J01': 36}, {'J01': 137}, 
1690.0, {'J01': -162713.0}, {'J01': 36}, {'J01': 137}, 
1695.0, {'J01': -164083.0}, {'J01': 36}, {'J01': 137}, 
1700.0, {'J01': -160132.0}, {'J01': 36}, {'J01': 127}, 
1705.0, {'J01': -158314.0}, {'J01': 35}, {'J01': 124}, 
1710.0, {'J01': -159564.5}, {'J01': 35}, {'J01': 128}, 
1715.0, {'J01': -160855.0}, {'J01': 35}, {'J01': 134}, 
1720.0, {'J01': -162207.5}, {'J01': 35}, {'J01': 137}, 
1725.0, {'J01': -163577.5}, {'J01': 35}, {'J01': 137}, 
1730.0, {'J01': -164952.0}, {'J01': 36}, {'J01': 138}, 
1735.0, {'J01': -166332.0}, {'J01': 36}, {'J01': 138}, 
1740.0, {'J01': -167712.0}, {'J01': 36}, {'J01': 138}, 
1745.0, {'J01': -169092.0}, {'J01': 36}, {'J01': 138}, 
1750.0, {'J01': -170472.0}, {'J01': 36}, {'J01': 138}, 
1755.0, {'J01': -171852.0}, {'J01': 36}, {'J01': 138}, 
1760.0, {'J01': -173232.0}, {'J01': 36}, {'J01': 138}, 
1765.0, {'J01': -166908.0}, {'J01': 34}, {'J01': 128}, 
1770.0, {'J01': -166671.5}, {'J01': 34}, {'J01': 126}, 
1775.0, {'J01': -166411.0}, {'J01': 33}, {'J01': 129}, 
1780.0, {'J01': -167708.5}, {'J01': 33}, {'J01': 133}, 
1785.0, {'J01': -169050.5}, {'J01': 33}, {'J01': 136}, 
1790.0, {'J01': -170410.5}, {'J01': 33}, {'J01': 136}, 
1795.0, {'J01': -171775.5}, {'J01': 34}, {'J01': 137}, 
1800.0, {'J01': -173153.0}, {'J01': 36}, {'J01': 139}, 
1805.0, {'J01': -174543.0}, {'J01': 36}, {'J01': 139}, 
1810.0, {'J01': -175933.0}, {'J01': 36}, {'J01': 139}, 
1815.0, {'J01': -177323.0}, {'J01': 36}, {'J01': 139}, 
1820.0, {'J01': -178713.0}, {'J01': 36}, {'J01': 139}, 
1825.0, {'J01': -180103.0}, {'J01': 36}, {'J01': 139}, 
1830.0, {'J01': -173173.5}, {'J01': 34}, {'J01': 128}, 
1835.0, {'J01': -167890.5}, {'J01': 32}, {'J01': 122}, 
1840.0, {'J01': -169120.5}, {'J01': 32}, {'J01': 126}, 
1845.0, {'J01': -170386.0}, {'J01': 32}, {'J01': 130}, 
1850.0, {'J01': -171698.0}, {'J01': 32}, {'J01': 133}, 
1855.0, {'J01': -173028.0}, {'J01': 32}, {'J01': 133}, 
1860.0, {'J01': -174367.0}, {'J01': 34}, {'J01': 137}, 
1865.0, {'J01': -175744.5}, {'J01': 36}, {'J01': 139}, 
1870.0, {'J01': -177139.5}, {'J01': 36}, {'J01': 140}, 
1875.0, {'J01': -178539.5}, {'J01': 36}, {'J01': 140}, 
1880.0, {'J01': -179939.5}, {'J01': 36}, {'J01': 140}, 
1885.0, {'J01': -181339.5}, {'J01': 36}, {'J01': 140}, 
1890.0, {'J01': -182739.5}, {'J01': 36}, {'J01': 140}, 
1895.0, {'J01': -177172.0}, {'J01': 34}, {'J01': 131}, 
1900.0, {'J01': -173241.0}, {'J01': 32}, {'J01': 124}, 
1905.0, {'J01': -174491.0}, {'J01': 32}, {'J01': 128}, 
1910.0, {'J01': -175778.0}, {'J01': 32}, {'J01': 133}, 
1915.0, {'J01': -177119.0}, {'J01': 32}, {'J01': 136}, 
1920.0, {'J01': -178479.0}, {'J01': 32}, {'J01': 136}, 
1925.0, {'J01': -179850.0}, {'J01': 36}, {'J01': 140}, 
1930.0, {'J01': -181250.0}, {'J01': 36}, {'J01': 140}, 
1935.0, {'J01': -182650.0}, {'J01': 36}, {'J01': 140}, 
1940.0, {'J01': -184050.0}, {'J01': 36}, {'J01': 140}, 
1945.0, {'J01': -185450.0}, {'J01': 36}, {'J01': 140}, 
1950.0, {'J01': -186850.0}, {'J01': 36}, {'J01': 140}, 
1955.0, {'J01': -188250.0}, {'J01': 36}, {'J01': 140}, 
1960.0, {'J01': -187711.5}, {'J01': 36}, {'J01': 134}, 
1965.0, {'J01': -187926.5}, {'J01': 36}, {'J01': 132}, 
1970.0, {'J01': -189257.5}, {'J01': 36}, {'J01': 136}, 
1975.0, {'J01': -190618.5}, {'J01': 36}, {'J01': 137}, 
1980.0, {'J01': -192000.5}, {'J01': 36}, {'J01': 140}, 
1985.0, {'J01': -193400.5}, {'J01': 36}, {'J01': 140}, 
1990.0, {'J01': -194800.5}, {'J01': 36}, {'J01': 140}, 
1995.0, {'J01': -196200.5}, {'J01': 36}, {'J01': 140}, 
2000.0, {'J01': -197600.5}, {'J01': 36}, {'J01': 140}, 
2005.0, {'J01': -199000.5}, {'J01': 36}, {'J01': 140}, 
2010.0, {'J01': -200400.5}, {'J01': 36}, {'J01': 140}, 
2015.0, {'J01': -201800.5}, {'J01': 36}, {'J01': 140}, 
2020.0, {'J01': -203200.5}, {'J01': 36}, {'J01': 140}, 
2025.0, {'J01': -197617.5}, {'J01': 34}, {'J01': 131}, 
2030.0, {'J01': -193530.0}, {'J01': 32}, {'J01': 124}, 
2035.0, {'J01': -194779.0}, {'J01': 32}, {'J01': 128}, 
2040.0, {'J01': -196066.0}, {'J01': 32}, {'J01': 133}, 
2045.0, {'J01': -197409.5}, {'J01': 32}, {'J01': 136}, 
2050.0, {'J01': -198770.5}, {'J01': 33}, {'J01': 137}, 
2055.0, {'J01': -200141.5}, {'J01': 34}, {'J01': 138}, 
2060.0, {'J01': -201530.0}, {'J01': 36}, {'J01': 140}, 
2065.0, {'J01': -202930.0}, {'J01': 36}, {'J01': 140}, 
2070.0, {'J01': -204330.0}, {'J01': 36}, {'J01': 140}, 
2075.0, {'J01': -205730.0}, {'J01': 36}, {'J01': 140}, 
2080.0, {'J01': -207130.0}, {'J01': 36}, {'J01': 140}, 
2085.0, {'J01': -208530.0}, {'J01': 36}, {'J01': 140}, 
2090.0, {'J01': -208218.0}, {'J01': 36}, {'J01': 136}, 
2095.0, {'J01': -208330.0}, {'J01': 36}, {'J01': 133}, 
2100.0, {'J01': -209667.5}, {'J01': 36}, {'J01': 136}, 
2105.0, {'J01': -211033.0}, {'J01': 36}, {'J01': 138}, 
2110.0, {'J01': -212425.0}, {'J01': 36}, {'J01': 141}, 
2115.0, {'J01': -213835.0}, {'J01': 36}, {'J01': 141}, 
2120.0, {'J01': -215245.0}, {'J01': 36}, {'J01': 141}, 
2125.0, {'J01': -216655.0}, {'J01': 36}, {'J01': 141}, 
2130.0, {'J01': -218065.0}, {'J01': 36}, {'J01': 141}, 
2135.0, {'J01': -219475.0}, {'J01': 36}, {'J01': 141}, 
2140.0, {'J01': -220885.0}, {'J01': 36}, {'J01': 141}, 
2145.0, {'J01': -222295.0}, {'J01': 36}, {'J01': 141}, 
2150.0, {'J01': -223705.0}, {'J01': 36}, {'J01': 141}, 
2155.0, {'J01': -217257.5}, {'J01': 34}, {'J01': 131}, 
2160.0, {'J01': -213012.5}, {'J01': 32}, {'J01': 125}, 
2165.0, {'J01': -214269.0}, {'J01': 32}, {'J01': 128}, 
2170.0, {'J01': -215556.5}, {'J01': 32}, {'J01': 133}, 
2175.0, {'J01': -216898.5}, {'J01': 32}, {'J01': 136}, 
2180.0, {'J01': -218258.5}, {'J01': 32}, {'J01': 136}, 
2185.0, {'J01': -219628.5}, {'J01': 36}, {'J01': 140}, 
2190.0, {'J01': -221028.5}, {'J01': 36}, {'J01': 140}, 
2195.0, {'J01': -222428.5}, {'J01': 36}, {'J01': 140}, 
2200.0, {'J01': -223828.5}, {'J01': 36}, {'J01': 140}, 
2205.0, {'J01': -225228.5}, {'J01': 36}, {'J01': 140}, 
2210.0, {'J01': -226628.5}, {'J01': 36}, {'J01': 140}, 
2215.0, {'J01': -228028.5}, {'J01': 36}, {'J01': 140}, 
2220.0, {'J01': -224067.5}, {'J01': 34}, {'J01': 134}, 
2225.0, {'J01': -223916.5}, {'J01': 34}, {'J01': 130}, 
2230.0, {'J01': -223834.0}, {'J01': 33}, {'J01': 133}, 
2235.0, {'J01': -223252.0}, {'J01': 32}, {'J01': 133}, 
2240.0, {'J01': -224594.0}, {'J01': 32}, {'J01': 136}, 
2245.0, {'J01': -225954.0}, {'J01': 32}, {'J01': 136}, 
2250.0, {'J01': -227314.0}, {'J01': 32}, {'J01': 136}, 
2255.0, {'J01': -228675.5}, {'J01': 34}, {'J01': 138}, 
2260.0, {'J01': -230064.0}, {'J01': 36}, {'J01': 140}, 
2265.0, {'J01': -231464.0}, {'J01': 36}, {'J01': 140}, 
2270.0, {'J01': -232864.0}, {'J01': 36}, {'J01': 140}, 
2275.0, {'J01': -234264.0}, {'J01': 36}, {'J01': 140}, 
2280.0, {'J01': -235664.0}, {'J01': 36}, {'J01': 140}, 
2285.0, {'J01': -235238.5}, {'J01': 36}, {'J01': 135}, 
2290.0, {'J01': -235341.0}, {'J01': 36}, {'J01': 132}, 
2295.0, {'J01': -236671.0}, {'J01': 36}, {'J01': 136}, 
2300.0, {'J01': -238032.0}, {'J01': 36}, {'J01': 137}, 
2305.0, {'J01': -239415.0}, {'J01': 36}, {'J01': 140}, 
2310.0, {'J01': -240815.0}, {'J01': 36}, {'J01': 140}, 
2315.0, {'J01': -242215.0}, {'J01': 36}, {'J01': 140}, 
2320.0, {'J01': -243615.0}, {'J01': 36}, {'J01': 140}, 
2325.0, {'J01': -245015.0}, {'J01': 36}, {'J01': 140}, 
2330.0, {'J01': -246415.0}, {'J01': 36}, {'J01': 140}, 
2335.0, {'J01': -247815.0}, {'J01': 36}, {'J01': 140}, 
2340.0, {'J01': -249215.0}, {'J01': 36}, {'J01': 140}, 
2345.0, {'J01': -250615.0}, {'J01': 36}, {'J01': 140}, 
2350.0, {'J01': -246154.0}, {'J01': 35}, {'J01': 132}, 
2355.0, {'J01': -239401.5}, {'J01': 32}, {'J01': 124}, 
2360.0, {'J01': -240651.5}, {'J01': 32}, {'J01': 128}, 
2365.0, {'J01': -241939.5}, {'J01': 32}, {'J01': 133}, 
2370.0, {'J01': -243285.0}, {'J01': 32}, {'J01': 137}, 
2375.0, {'J01': -244655.0}, {'J01': 32}, {'J01': 137}, 
2380.0, {'J01': -246033.5}, {'J01': 36}, {'J01': 141}, 
2385.0, {'J01': -247443.5}, {'J01': 36}, {'J01': 141}, 
2390.0, {'J01': -248853.5}, {'J01': 36}, {'J01': 141}, 
2395.0, {'J01': -250263.5}, {'J01': 36}, {'J01': 141}, 
2400.0, {'J01': -251673.5}, {'J01': 36}, {'J01': 141}, 
2405.0, {'J01': -253083.5}, {'J01': 36}, {'J01': 141}, 
2410.0, {'J01': -254493.5}, {'J01': 36}, {'J01': 141}, 
2415.0, {'J01': -254192.5}, {'J01': 36}, {'J01': 137}, 
2420.0, {'J01': -254691.5}, {'J01': 36}, {'J01': 134}, 
2425.0, {'J01': -256040.5}, {'J01': 36}, {'J01': 138}, 
2430.0, {'J01': -257429.5}, {'J01': 36}, {'J01': 140}, 
2435.0, {'J01': -258837.5}, {'J01': 36}, {'J01': 142}, 
2440.0, {'J01': -260257.5}, {'J01': 36}, {'J01': 142}, 
2445.0, {'J01': -261677.5}, {'J01': 36}, {'J01': 142}, 
2450.0, {'J01': -263097.5}, {'J01': 36}, {'J01': 142}, 
2455.0, {'J01': -264517.5}, {'J01': 36}, {'J01': 142}, 
2460.0, {'J01': -265937.5}, {'J01': 36}, {'J01': 142}, 
2465.0, {'J01': -267357.5}, {'J01': 36}, {'J01': 142}, 
2470.0, {'J01': -268777.5}, {'J01': 36}, {'J01': 142}, 
2475.0, {'J01': -270197.5}, {'J01': 36}, {'J01': 142}, 
2480.0, {'J01': -259731.5}, {'J01': 33}, {'J01': 130}, 
2485.0, {'J01': -258018.0}, {'J01': 32}, {'J01': 126}, 
2490.0, {'J01': -259281.0}, {'J01': 32}, {'J01': 128}, 
2495.0, {'J01': -260574.0}, {'J01': 32}, {'J01': 134}, 
2500.0, {'J01': -261926.5}, {'J01': 32}, {'J01': 137}, 
2505.0, {'J01': -263296.5}, {'J01': 32}, {'J01': 137}, 
2510.0, {'J01': -264678.5}, {'J01': 36}, {'J01': 141}, 
2515.0, {'J01': -266088.5}, {'J01': 36}, {'J01': 141}, 
2520.0, {'J01': -267498.5}, {'J01': 36}, {'J01': 141}, 
2525.0, {'J01': -268908.5}, {'J01': 36}, {'J01': 141}, 
2530.0, {'J01': -270318.5}, {'J01': 36}, {'J01': 141}, 
2535.0, {'J01': -271728.5}, {'J01': 36}, {'J01': 141}, 
2540.0, {'J01': -273138.5}, {'J01': 36}, {'J01': 141}, 
2545.0, {'J01': -273072.0}, {'J01': 36}, {'J01': 138}, 
2550.0, {'J01': -272937.0}, {'J01': 35}, {'J01': 137}, 
2555.0, {'J01': -274308.0}, {'J01': 35}, {'J01': 138}, 
2560.0, {'J01': -275693.0}, {'J01': 35}, {'J01': 140}, 
2565.0, {'J01': -277093.0}, {'J01': 35}, {'J01': 140}, 
2570.0, {'J01': -278493.0}, {'J01': 35}, {'J01': 140}, 
2575.0, {'J01': -279897.5}, {'J01': 36}, {'J01': 141}, 
2580.0, {'J01': -281307.5}, {'J01': 36}, {'J01': 141}, 
2585.0, {'J01': -282717.5}, {'J01': 36}, {'J01': 141}, 
2590.0, {'J01': -284127.5}, {'J01': 36}, {'J01': 141}, 
2595.0, {'J01': -285537.5}, {'J01': 36}, {'J01': 141}, 
2600.0, {'J01': -286947.5}, {'J01': 36}, {'J01': 141}, 
2605.0, {'J01': -288357.5}, {'J01': 36}, {'J01': 141}, 
2610.0, {'J01': -281625.0}, {'J01': 33}, {'J01': 134}, 
2615.0, {'J01': -277568.5}, {'J01': 32}, {'J01': 128}, 
2620.0, {'J01': -278855.5}, {'J01': 32}, {'J01': 131}, 
2625.0, {'J01': -280166.5}, {'J01': 32}, {'J01': 132}, 
2630.0, {'J01': -281499.5}, {'J01': 32}, {'J01': 135}, 
2635.0, {'J01': -282849.5}, {'J01': 32}, {'J01': 135}, 
2640.0, {'J01': -284213.5}, {'J01': 36}, {'J01': 140}, 
2645.0, {'J01': -285613.5}, {'J01': 36}, {'J01': 140}, 
2650.0, {'J01': -287013.5}, {'J01': 36}, {'J01': 140}, 
2655.0, {'J01': -288413.5}, {'J01': 36}, {'J01': 140}, 
2660.0, {'J01': -289813.5}, {'J01': 36}, {'J01': 140}, 
2665.0, {'J01': -291213.5}, {'J01': 36}, {'J01': 140}, 
2670.0, {'J01': -292613.5}, {'J01': 36}, {'J01': 140}, 
2675.0, {'J01': -287795.5}, {'J01': 34}, {'J01': 133}, 
2680.0, {'J01': -288120.0}, {'J01': 34}, {'J01': 130}, 
2685.0, {'J01': -289429.5}, {'J01': 34}, {'J01': 134}, 
2690.0, {'J01': -290770.5}, {'J01': 34}, {'J01': 135}, 
2695.0, {'J01': -292133.0}, {'J01': 34}, {'J01': 138}, 
2700.0, {'J01': -293515.5}, {'J01': 36}, {'J01': 140}, 
2705.0, {'J01': -294915.5}, {'J01': 36}, {'J01': 140}, 
2710.0, {'J01': -296315.5}, {'J01': 36}, {'J01': 140}, 
2715.0, {'J01': -297715.5}, {'J01': 36}, {'J01': 140}, 
2720.0, {'J01': -299115.5}, {'J01': 36}, {'J01': 140}, 
2725.0, {'J01': -300515.5}, {'J01': 36}, {'J01': 140}, 
2730.0, {'J01': -301915.5}, {'J01': 36}, {'J01': 140}, 
2735.0, {'J01': -303315.5}, {'J01': 36}, {'J01': 140}, 
2740.0, {'J01': -297473.0}, {'J01': 33}, {'J01': 133}, 
2745.0, {'J01': -296159.5}, {'J01': 32}, {'J01': 129}, 
2750.0, {'J01': -297459.0}, {'J01': 32}, {'J01': 133}, 
2755.0, {'J01': -298790.0}, {'J01': 32}, {'J01': 134}, 
2760.0, {'J01': -300135.5}, {'J01': 32}, {'J01': 136}, 
2765.0, {'J01': -301495.5}, {'J01': 32}, {'J01': 136}, 
2770.0, {'J01': -302870.0}, {'J01': 36}, {'J01': 140}, 
2775.0, {'J01': -304270.0}, {'J01': 36}, {'J01': 140}, 
2780.0, {'J01': -305670.0}, {'J01': 36}, {'J01': 140}, 
2785.0, {'J01': -307070.0}, {'J01': 36}, {'J01': 140}, 
2790.0, {'J01': -308470.0}, {'J01': 36}, {'J01': 140}, 
2795.0, {'J01': -309870.0}, {'J01': 36}, {'J01': 140}, 
2800.0, {'J01': -311270.0}, {'J01': 36}, {'J01': 140}, 
2805.0, {'J01': -309949.0}, {'J01': 36}, {'J01': 135}, 
2810.0, {'J01': -310428.0}, {'J01': 36}, {'J01': 132}, 
2815.0, {'J01': -311757.5}, {'J01': 36}, {'J01': 136}, 
2820.0, {'J01': -313123.0}, {'J01': 36}, {'J01': 138}, 
2825.0, {'J01': -314514.5}, {'J01': 36}, {'J01': 141}, 
2830.0, {'J01': -315924.5}, {'J01': 36}, {'J01': 141}, 
2835.0, {'J01': -317334.5}, {'J01': 36}, {'J01': 141}, 
2840.0, {'J01': -318744.5}, {'J01': 36}, {'J01': 141}, 
2845.0, {'J01': -320154.5}, {'J01': 36}, {'J01': 141}, 
2850.0, {'J01': -321564.5}, {'J01': 36}, {'J01': 141}, 
2855.0, {'J01': -322974.5}, {'J01': 36}, {'J01': 141}, 
2860.0, {'J01': -324384.5}, {'J01': 36}, {'J01': 141}, 
2865.0, {'J01': -325794.5}, {'J01': 36}, {'J01': 141}, 
2870.0, {'J01': -324610.5}, {'J01': 36}, {'J01': 136}, 
2875.0, {'J01': -325091.5}, {'J01': 36}, {'J01': 133}, 
2880.0, {'J01': -326428.0}, {'J01': 36}, {'J01': 136}, 
2885.0, {'J01': -327789.0}, {'J01': 36}, {'J01': 137}, 
2890.0, {'J01': -329172.0}, {'J01': 36}, {'J01': 140}, 
2895.0, {'J01': -330572.0}, {'J01': 36}, {'J01': 140}, 
2900.0, {'J01': -331972.0}, {'J01': 36}, {'J01': 140}, 
2905.0, {'J01': -333372.0}, {'J01': 36}, {'J01': 140}, 
2910.0, {'J01': -334772.0}, {'J01': 36}, {'J01': 140}, 
2915.0, {'J01': -336172.0}, {'J01': 36}, {'J01': 140}, 
2920.0, {'J01': -337572.0}, {'J01': 36}, {'J01': 140}, 
2925.0, {'J01': -338972.0}, {'J01': 36}, {'J01': 140}, 
2930.0, {'J01': -340372.0}, {'J01': 36}, {'J01': 140}, 
2935.0, {'J01': -329807.0}, {'J01': 33}, {'J01': 129}, 
2940.0, {'J01': -326654.5}, {'J01': 32}, {'J01': 125}, 
2945.0, {'J01': -327914.5}, {'J01': 32}, {'J01': 129}, 
2950.0, {'J01': -329212.5}, {'J01': 32}, {'J01': 133}, 
2955.0, {'J01': -330552.5}, {'J01': 32}, {'J01': 136}, 
2960.0, {'J01': -331912.5}, {'J01': 32}, {'J01': 136}, 
2965.0, {'J01': -333284.0}, {'J01': 36}, {'J01': 140}, 
2970.0, {'J01': -334684.0}, {'J01': 36}, {'J01': 140}, 
2975.0, {'J01': -336084.0}, {'J01': 36}, {'J01': 140}, 
2980.0, {'J01': -337484.0}, {'J01': 36}, {'J01': 140}, 
2985.0, {'J01': -338884.0}, {'J01': 36}, {'J01': 140}, 
2990.0, {'J01': -340284.0}, {'J01': 36}, {'J01': 140}, 
2995.0, {'J01': -341684.0}, {'J01': 36}, {'J01': 140}, 
3000.0, {'J01': -340750.5}, {'J01': 36}, {'J01': 135}, 
3005.0, {'J01': -341230.5}, {'J01': 36}, {'J01': 132}, 
3010.0, {'J01': -342560.0}, {'J01': 36}, {'J01': 136}, 
3015.0, {'J01': -343921.0}, {'J01': 36}, {'J01': 137}, 
3020.0, {'J01': -345303.0}, {'J01': 36}, {'J01': 140}, 
3025.0, {'J01': -346703.0}, {'J01': 36}, {'J01': 140}, 
3030.0, {'J01': -348103.0}, {'J01': 36}, {'J01': 140}, 
3035.0, {'J01': -349503.0}, {'J01': 36}, {'J01': 140}, 
3040.0, {'J01': -350903.0}, {'J01': 36}, {'J01': 140}, 
3045.0, {'J01': -352303.0}, {'J01': 36}, {'J01': 140}, 
3050.0, {'J01': -353703.0}, {'J01': 36}, {'J01': 140}, 
3055.0, {'J01': -355103.0}, {'J01': 36}, {'J01': 140}, 
3060.0, {'J01': -356503.0}, {'J01': 36}, {'J01': 140}, 
3065.0, {'J01': -352111.0}, {'J01': 36}, {'J01': 133}, 
3070.0, {'J01': -346844.5}, {'J01': 34}, {'J01': 127}, 
3075.0, {'J01': -348124.5}, {'J01': 34}, {'J01': 131}, 
3080.0, {'J01': -349441.0}, {'J01': 34}, {'J01': 135}, 
3085.0, {'J01': -350804.0}, {'J01': 34}, {'J01': 138}, 
3090.0, {'J01': -352184.0}, {'J01': 34}, {'J01': 138}, 
3095.0, {'J01': -353571.0}, {'J01': 36}, {'J01': 140}, 
3100.0, {'J01': -354971.5}, {'J01': 36}, {'J01': 141}, 
3105.0, {'J01': -356381.5}, {'J01': 36}, {'J01': 141}, 
3110.0, {'J01': -357791.5}, {'J01': 36}, {'J01': 141}, 
3115.0, {'J01': -359201.5}, {'J01': 36}, {'J01': 141}, 
3120.0, {'J01': -360611.5}, {'J01': 36}, {'J01': 141}, 
3125.0, {'J01': -362021.5}, {'J01': 36}, {'J01': 141}, 
3130.0, {'J01': -353472.5}, {'J01': 34}, {'J01': 132}, 
3135.0, {'J01': -346931.5}, {'J01': 32}, {'J01': 125}, 
3140.0, {'J01': -344509.5}, {'J01': 32}, {'J01': 127}, 
3145.0, {'J01': -345792.0}, {'J01': 32}, {'J01': 132}, 
3150.0, {'J01': -347124.5}, {'J01': 32}, {'J01': 135}, 
3155.0, {'J01': -348474.5}, {'J01': 32}, {'J01': 135}, 
3160.0, {'J01': -349830.0}, {'J01': 32}, {'J01': 138}, 
3165.0, {'J01': -351221.0}, {'J01': 36}, {'J01': 142}, 
3170.0, {'J01': -352641.0}, {'J01': 36}, {'J01': 142}, 
3175.0, {'J01': -354061.0}, {'J01': 36}, {'J01': 142}, 
3180.0, {'J01': -355481.0}, {'J01': 36}, {'J01': 142}, 
3185.0, {'J01': -356901.0}, {'J01': 36}, {'J01': 142}, 
3190.0, {'J01': -358321.0}, {'J01': 36}, {'J01': 142}, 
3195.0, {'J01': -357415.0}, {'J01': 36}, {'J01': 137}, 
3200.0, {'J01': -358037.0}, {'J01': 36}, {'J01': 134}, 
3205.0, {'J01': -359384.5}, {'J01': 36}, {'J01': 138}, 
3210.0, {'J01': -360765.5}, {'J01': 36}, {'J01': 139}, 
3215.0, {'J01': -362168.5}, {'J01': 36}, {'J01': 142}, 
3220.0, {'J01': -363588.5}, {'J01': 36}, {'J01': 142}, 
3225.0, {'J01': -365008.5}, {'J01': 36}, {'J01': 142}, 
3230.0, {'J01': -366428.5}, {'J01': 36}, {'J01': 142}, 
3235.0, {'J01': -367848.5}, {'J01': 36}, {'J01': 142}, 
3240.0, {'J01': -369268.5}, {'J01': 36}, {'J01': 142}, 
3245.0, {'J01': -370688.5}, {'J01': 36}, {'J01': 142}, 
3250.0, {'J01': -372108.5}, {'J01': 36}, {'J01': 142}, 
3255.0, {'J01': -373528.5}, {'J01': 36}, {'J01': 142}, 
3260.0, {'J01': -371445.0}, {'J01': 36}, {'J01': 137}, 
3265.0, {'J01': -371323.5}, {'J01': 36}, {'J01': 133}, 
3270.0, {'J01': -372660.0}, {'J01': 36}, {'J01': 136}, 
3275.0, {'J01': -374023.0}, {'J01': 36}, {'J01': 138}, 
3280.0, {'J01': -375411.5}, {'J01': 36}, {'J01': 140}, 
3285.0, {'J01': -376811.5}, {'J01': 36}, {'J01': 140}, 
3290.0, {'J01': -378211.5}, {'J01': 36}, {'J01': 140}, 
3295.0, {'J01': -379611.5}, {'J01': 36}, {'J01': 140}, 
3300.0, {'J01': -381011.5}, {'J01': 36}, {'J01': 140}, 
3305.0, {'J01': -382411.5}, {'J01': 36}, {'J01': 140}, 
3310.0, {'J01': -383811.5}, {'J01': 36}, {'J01': 140}, 
3315.0, {'J01': -385211.5}, {'J01': 36}, {'J01': 140}, 
3320.0, {'J01': -386611.5}, {'J01': 36}, {'J01': 140}, 
3325.0, {'J01': -376586.0}, {'J01': 34}, {'J01': 129}, 
3330.0, {'J01': -371783.0}, {'J01': 32}, {'J01': 124}, 
3335.0, {'J01': -373033.5}, {'J01': 32}, {'J01': 128}, 
3340.0, {'J01': -374325.0}, {'J01': 32}, {'J01': 134}, 
3345.0, {'J01': -375677.0}, {'J01': 32}, {'J01': 137}, 
3350.0, {'J01': -377047.0}, {'J01': 32}, {'J01': 137}, 
3355.0, {'J01': -378427.5}, {'J01': 36}, {'J01': 141}, 
3360.0, {'J01': -379837.5}, {'J01': 36}, {'J01': 141}, 
3365.0, {'J01': -381247.5}, {'J01': 36}, {'J01': 141}, 
3370.0, {'J01': -382657.5}, {'J01': 36}, {'J01': 141}, 
3375.0, {'J01': -384067.5}, {'J01': 36}, {'J01': 141}, 
3380.0, {'J01': -385477.5}, {'J01': 36}, {'J01': 141}, 
3385.0, {'J01': -386887.5}, {'J01': 36}, {'J01': 141}, 
3390.0, {'J01': -376609.5}, {'J01': 33}, {'J01': 130}, 
3395.0, {'J01': -374495.5}, {'J01': 32}, {'J01': 125}, 
3400.0, {'J01': -373971.5}, {'J01': 32}, {'J01': 128}, 
3405.0, {'J01': -375259.5}, {'J01': 32}, {'J01': 134}, 
3410.0, {'J01': -376608.0}, {'J01': 32}, {'J01': 136}, 
3415.0, {'J01': -377968.0}, {'J01': 32}, {'J01': 136}, 
3420.0, {'J01': -379335.0}, {'J01': 33}, {'J01': 138}, 
3425.0, {'J01': -380724.5}, {'J01': 36}, {'J01': 141}, 
3430.0, {'J01': -382134.5}, {'J01': 36}, {'J01': 141}, 
3435.0, {'J01': -383544.5}, {'J01': 36}, {'J01': 141}, 
3440.0, {'J01': -384954.5}, {'J01': 36}, {'J01': 141}, 
3445.0, {'J01': -386364.5}, {'J01': 36}, {'J01': 141}, 
3450.0, {'J01': -387774.5}, {'J01': 36}, {'J01': 141}, 
3455.0, {'J01': -385356.0}, {'J01': 36}, {'J01': 134}, 
3460.0, {'J01': -382778.0}, {'J01': 35}, {'J01': 128}, 
3465.0, {'J01': -384067.5}, {'J01': 35}, {'J01': 132}, 
3470.0, {'J01': -385398.5}, {'J01': 35}, {'J01': 137}, 
3475.0, {'J01': -386786.5}, {'J01': 35}, {'J01': 141}, 
3480.0, {'J01': -388196.5}, {'J01': 35}, {'J01': 141}, 
3485.0, {'J01': -389609.0}, {'J01': 36}, {'J01': 142}, 
3490.0, {'J01': -391029.0}, {'J01': 36}, {'J01': 142}, 
3495.0, {'J01': -392449.0}, {'J01': 36}, {'J01': 142}, 
3500.0, {'J01': -393869.0}, {'J01': 36}, {'J01': 142}, 
3505.0, {'J01': -395289.0}, {'J01': 36}, {'J01': 142}, 
3510.0, {'J01': -396709.0}, {'J01': 36}, {'J01': 142}, 
3515.0, {'J01': -398129.0}, {'J01': 36}, {'J01': 142}, 
3520.0, {'J01': -397836.0}, {'J01': 36}, {'J01': 138}, 
3525.0, {'J01': -399216.0}, {'J01': 36}, {'J01': 138}, 
3530.0, {'J01': -400600.5}, {'J01': 36}, {'J01': 139}, 
3535.0, {'J01': -401995.0}, {'J01': 36}, {'J01': 141}, 
3540.0, {'J01': -403405.0}, {'J01': 36}, {'J01': 141}, 
3545.0, {'J01': -404815.0}, {'J01': 36}, {'J01': 141}, 
3550.0, {'J01': -406225.0}, {'J01': 36}, {'J01': 141}, 
3555.0, {'J01': -407635.0}, {'J01': 36}, {'J01': 141}, 
3560.0, {'J01': -409045.0}, {'J01': 36}, {'J01': 141}, 
3565.0, {'J01': -410455.0}, {'J01': 36}, {'J01': 141}, 
3570.0, {'J01': -411865.0}, {'J01': 36}, {'J01': 141}, 
3575.0, {'J01': -413275.0}, {'J01': 36}, {'J01': 141}, 
3580.0, {'J01': -414685.0}, {'J01': 36}, {'J01': 141}, 
3585.0, {'J01': -413750.5}, {'J01': 36}, {'J01': 136}, 
3590.0, {'J01': -414234.0}, {'J01': 36}, {'J01': 134}, 
3595.0, {'J01': -415582.0}, {'J01': 36}, {'J01': 137}, 
3600.0, {'J01': -416953.0}, {'J01': 36}, {'J01': 138}, 
3605.0, {'J01': -418344.0}, {'J01': 36}, {'J01': 141}, 
3610.0, {'J01': -419754.0}, {'J01': 36}, {'J01': 141}, 
3615.0, {'J01': -421164.0}, {'J01': 36}, {'J01': 141}, 
3620.0, {'J01': -422574.0}, {'J01': 36}, {'J01': 141}, 
3625.0, {'J01': -423984.0}, {'J01': 36}, {'J01': 141}, 
3630.0, {'J01': -425394.0}, {'J01': 36}, {'J01': 141}, 
3635.0, {'J01': -426804.0}, {'J01': 36}, {'J01': 141}, 
3640.0, {'J01': -428214.0}, {'J01': 36}, {'J01': 141}, 
3645.0, {'J01': -429624.0}, {'J01': 36}, {'J01': 141}, 
3650.0, {'J01': -420450.0}, {'J01': 32}, {'J01': 133}, 
3655.0, {'J01': -420152.5}, {'J01': 32}, {'J01': 129}, 
3660.0, {'J01': -421453.0}, {'J01': 32}, {'J01': 133}, 
3665.0, {'J01': -422784.0}, {'J01': 32}, {'J01': 134}, 
3670.0, {'J01': -424137.5}, {'J01': 32}, {'J01': 137}, 
3675.0, {'J01': -425507.5}, {'J01': 32}, {'J01': 137}, 
3680.0, {'J01': -426892.0}, {'J01': 36}, {'J01': 141}, 
3685.0, {'J01': -428302.0}, {'J01': 36}, {'J01': 141}, 
3690.0, {'J01': -429712.0}, {'J01': 36}, {'J01': 141}, 
3695.0, {'J01': -431122.0}, {'J01': 36}, {'J01': 141}, 
3700.0, {'J01': -432532.0}, {'J01': 36}, {'J01': 141}, 
3705.0, {'J01': -433942.0}, {'J01': 36}, {'J01': 141}, 
3710.0, {'J01': -435352.0}, {'J01': 36}, {'J01': 141}, 
3715.0, {'J01': -434913.5}, {'J01': 36}, {'J01': 137}, 
3720.0, {'J01': -434781.0}, {'J01': 36}, {'J01': 133}, 
3725.0, {'J01': -436120.5}, {'J01': 36}, {'J01': 137}, 
3730.0, {'J01': -437491.5}, {'J01': 36}, {'J01': 138}, 
3735.0, {'J01': -438884.0}, {'J01': 36}, {'J01': 141}, 
3740.0, {'J01': -440294.0}, {'J01': 36}, {'J01': 141}, 
3745.0, {'J01': -441704.0}, {'J01': 36}, {'J01': 141}, 
3750.0, {'J01': -443114.0}, {'J01': 36}, {'J01': 141}, 
3755.0, {'J01': -444524.0}, {'J01': 36}, {'J01': 141}, 
3760.0, {'J01': -445934.0}, {'J01': 36}, {'J01': 141}, 
3765.0, {'J01': -447344.0}, {'J01': 36}, {'J01': 141}, 
3770.0, {'J01': -448754.0}, {'J01': 36}, {'J01': 141}, 
3775.0, {'J01': -450164.0}, {'J01': 36}, {'J01': 141}, 
3780.0, {'J01': -444544.5}, {'J01': 35}, {'J01': 133}, 
3785.0, {'J01': -443218.0}, {'J01': 35}, {'J01': 128}, 
3790.0, {'J01': -444508.0}, {'J01': 35}, {'J01': 132}, 
3795.0, {'J01': -445838.5}, {'J01': 35}, {'J01': 138}, 
3800.0, {'J01': -447234.5}, {'J01': 35}, {'J01': 142}, 
3805.0, {'J01': -448654.5}, {'J01': 35}, {'J01': 142}, 
3810.0, {'J01': -450079.0}, {'J01': 36}, {'J01': 143}, 
3815.0, {'J01': -451509.0}, {'J01': 36}, {'J01': 143}, 
3820.0, {'J01': -452939.0}, {'J01': 36}, {'J01': 143}, 
3825.0, {'J01': -454369.0}, {'J01': 36}, {'J01': 143}, 
3830.0, {'J01': -455799.0}, {'J01': 36}, {'J01': 143}, 
3835.0, {'J01': -457229.0}, {'J01': 36}, {'J01': 143}, 
3840.0, {'J01': -458659.0}, {'J01': 36}, {'J01': 143}, 
3845.0, {'J01': -453424.0}, {'J01': 34}, {'J01': 136}, 
3850.0, {'J01': -451107.0}, {'J01': 33}, {'J01': 132}, 
3855.0, {'J01': -452433.0}, {'J01': 33}, {'J01': 135}, 
3860.0, {'J01': -451600.5}, {'J01': 32}, {'J01': 135}, 
3865.0, {'J01': -450771.0}, {'J01': 32}, {'J01': 137}, 
3870.0, {'J01': -452144.5}, {'J01': 32}, {'J01': 138}, 
3875.0, {'J01': -453532.0}, {'J01': 34}, {'J01': 140}, 
3880.0, {'J01': -454932.0}, {'J01': 34}, {'J01': 140}, 
3885.0, {'J01': -456332.0}, {'J01': 34}, {'J01': 140}, 
3890.0, {'J01': -457735.5}, {'J01': 36}, {'J01': 142}, 
3895.0, {'J01': -459155.5}, {'J01': 36}, {'J01': 142}, 
3900.0, {'J01': -460575.5}, {'J01': 36}, {'J01': 142}, 
3905.0, {'J01': -461995.5}, {'J01': 36}, {'J01': 142}, 
3910.0, {'J01': -454493.5}, {'J01': 34}, {'J01': 133}, 
3915.0, {'J01': -452030.0}, {'J01': 33}, {'J01': 128}, 
3920.0, {'J01': -451015.5}, {'J01': 32}, {'J01': 131}, 
3925.0, {'J01': -452333.5}, {'J01': 32}, {'J01': 135}, 
3930.0, {'J01': -453696.5}, {'J01': 32}, {'J01': 138}, 
3935.0, {'J01': -455076.5}, {'J01': 32}, {'J01': 138}, 
3940.0, {'J01': -456463.5}, {'J01': 34}, {'J01': 140}, 
3945.0, {'J01': -457876.5}, {'J01': 36}, {'J01': 143}, 
3950.0, {'J01': -459306.5}, {'J01': 36}, {'J01': 143}, 
3955.0, {'J01': -460736.5}, {'J01': 36}, {'J01': 143}, 
3960.0, {'J01': -462166.5}, {'J01': 36}, {'J01': 143}, 
3965.0, {'J01': -463596.5}, {'J01': 36}, {'J01': 143}, 
3970.0, {'J01': -465026.5}, {'J01': 36}, {'J01': 143}, 
3975.0, {'J01': -456052.5}, {'J01': 34}, {'J01': 131}, 
3980.0, {'J01': -450770.0}, {'J01': 32}, {'J01': 126}, 
3985.0, {'J01': -449127.5}, {'J01': 32}, {'J01': 128}, 
3990.0, {'J01': -450412.5}, {'J01': 32}, {'J01': 132}, 
3995.0, {'J01': -451749.0}, {'J01': 32}, {'J01': 136}, 
4000.0, {'J01': -453109.0}, {'J01': 32}, {'J01': 136}, 
4005.0, {'J01': -454476.0}, {'J01': 32}, {'J01': 138}, 
4010.0, {'J01': -455864.0}, {'J01': 34}, {'J01': 141}, 
4015.0, {'J01': -457282.5}, {'J01': 36}, {'J01': 143}, 
4020.0, {'J01': -458712.5}, {'J01': 36}, {'J01': 143}, 
4025.0, {'J01': -460142.5}, {'J01': 36}, {'J01': 143}, 
4030.0, {'J01': -461572.5}, {'J01': 36}, {'J01': 143}, 
4035.0, {'J01': -463002.5}, {'J01': 36}, {'J01': 143}, 
4040.0, {'J01': -458094.5}, {'J01': 34}, {'J01': 135}, 
4045.0, {'J01': -459197.5}, {'J01': 34}, {'J01': 133}, 
4050.0, {'J01': -460537.5}, {'J01': 34}, {'J01': 137}, 
4055.0, {'J01': -461913.5}, {'J01': 34}, {'J01': 139}, 
4060.0, {'J01': -463316.0}, {'J01': 34}, {'J01': 142}, 
4065.0, {'J01': -464737.5}, {'J01': 36}, {'J01': 144}, 
4070.0, {'J01': -466177.5}, {'J01': 36}, {'J01': 144}, 
4075.0, {'J01': -467617.5}, {'J01': 36}, {'J01': 144}, 
4080.0, {'J01': -469057.5}, {'J01': 36}, {'J01': 144}, 
4085.0, {'J01': -470497.5}, {'J01': 36}, {'J01': 144}, 
4090.0, {'J01': -471937.5}, {'J01': 36}, {'J01': 144}, 
4095.0, {'J01': -473377.5}, {'J01': 36}, {'J01': 144}, 
4100.0, {'J01': -474817.5}, {'J01': 36}, {'J01': 144}, 
4105.0, {'J01': -472781.5}, {'J01': 36}, {'J01': 138}, 
4110.0, {'J01': -473291.0}, {'J01': 36}, {'J01': 135}, 
4115.0, {'J01': -474647.0}, {'J01': 36}, {'J01': 138}, 
4120.0, {'J01': -476035.0}, {'J01': 36}, {'J01': 141}, 
4125.0, {'J01': -477454.0}, {'J01': 36}, {'J01': 143}, 
4130.0, {'J01': -478884.0}, {'J01': 36}, {'J01': 143}, 
4135.0, {'J01': -480314.0}, {'J01': 36}, {'J01': 143}, 
4140.0, {'J01': -481744.0}, {'J01': 36}, {'J01': 143}, 
4145.0, {'J01': -483174.0}, {'J01': 36}, {'J01': 143}, 
4150.0, {'J01': -484604.0}, {'J01': 36}, {'J01': 143}, 
4155.0, {'J01': -486034.0}, {'J01': 36}, {'J01': 143}, 
4160.0, {'J01': -487464.0}, {'J01': 36}, {'J01': 143}, 
4165.0, {'J01': -488894.0}, {'J01': 36}, {'J01': 143}, 
4170.0, {'J01': -482167.5}, {'J01': 34}, {'J01': 135}, 
4175.0, {'J01': -480000.0}, {'J01': 33}, {'J01': 130}, 
4180.0, {'J01': -481306.5}, {'J01': 33}, {'J01': 133}, 
4185.0, {'J01': -482650.5}, {'J01': 33}, {'J01': 137}, 
4190.0, {'J01': -484030.5}, {'J01': 33}, {'J01': 140}, 
4195.0, {'J01': -485432.0}, {'J01': 34}, {'J01': 141}, 
4200.0, {'J01': -486845.5}, {'J01': 36}, {'J01': 143}, 
4205.0, {'J01': -488275.5}, {'J01': 36}, {'J01': 143}, 
4210.0, {'J01': -489705.5}, {'J01': 36}, {'J01': 143}, 
4215.0, {'J01': -491135.5}, {'J01': 36}, {'J01': 143}, 
4220.0, {'J01': -492565.5}, {'J01': 36}, {'J01': 143}, 
4225.0, {'J01': -493995.5}, {'J01': 36}, {'J01': 143}, 
4230.0, {'J01': -495425.5}, {'J01': 36}, {'J01': 143}, 
4235.0, {'J01': -486980.0}, {'J01': 33}, {'J01': 133}, 
4240.0, {'J01': -483905.0}, {'J01': 32}, {'J01': 127}, 
4245.0, {'J01': -485181.0}, {'J01': 32}, {'J01': 130}, 
4250.0, {'J01': -486488.0}, {'J01': 32}, {'J01': 135}, 
4255.0, {'J01': -487849.0}, {'J01': 32}, {'J01': 138}, 
4260.0, {'J01': -489234.0}, {'J01': 32}, {'J01': 139}, 
4265.0, {'J01': -490639.0}, {'J01': 36}, {'J01': 143}, 
4270.0, {'J01': -492069.0}, {'J01': 36}, {'J01': 143}, 
4275.0, {'J01': -493499.0}, {'J01': 36}, {'J01': 143}, 
4280.0, {'J01': -494929.0}, {'J01': 36}, {'J01': 143}, 
4285.0, {'J01': -496359.0}, {'J01': 36}, {'J01': 143}, 
4290.0, {'J01': -497789.0}, {'J01': 36}, {'J01': 143}, 
4295.0, {'J01': -499219.0}, {'J01': 36}, {'J01': 143}, 
4300.0, {'J01': -491617.5}, {'J01': 32}, {'J01': 135}, 
4305.0, {'J01': -490827.5}, {'J01': 32}, {'J01': 131}, 
4310.0, {'J01': -492145.0}, {'J01': 32}, {'J01': 134}, 
4315.0, {'J01': -493495.5}, {'J01': 32}, {'J01': 139}, 
4320.0, {'J01': -494885.5}, {'J01': 32}, {'J01': 139}, 
4325.0, {'J01': -496275.5}, {'J01': 32}, {'J01': 139}, 
4330.0, {'J01': -497681.0}, {'J01': 36}, {'J01': 143}, 
4335.0, {'J01': -499111.0}, {'J01': 36}, {'J01': 143}, 
4340.0, {'J01': -500541.0}, {'J01': 36}, {'J01': 143}, 
4345.0, {'J01': -501971.0}, {'J01': 36}, {'J01': 143}, 
4350.0, {'J01': -503401.0}, {'J01': 36}, {'J01': 143}, 
4355.0, {'J01': -504831.0}, {'J01': 36}, {'J01': 143}, 
4360.0, {'J01': -506261.0}, {'J01': 36}, {'J01': 143}, 
4365.0, {'J01': -496460.5}, {'J01': 32}, {'J01': 131}, 
4370.0, {'J01': -496133.0}, {'J01': 32}, {'J01': 127}, 
4375.0, {'J01': -497409.5}, {'J01': 32}, {'J01': 130}, 
4380.0, {'J01': -498718.5}, {'J01': 32}, {'J01': 137}, 
4385.0, {'J01': -500101.0}, {'J01': 32}, {'J01': 140}, 
4390.0, {'J01': -501501.0}, {'J01': 32}, {'J01': 140}, 
4395.0, {'J01': -502915.5}, {'J01': 36}, {'J01': 144}, 
4400.0, {'J01': -504355.5}, {'J01': 36}, {'J01': 144}, 
4405.0, {'J01': -505795.5}, {'J01': 36}, {'J01': 144}, 
4410.0, {'J01': -507235.5}, {'J01': 36}, {'J01': 144}, 
4415.0, {'J01': -508675.5}, {'J01': 36}, {'J01': 144}, 
4420.0, {'J01': -510115.5}, {'J01': 36}, {'J01': 144}, 
4425.0, {'J01': -511555.5}, {'J01': 36}, {'J01': 144}, 
4430.0, {'J01': -509294.0}, {'J01': 36}, {'J01': 137}, 
4435.0, {'J01': -510296.0}, {'J01': 36}, {'J01': 135}, 
4440.0, {'J01': -511655.5}, {'J01': 36}, {'J01': 139}, 
4445.0, {'J01': -513048.0}, {'J01': 36}, {'J01': 141}, 
4450.0, {'J01': -514462.5}, {'J01': 36}, {'J01': 142}, 
4455.0, {'J01': -515882.5}, {'J01': 36}, {'J01': 142}, 
4460.0, {'J01': -517302.5}, {'J01': 36}, {'J01': 142}, 
4465.0, {'J01': -518722.5}, {'J01': 36}, {'J01': 142}, 
4470.0, {'J01': -520142.5}, {'J01': 36}, {'J01': 142}, 
4475.0, {'J01': -521562.5}, {'J01': 36}, {'J01': 142}, 
4480.0, {'J01': -522982.5}, {'J01': 36}, {'J01': 142}, 
4485.0, {'J01': -524402.5}, {'J01': 36}, {'J01': 142}, 
4490.0, {'J01': -525822.5}, {'J01': 36}, {'J01': 142}, 
4495.0, {'J01': -524053.0}, {'J01': 36}, {'J01': 135}, 
4500.0, {'J01': -524777.5}, {'J01': 36}, {'J01': 133}, 
4505.0, {'J01': -526118.5}, {'J01': 36}, {'J01': 137}, 
4510.0, {'J01': -527488.5}, {'J01': 36}, {'J01': 137}, 
4515.0, {'J01': -528863.0}, {'J01': 36}, {'J01': 138}, 
4520.0, {'J01': -530243.0}, {'J01': 36}, {'J01': 138}, 
4525.0, {'J01': -531623.0}, {'J01': 36}, {'J01': 138}, 
4530.0, {'J01': -533003.0}, {'J01': 36}, {'J01': 138}, 
4535.0, {'J01': -534383.0}, {'J01': 36}, {'J01': 138}, 
4540.0, {'J01': -535763.0}, {'J01': 36}, {'J01': 138}, 
4545.0, {'J01': -537143.0}, {'J01': 36}, {'J01': 138}, 
4550.0, {'J01': -538523.0}, {'J01': 36}, {'J01': 138}, 
4555.0, {'J01': -539903.0}, {'J01': 36}, {'J01': 138}, 
4560.0, {'J01': -533167.5}, {'J01': 34}, {'J01': 128}, 
4565.0, {'J01': -529939.0}, {'J01': 32}, {'J01': 122}, 
4570.0, {'J01': -531170.0}, {'J01': 32}, {'J01': 126}, 
4575.0, {'J01': -532441.0}, {'J01': 32}, {'J01': 131}, 
4580.0, {'J01': -533751.0}, {'J01': 32}, {'J01': 131}, 
4585.0, {'J01': -535061.0}, {'J01': 32}, {'J01': 131}, 
4590.0, {'J01': -536379.0}, {'J01': 36}, {'J01': 135}, 
4595.0, {'J01': -537729.0}, {'J01': 36}, {'J01': 135}, 
4600.0, {'J01': -539079.0}, {'J01': 36}, {'J01': 135}, 
4605.0, {'J01': -540429.0}, {'J01': 36}, {'J01': 135}, 
4610.0, {'J01': -541779.0}, {'J01': 36}, {'J01': 135}, 
4615.0, {'J01': -543129.0}, {'J01': 36}, {'J01': 135}, 
4620.0, {'J01': -544479.0}, {'J01': 36}, {'J01': 135}, 
4625.0, {'J01': -541646.0}, {'J01': 35}, {'J01': 129}, 
4630.0, {'J01': -536755.0}, {'J01': 32}, {'J01': 122}, 
4635.0, {'J01': -537981.0}, {'J01': 32}, {'J01': 125}, 
4640.0, {'J01': -539239.5}, {'J01': 32}, {'J01': 127}, 
4645.0, {'J01': -540509.5}, {'J01': 32}, {'J01': 127}, 
4650.0, {'J01': -541779.5}, {'J01': 32}, {'J01': 127}, 
4655.0, {'J01': -543055.5}, {'J01': 34}, {'J01': 129}, 
4660.0, {'J01': -544353.0}, {'J01': 36}, {'J01': 131}, 
4665.0, {'J01': -545663.0}, {'J01': 36}, {'J01': 131}, 
4670.0, {'J01': -546973.0}, {'J01': 36}, {'J01': 131}, 
4675.0, {'J01': -548283.0}, {'J01': 36}, {'J01': 131}, 
4680.0, {'J01': -549593.0}, {'J01': 36}, {'J01': 131}, 
4685.0, {'J01': -550903.0}, {'J01': 36}, {'J01': 131}, 
4690.0, {'J01': -544028.5}, {'J01': 33}, {'J01': 120}, 
4695.0, {'J01': -543480.0}, {'J01': 32}, {'J01': 118}, 
4700.0, {'J01': -544666.5}, {'J01': 32}, {'J01': 121}, 
4705.0, {'J01': -545880.5}, {'J01': 32}, {'J01': 122}, 
4710.0, {'J01': -547100.5}, {'J01': 32}, {'J01': 122}, 
4715.0, {'J01': -548320.5}, {'J01': 32}, {'J01': 122}, 
4720.0, {'J01': -549555.0}, {'J01': 36}, {'J01': 126}, 
4725.0, {'J01': -550815.0}, {'J01': 36}, {'J01': 126}, 
4730.0, {'J01': -552075.0}, {'J01': 36}, {'J01': 126}, 
4735.0, {'J01': -553335.0}, {'J01': 36}, {'J01': 126}, 
4740.0, {'J01': -554595.0}, {'J01': 36}, {'J01': 126}, 
4745.0, {'J01': -555855.0}, {'J01': 36}, {'J01': 126}, 
4750.0, {'J01': -557115.0}, {'J01': 36}, {'J01': 126}, 
4755.0, {'J01': -552518.5}, {'J01': 34}, {'J01': 119}, 
4760.0, {'J01': -548800.5}, {'J01': 32}, {'J01': 113}, 
4765.0, {'J01': -549941.0}, {'J01': 32}, {'J01': 117}, 
4770.0, {'J01': -551122.0}, {'J01': 32}, {'J01': 122}, 
4775.0, {'J01': -552342.0}, {'J01': 32}, {'J01': 122}, 
4780.0, {'J01': -553562.0}, {'J01': 32}, {'J01': 122}, 
4785.0, {'J01': -554793.0}, {'J01': 36}, {'J01': 126}, 
4790.0, {'J01': -556053.0}, {'J01': 36}, {'J01': 126}, 
4795.0, {'J01': -557318.0}, {'J01': 36}, {'J01': 127}, 
4800.0, {'J01': -558588.0}, {'J01': 36}, {'J01': 127}, 
4805.0, {'J01': -559858.0}, {'J01': 36}, {'J01': 127}, 
4810.0, {'J01': -561128.0}, {'J01': 36}, {'J01': 127}, 
4815.0, {'J01': -562398.0}, {'J01': 36}, {'J01': 127}, 
4820.0, {'J01': -557930.0}, {'J01': 33}, {'J01': 121}, 
4825.0, {'J01': -557268.0}, {'J01': 33}, {'J01': 118}, 
4830.0, {'J01': -558454.0}, {'J01': 33}, {'J01': 121}, 
4835.0, {'J01': -559667.5}, {'J01': 33}, {'J01': 122}, 
4840.0, {'J01': -560887.5}, {'J01': 33}, {'J01': 122}, 
4845.0, {'J01': -562107.5}, {'J01': 33}, {'J01': 122}, 
4850.0, {'J01': -563342.0}, {'J01': 36}, {'J01': 126}, 
4855.0, {'J01': -564602.0}, {'J01': 36}, {'J01': 126}, 
4860.0, {'J01': -565862.0}, {'J01': 36}, {'J01': 126}, 
4865.0, {'J01': -567122.0}, {'J01': 36}, {'J01': 126}, 
4870.0, {'J01': -568382.0}, {'J01': 36}, {'J01': 126}, 
4875.0, {'J01': -569642.0}, {'J01': 36}, {'J01': 126}, 
4880.0, {'J01': -570902.0}, {'J01': 36}, {'J01': 126}, 
4885.0, {'J01': -565687.0}, {'J01': 33}, {'J01': 119}, 
4890.0, {'J01': -563336.5}, {'J01': 33}, {'J01': 114}, 
4895.0, {'J01': -561820.0}, {'J01': 33}, {'J01': 116}, 
4900.0, {'J01': -562986.5}, {'J01': 33}, {'J01': 120}, 
4905.0, {'J01': -564186.5}, {'J01': 33}, {'J01': 120}, 
4910.0, {'J01': -565386.5}, {'J01': 33}, {'J01': 120}, 
4915.0, {'J01': -566594.5}, {'J01': 33}, {'J01': 122}, 
4920.0, {'J01': -567825.5}, {'J01': 36}, {'J01': 127}, 
4925.0, {'J01': -569096.0}, {'J01': 36}, {'J01': 128}, 
4930.0, {'J01': -570376.0}, {'J01': 36}, {'J01': 128}, 
4935.0, {'J01': -571656.0}, {'J01': 36}, {'J01': 128}, 
4940.0, {'J01': -572936.0}, {'J01': 36}, {'J01': 128}, 
4945.0, {'J01': -574216.0}, {'J01': 36}, {'J01': 128}, 
4950.0, {'J01': -575013.5}, {'J01': 36}, {'J01': 126}, 
4955.0, {'J01': -575142.0}, {'J01': 36}, {'J01': 123}, 
4960.0, {'J01': -576382.0}, {'J01': 36}, {'J01': 127}, 
4965.0, {'J01': -577653.0}, {'J01': 36}, {'J01': 128}, 
4970.0, {'J01': -578933.0}, {'J01': 36}, {'J01': 128}, 
4975.0, {'J01': -580213.0}, {'J01': 36}, {'J01': 128}, 
4980.0, {'J01': -581493.0}, {'J01': 36}, {'J01': 128}, 
4985.0, {'J01': -582773.0}, {'J01': 36}, {'J01': 128}, 
4990.0, {'J01': -584053.0}, {'J01': 36}, {'J01': 128}, 
4995.0, {'J01': -585333.0}, {'J01': 36}, {'J01': 128}, 
5000.0, {'J01': -586613.0}, {'J01': 36}, {'J01': 128}, 
5005.0, {'J01': -587893.0}, {'J01': 36}, {'J01': 128}, 
5010.0, {'J01': -589173.0}, {'J01': 36}, {'J01': 128}, 
5015.0, {'J01': -586851.5}, {'J01': 34}, {'J01': 123}, 
5020.0, {'J01': -587957.5}, {'J01': 34}, {'J01': 122}, 
5025.0, {'J01': -589188.5}, {'J01': 34}, {'J01': 126}, 
5030.0, {'J01': -590448.5}, {'J01': 34}, {'J01': 126}, 
5035.0, {'J01': -591708.5}, {'J01': 34}, {'J01': 126}, 
5040.0, {'J01': -592972.0}, {'J01': 36}, {'J01': 128}, 
5045.0, {'J01': -594252.0}, {'J01': 36}, {'J01': 128}, 
5050.0, {'J01': -595532.0}, {'J01': 36}, {'J01': 128}, 
5055.0, {'J01': -596812.0}, {'J01': 36}, {'J01': 128}, 
5060.0, {'J01': -598092.0}, {'J01': 36}, {'J01': 128}, 
5065.0, {'J01': -599372.0}, {'J01': 36}, {'J01': 128}, 
5070.0, {'J01': -600652.0}, {'J01': 36}, {'J01': 128}, 
5075.0, {'J01': -601932.0}, {'J01': 36}, {'J01': 128}, 
5080.0, {'J01': -597711.0}, {'J01': 34}, {'J01': 121}, 
5085.0, {'J01': -589833.5}, {'J01': 33}, {'J01': 113}, 
5090.0, {'J01': -590973.5}, {'J01': 33}, {'J01': 117}, 
5095.0, {'J01': -592150.0}, {'J01': 33}, {'J01': 121}, 
5100.0, {'J01': -593360.0}, {'J01': 33}, {'J01': 121}, 
5105.0, {'J01': -594570.0}, {'J01': 33}, {'J01': 121}, 
5110.0, {'J01': -595789.5}, {'J01': 34}, {'J01': 126}, 
5115.0, {'J01': -597056.5}, {'J01': 36}, {'J01': 128}, 
5120.0, {'J01': -598336.5}, {'J01': 36}, {'J01': 128}, 
5125.0, {'J01': -599616.5}, {'J01': 36}, {'J01': 128}, 
5130.0, {'J01': -600896.5}, {'J01': 36}, {'J01': 128}, 
5135.0, {'J01': -602176.5}, {'J01': 36}, {'J01': 128}, 
5140.0, {'J01': -603456.5}, {'J01': 36}, {'J01': 128}, 
5145.0, {'J01': -601637.5}, {'J01': 34}, {'J01': 124}, 
5150.0, {'J01': -600386.5}, {'J01': 33}, {'J01': 120}, 
5155.0, {'J01': -601596.5}, {'J01': 33}, {'J01': 124}, 
5160.0, {'J01': -601695.0}, {'J01': 33}, {'J01': 123}, 
5165.0, {'J01': -601900.0}, {'J01': 33}, {'J01': 122}, 
5170.0, {'J01': -603120.0}, {'J01': 33}, {'J01': 122}, 
5175.0, {'J01': -604346.5}, {'J01': 33}, {'J01': 124}, 
5180.0, {'J01': -605586.5}, {'J01': 33}, {'J01': 124}, 
5185.0, {'J01': -606829.0}, {'J01': 34}, {'J01': 126}, 
5190.0, {'J01': -608096.5}, {'J01': 36}, {'J01': 128}, 
5195.0, {'J01': -609380.0}, {'J01': 36}, {'J01': 129}, 
5200.0, {'J01': -610670.0}, {'J01': 36}, {'J01': 129}, 
5205.0, {'J01': -611960.0}, {'J01': 36}, {'J01': 129}, 
5210.0, {'J01': -607913.0}, {'J01': 34}, {'J01': 121}, 
5215.0, {'J01': -603031.5}, {'J01': 33}, {'J01': 114}, 
5220.0, {'J01': -604182.0}, {'J01': 33}, {'J01': 118}, 
5225.0, {'J01': -605373.5}, {'J01': 33}, {'J01': 123}, 
5230.0, {'J01': -606603.5}, {'J01': 33}, {'J01': 123}, 
5235.0, {'J01': -607833.5}, {'J01': 33}, {'J01': 123}, 
5240.0, {'J01': -609071.5}, {'J01': 34}, {'J01': 128}, 
5245.0, {'J01': -610358.0}, {'J01': 36}, {'J01': 130}, 
5250.0, {'J01': -611658.0}, {'J01': 36}, {'J01': 130}, 
5255.0, {'J01': -612958.0}, {'J01': 36}, {'J01': 130}, 
5260.0, {'J01': -614258.0}, {'J01': 36}, {'J01': 130}, 
5265.0, {'J01': -615558.0}, {'J01': 36}, {'J01': 130}, 
5270.0, {'J01': -616858.0}, {'J01': 36}, {'J01': 130}, 
5275.0, {'J01': -613830.5}, {'J01': 34}, {'J01': 123}, 
5280.0, {'J01': -611554.5}, {'J01': 33}, {'J01': 118}, 
5285.0, {'J01': -612740.5}, {'J01': 33}, {'J01': 121}, 
5290.0, {'J01': -613958.0}, {'J01': 33}, {'J01': 124}, 
5295.0, {'J01': -615198.0}, {'J01': 33}, {'J01': 124}, 
5300.0, {'J01': -616438.0}, {'J01': 33}, {'J01': 124}, 
5305.0, {'J01': -617694.0}, {'J01': 36}, {'J01': 129}, 
5310.0, {'J01': -618984.0}, {'J01': 36}, {'J01': 129}, 
5315.0, {'J01': -620274.0}, {'J01': 36}, {'J01': 129}, 
5320.0, {'J01': -621564.0}, {'J01': 36}, {'J01': 129}, 
5325.0, {'J01': -622854.0}, {'J01': 36}, {'J01': 129}, 
5330.0, {'J01': -624144.0}, {'J01': 36}, {'J01': 129}, 
5335.0, {'J01': -625434.0}, {'J01': 36}, {'J01': 129}, 
5340.0, {'J01': -624496.5}, {'J01': 36}, {'J01': 124}, 
5345.0, {'J01': -624989.0}, {'J01': 36}, {'J01': 122}, 
5350.0, {'J01': -626215.5}, {'J01': 36}, {'J01': 125}, 
5355.0, {'J01': -627476.0}, {'J01': 36}, {'J01': 129}, 
5360.0, {'J01': -628766.0}, {'J01': 36}, {'J01': 129}, 
5365.0, {'J01': -630056.0}, {'J01': 36}, {'J01': 129}, 
5370.0, {'J01': -631346.0}, {'J01': 36}, {'J01': 129}, 
5375.0, {'J01': -632636.0}, {'J01': 36}, {'J01': 129}, 
5380.0, {'J01': -633926.0}, {'J01': 36}, {'J01': 129}, 
5385.0, {'J01': -635216.0}, {'J01': 36}, {'J01': 129}, 
5390.0, {'J01': -636506.0}, {'J01': 36}, {'J01': 129}, 
5395.0, {'J01': -637796.0}, {'J01': 36}, {'J01': 129}, 
5400.0, {'J01': -639086.0}, {'J01': 36}, {'J01': 129}, 
