5.0, {'J01': np.float32(-0.0)}, {'J01': 0}, {'J01': 0}, 
10.0, {'J01': np.float32(-0.0)}, {'J01': 0}, {'J01': 0}, 
15.0, {'J01': np.float32(-0.0138760405)}, {'J01': 1}, {'J01': 3}, 
20.0, {'J01': np.float32(-0.071230344)}, {'J01': 3}, {'J01': 7}, 
25.0, {'J01': np.float32(-0.4851175)}, {'J01': 2}, {'J01': 5}, 
30.0, {'J01': np.float32(0.40093616)}, {'J01': 2}, {'J01': 5}, 
35.0, {'J01': np.float32(-0.116558746)}, {'J01': 2}, {'J01': 9}, 
40.0, {'J01': np.float32(-0.18963923)}, {'J01': 4}, {'J01': 15}, 
45.0, {'J01': np.float32(-0.70121646)}, {'J01': 6}, {'J01': 17}, 
50.0, {'J01': np.float32(0.46525607)}, {'J01': 5}, {'J01': 17}, 
55.0, {'J01': np.float32(-0.26510528)}, {'J01': 5}, {'J01': 23}, 
60.0, {'J01': np.float32(-2.2387877)}, {'J01': 7}, {'J01': 28}, 
65.0, {'J01': np.float32(1.4979357)}, {'J01': 7}, {'J01': 27}, 
70.0, {'J01': np.float32(-0.8667766)}, {'J01': 8}, {'J01': 32}, 
75.0, {'J01': np.float32(-3.0)}, {'J01': 8}, {'J01': 36}, 
80.0, {'J01': np.float32(0.3320384)}, {'J01': 8}, {'J01': 32}, 
85.0, {'J01': np.float32(1.5787197)}, {'J01': 8}, {'J01': 34}, 
90.0, {'J01': np.float32(-0.2512997)}, {'J01': 8}, {'J01': 32}, 
95.0, {'J01': np.float32(-0.6004948)}, {'J01': 8}, {'J01': 38}, 
100.0, {'J01': np.float32(-2.1659298)}, {'J01': 8}, {'J01': 41}, 
105.0, {'J01': np.float32(2.0494509)}, {'J01': 7}, {'J01': 34}, 
110.0, {'J01': np.float32(-0.7682584)}, {'J01': 7}, {'J01': 36}, 
115.0, {'J01': np.float32(-3.0)}, {'J01': 6}, {'J01': 33}, 
120.0, {'J01': np.float32(3.0)}, {'J01': 6}, {'J01': 31}, 
125.0, {'J01': np.float32(-1.9355757)}, {'J01': 6}, {'J01': 34}, 
130.0, {'J01': np.float32(-1.2098913)}, {'J01': 8}, {'J01': 36}, 
135.0, {'J01': np.float32(1.751718)}, {'J01': 8}, {'J01': 35}, 
140.0, {'J01': np.float32(-3.0)}, {'J01': 8}, {'J01': 40}, 
145.0, {'J01': np.float32(3.0)}, {'J01': 8}, {'J01': 43}, 
150.0, {'J01': np.float32(-0.751158)}, {'J01': 9}, {'J01': 45}, 
155.0, {'J01': np.float32(-3.0)}, {'J01': 8}, {'J01': 39}, 
160.0, {'J01': np.float32(3.0)}, {'J01': 7}, {'J01': 34}, 
165.0, {'J01': np.float32(-2.3831258)}, {'J01': 7}, {'J01': 37}, 
170.0, {'J01': np.float32(1.2752978)}, {'J01': 7}, {'J01': 41}, 
175.0, {'J01': np.float32(1.2811185)}, {'J01': 8}, {'J01': 48}, 
180.0, {'J01': np.float32(-3.0)}, {'J01': 8}, {'J01': 48}, 
185.0, {'J01': np.float32(2.9316783)}, {'J01': 8}, {'J01': 43}, 
190.0, {'J01': np.float32(-0.32434228)}, {'J01': 8}, {'J01': 43}, 
195.0, {'J01': np.float32(-2.7817695)}, {'J01': 8}, {'J01': 46}, 
200.0, {'J01': np.float32(1.4834301)}, {'J01': 9}, {'J01': 49}, 
205.0, {'J01': np.float32(-0.6514393)}, {'J01': 8}, {'J01': 45}, 
210.0, {'J01': np.float32(-1.0493457)}, {'J01': 8}, {'J01': 40}, 
215.0, {'J01': np.float32(-0.7577394)}, {'J01': 9}, {'J01': 35}, 
220.0, {'J01': np.float32(3.0)}, {'J01': 8}, {'J01': 34}, 
225.0, {'J01': np.float32(-0.37349102)}, {'J01': 8}, {'J01': 37}, 
230.0, {'J01': np.float32(-2.6759953)}, {'J01': 8}, {'J01': 41}, 
235.0, {'J01': np.float32(1.8119881)}, {'J01': 8}, {'J01': 41}, 
240.0, {'J01': np.float32(-0.4536013)}, {'J01': 8}, {'J01': 43}, 
245.0, {'J01': np.float32(-0.32464847)}, {'J01': 9}, {'J01': 47}, 
250.0, {'J01': np.float32(0.55574554)}, {'J01': 7}, {'J01': 38}, 
255.0, {'J01': np.float32(-0.25578845)}, {'J01': 6}, {'J01': 27}, 
260.0, {'J01': np.float32(3.0)}, {'J01': 5}, {'J01': 24}, 
265.0, {'J01': np.float32(0.30195725)}, {'J01': 5}, {'J01': 28}, 
270.0, {'J01': np.float32(-1.1717666)}, {'J01': 7}, {'J01': 37}, 
275.0, {'J01': np.float32(-0.57864606)}, {'J01': 7}, {'J01': 35}, 
280.0, {'J01': np.float32(-1.3530724)}, {'J01': 5}, {'J01': 28}, 
285.0, {'J01': np.float32(3.0)}, {'J01': 4}, {'J01': 23}, 
290.0, {'J01': np.float32(-0.6766207)}, {'J01': 4}, {'J01': 23}, 
295.0, {'J01': np.float32(-3.0)}, {'J01': 6}, {'J01': 30}, 
300.0, {'J01': np.float32(0.65689063)}, {'J01': 8}, {'J01': 33}, 
305.0, {'J01': np.float32(2.4157448)}, {'J01': 8}, {'J01': 33}, 
310.0, {'J01': np.float32(-3.0)}, {'J01': 7}, {'J01': 31}, 
315.0, {'J01': np.float32(3.0)}, {'J01': 6}, {'J01': 29}, 
320.0, {'J01': np.float32(-0.70600784)}, {'J01': 6}, {'J01': 34}, 
325.0, {'J01': np.float32(-3.0)}, {'J01': 7}, {'J01': 38}, 
330.0, {'J01': np.float32(0.9583412)}, {'J01': 8}, {'J01': 37}, 
335.0, {'J01': np.float32(1.4876204)}, {'J01': 8}, {'J01': 35}, 
340.0, {'J01': np.float32(-1.6767775)}, {'J01': 10}, {'J01': 38}, 
345.0, {'J01': np.float32(0.70498824)}, {'J01': 10}, {'J01': 33}, 
350.0, {'J01': np.float32(-0.25318456)}, {'J01': 10}, {'J01': 34}, 
355.0, {'J01': np.float32(-3.0)}, {'J01': 11}, {'J01': 42}, 
360.0, {'J01': np.float32(2.8931785)}, {'J01': 12}, {'J01': 45}, 
365.0, {'J01': np.float32(-0.40963784)}, {'J01': 12}, {'J01': 44}, 
370.0, {'J01': np.float32(-1.2827271)}, {'J01': 12}, {'J01': 43}, 
375.0, {'J01': np.float32(-2.9625318)}, {'J01': 12}, {'J01': 36}, 
380.0, {'J01': np.float32(3.0)}, {'J01': 10}, {'J01': 33}, 
385.0, {'J01': np.float32(-0.70847917)}, {'J01': 10}, {'J01': 34}, 
390.0, {'J01': np.float32(-3.0)}, {'J01': 11}, {'J01': 39}, 
395.0, {'J01': np.float32(3.0)}, {'J01': 12}, {'J01': 43}, 
400.0, {'J01': np.float32(-0.99006534)}, {'J01': 12}, {'J01': 41}, 
405.0, {'J01': np.float32(-1.9296604)}, {'J01': 13}, {'J01': 41}, 
410.0, {'J01': np.float32(2.2764652)}, {'J01': 15}, {'J01': 42}, 
415.0, {'J01': np.float32(-0.7354938)}, {'J01': 16}, {'J01': 43}, 
420.0, {'J01': np.float32(-3.0)}, {'J01': 16}, {'J01': 51}, 
425.0, {'J01': np.float32(3.0)}, {'J01': 16}, {'J01': 46}, 
430.0, {'J01': np.float32(-1.7344625)}, {'J01': 16}, {'J01': 47}, 
435.0, {'J01': np.float32(-3.0)}, {'J01': 16}, {'J01': 44}, 
440.0, {'J01': np.float32(3.0)}, {'J01': 17}, {'J01': 43}, 
445.0, {'J01': np.float32(-0.40269715)}, {'J01': 18}, {'J01': 46}, 
450.0, {'J01': np.float32(-3.0)}, {'J01': 20}, {'J01': 55}, 
455.0, {'J01': np.float32(1.3006724)}, {'J01': 20}, {'J01': 55}, 
460.0, {'J01': np.float32(-0.5110097)}, {'J01': 21}, {'J01': 56}, 
465.0, {'J01': np.float32(-2.9078996)}, {'J01': 21}, {'J01': 54}, 
470.0, {'J01': np.float32(3.0)}, {'J01': 22}, {'J01': 49}, 
475.0, {'J01': np.float32(-1.3468164)}, {'J01': 22}, {'J01': 51}, 
480.0, {'J01': np.float32(-3.0)}, {'J01': 22}, {'J01': 53}, 
485.0, {'J01': np.float32(3.0)}, {'J01': 23}, {'J01': 55}, 
490.0, {'J01': np.float32(-1.0829202)}, {'J01': 24}, {'J01': 56}, 
495.0, {'J01': np.float32(-3.0)}, {'J01': 25}, {'J01': 63}, 
500.0, {'J01': np.float32(1.7399905)}, {'J01': 28}, {'J01': 66}, 
505.0, {'J01': np.float32(-2.7758799)}, {'J01': 28}, {'J01': 66}, 
510.0, {'J01': np.float32(1.6680053)}, {'J01': 28}, {'J01': 60}, 
515.0, {'J01': np.float32(0.87343895)}, {'J01': 26}, {'J01': 48}, 
520.0, {'J01': np.float32(3.0)}, {'J01': 26}, {'J01': 47}, 
525.0, {'J01': np.float32(-2.282767)}, {'J01': 27}, {'J01': 47}, 
530.0, {'J01': np.float32(3.0)}, {'J01': 25}, {'J01': 46}, 
535.0, {'J01': np.float32(-0.5118092)}, {'J01': 25}, {'J01': 47}, 
540.0, {'J01': np.float32(-0.8975791)}, {'J01': 21}, {'J01': 39}, 
545.0, {'J01': np.float32(3.0)}, {'J01': 21}, {'J01': 39}, 
550.0, {'J01': np.float32(-1.5490092)}, {'J01': 21}, {'J01': 49}, 
555.0, {'J01': np.float32(-3.0)}, {'J01': 21}, {'J01': 55}, 
560.0, {'J01': np.float32(2.2512667)}, {'J01': 23}, {'J01': 56}, 
565.0, {'J01': np.float32(0.21789463)}, {'J01': 23}, {'J01': 59}, 
570.0, {'J01': np.float32(-2.0561483)}, {'J01': 23}, {'J01': 58}, 
575.0, {'J01': np.float32(-3.0)}, {'J01': 23}, {'J01': 58}, 
580.0, {'J01': np.float32(-3.0)}, {'J01': 24}, {'J01': 60}, 
585.0, {'J01': np.float32(3.0)}, {'J01': 26}, {'J01': 64}, 
590.0, {'J01': np.float32(-0.5302072)}, {'J01': 26}, {'J01': 64}, 
595.0, {'J01': np.float32(-3.0)}, {'J01': 26}, {'J01': 60}, 
600.0, {'J01': np.float32(-3.0)}, {'J01': 29}, {'J01': 64}, 
605.0, {'J01': np.float32(3.0)}, {'J01': 29}, {'J01': 63}, 
610.0, {'J01': np.float32(-1.3818297)}, {'J01': 29}, {'J01': 64}, 
615.0, {'J01': np.float32(-3.0)}, {'J01': 29}, {'J01': 68}, 
620.0, {'J01': np.float32(2.6391754)}, {'J01': 30}, {'J01': 68}, 
625.0, {'J01': np.float32(-0.21266781)}, {'J01': 32}, {'J01': 71}, 
630.0, {'J01': np.float32(-1.2702674)}, {'J01': 32}, {'J01': 69}, 
635.0, {'J01': np.float32(-0.8264849)}, {'J01': 33}, {'J01': 63}, 
640.0, {'J01': np.float32(-1.4237761)}, {'J01': 30}, {'J01': 53}, 
645.0, {'J01': np.float32(1.6034132)}, {'J01': 28}, {'J01': 52}, 
650.0, {'J01': np.float32(3.0)}, {'J01': 29}, {'J01': 56}, 
655.0, {'J01': np.float32(-1.6547104)}, {'J01': 29}, {'J01': 62}, 
660.0, {'J01': np.float32(-3.0)}, {'J01': 29}, {'J01': 68}, 
665.0, {'J01': np.float32(3.0)}, {'J01': 31}, {'J01': 65}, 
670.0, {'J01': np.float32(-1.6821971)}, {'J01': 33}, {'J01': 69}, 
675.0, {'J01': np.float32(-3.0)}, {'J01': 33}, {'J01': 72}, 
680.0, {'J01': np.float32(3.0)}, {'J01': 33}, {'J01': 74}, 
685.0, {'J01': np.float32(-1.378607)}, {'J01': 35}, {'J01': 72}, 
690.0, {'J01': np.float32(-3.0)}, {'J01': 35}, {'J01': 70}, 
695.0, {'J01': np.float32(3.0)}, {'J01': 36}, {'J01': 68}, 
700.0, {'J01': np.float32(-0.9931915)}, {'J01': 36}, {'J01': 70}, 
705.0, {'J01': np.float32(-3.0)}, {'J01': 38}, {'J01': 76}, 
710.0, {'J01': np.float32(-2.5628922)}, {'J01': 38}, {'J01': 71}, 
715.0, {'J01': np.float32(-0.09360037)}, {'J01': 38}, {'J01': 71}, 
720.0, {'J01': np.float32(2.4267251)}, {'J01': 38}, {'J01': 70}, 
725.0, {'J01': np.float32(-3.0)}, {'J01': 38}, {'J01': 73}, 
730.0, {'J01': np.float32(1.7613659)}, {'J01': 38}, {'J01': 78}, 
735.0, {'J01': np.float32(1.7584405)}, {'J01': 36}, {'J01': 70}, 
740.0, {'J01': np.float32(-0.5113577)}, {'J01': 36}, {'J01': 66}, 
745.0, {'J01': np.float32(0.44816023)}, {'J01': 35}, {'J01': 62}, 
750.0, {'J01': np.float32(-1.2198403)}, {'J01': 34}, {'J01': 60}, 
755.0, {'J01': np.float32(-3.0)}, {'J01': 34}, {'J01': 57}, 
760.0, {'J01': np.float32(3.0)}, {'J01': 32}, {'J01': 51}, 
765.0, {'J01': np.float32(1.284012)}, {'J01': 31}, {'J01': 53}, 
770.0, {'J01': np.float32(-2.591202)}, {'J01': 31}, {'J01': 61}, 
775.0, {'J01': np.float32(2.3214793)}, {'J01': 31}, {'J01': 64}, 
780.0, {'J01': np.float32(-0.82422376)}, {'J01': 32}, {'J01': 66}, 
785.0, {'J01': np.float32(-2.066986)}, {'J01': 34}, {'J01': 70}, 
790.0, {'J01': np.float32(-3.0)}, {'J01': 35}, {'J01': 72}, 
795.0, {'J01': np.float32(-0.65786856)}, {'J01': 35}, {'J01': 66}, 
800.0, {'J01': np.float32(3.0)}, {'J01': 36}, {'J01': 67}, 
805.0, {'J01': np.float32(-2.68708)}, {'J01': 36}, {'J01': 70}, 
810.0, {'J01': np.float32(0.69533765)}, {'J01': 36}, {'J01': 71}, 
815.0, {'J01': np.float32(-1.1057113)}, {'J01': 36}, {'J01': 71}, 
820.0, {'J01': np.float32(-1.8638182)}, {'J01': 40}, {'J01': 73}, 
825.0, {'J01': np.float32(-2.2640443)}, {'J01': 40}, {'J01': 68}, 
830.0, {'J01': np.float32(-3.0)}, {'J01': 40}, {'J01': 64}, 
835.0, {'J01': np.float32(0.22931601)}, {'J01': 36}, {'J01': 55}, 
840.0, {'J01': np.float32(3.0)}, {'J01': 33}, {'J01': 52}, 
845.0, {'J01': np.float32(3.0)}, {'J01': 31}, {'J01': 55}, 
850.0, {'J01': np.float32(0.13766855)}, {'J01': 30}, {'J01': 61}, 
855.0, {'J01': np.float32(-3.0)}, {'J01': 30}, {'J01': 63}, 
860.0, {'J01': np.float32(-0.21619768)}, {'J01': 30}, {'J01': 65}, 
865.0, {'J01': np.float32(-0.33826697)}, {'J01': 31}, {'J01': 69}, 
870.0, {'J01': np.float32(1.1355904)}, {'J01': 33}, {'J01': 72}, 
875.0, {'J01': np.float32(-1.114159)}, {'J01': 34}, {'J01': 72}, 
880.0, {'J01': np.float32(-3.0)}, {'J01': 35}, {'J01': 73}, 
885.0, {'J01': np.float32(3.0)}, {'J01': 34}, {'J01': 67}, 
890.0, {'J01': np.float32(-1.0770342)}, {'J01': 34}, {'J01': 69}, 
895.0, {'J01': np.float32(-3.0)}, {'J01': 36}, {'J01': 70}, 
900.0, {'J01': np.float32(3.0)}, {'J01': 37}, {'J01': 69}, 
905.0, {'J01': np.float32(-1.2188385)}, {'J01': 37}, {'J01': 72}, 
910.0, {'J01': np.float32(-2.1194866)}, {'J01': 37}, {'J01': 75}, 
915.0, {'J01': np.float32(-2.7583241)}, {'J01': 38}, {'J01': 73}, 
920.0, {'J01': np.float32(-2.1922276)}, {'J01': 38}, {'J01': 68}, 
925.0, {'J01': np.float32(-0.85264254)}, {'J01': 37}, {'J01': 63}, 
930.0, {'J01': np.float32(0.07278465)}, {'J01': 36}, {'J01': 60}, 
935.0, {'J01': np.float32(3.0)}, {'J01': 35}, {'J01': 65}, 
940.0, {'J01': np.float32(-1.8336339)}, {'J01': 35}, {'J01': 72}, 
945.0, {'J01': np.float32(-3.0)}, {'J01': 35}, {'J01': 78}, 
950.0, {'J01': np.float32(2.9005997)}, {'J01': 35}, {'J01': 75}, 
955.0, {'J01': np.float32(1.6006464)}, {'J01': 35}, {'J01': 73}, 
960.0, {'J01': np.float32(-1.5016794)}, {'J01': 38}, {'J01': 72}, 
965.0, {'J01': np.float32(0.9122494)}, {'J01': 37}, {'J01': 64}, 
970.0, {'J01': np.float32(-1.0806018)}, {'J01': 36}, {'J01': 62}, 
975.0, {'J01': np.float32(3.0)}, {'J01': 37}, {'J01': 64}, 
980.0, {'J01': np.float32(-1.6588776)}, {'J01': 37}, {'J01': 68}, 
985.0, {'J01': np.float32(0.76423407)}, {'J01': 37}, {'J01': 69}, 
990.0, {'J01': np.float32(-1.8639876)}, {'J01': 37}, {'J01': 71}, 
995.0, {'J01': np.float32(-3.0)}, {'J01': 39}, {'J01': 74}, 
1000.0, {'J01': np.float32(1.8707788)}, {'J01': 39}, {'J01': 72}, 
1005.0, {'J01': np.float32(-0.6656771)}, {'J01': 39}, {'J01': 73}, 
1010.0, {'J01': np.float32(-3.0)}, {'J01': 39}, {'J01': 72}, 
1015.0, {'J01': np.float32(0.03771887)}, {'J01': 37}, {'J01': 65}, 
1020.0, {'J01': np.float32(3.0)}, {'J01': 32}, {'J01': 54}, 
1025.0, {'J01': np.float32(3.0)}, {'J01': 30}, {'J01': 50}, 
1030.0, {'J01': np.float32(3.0)}, {'J01': 30}, {'J01': 55}, 
1035.0, {'J01': np.float32(0.032643847)}, {'J01': 30}, {'J01': 58}, 
1040.0, {'J01': np.float32(-0.6130546)}, {'J01': 30}, {'J01': 58}, 
1045.0, {'J01': np.float32(0.4063719)}, {'J01': 30}, {'J01': 51}, 
1050.0, {'J01': np.float32(3.0)}, {'J01': 28}, {'J01': 47}, 
1055.0, {'J01': np.float32(1.2414802)}, {'J01': 26}, {'J01': 45}, 
1060.0, {'J01': np.float32(-1.945197)}, {'J01': 26}, {'J01': 44}, 
1065.0, {'J01': np.float32(-2.1898592)}, {'J01': 24}, {'J01': 46}, 
1070.0, {'J01': np.float32(3.0)}, {'J01': 22}, {'J01': 41}, 
1075.0, {'J01': np.float32(-0.62384933)}, {'J01': 22}, {'J01': 44}, 
1080.0, {'J01': np.float32(-2.2496393)}, {'J01': 22}, {'J01': 53}, 
1085.0, {'J01': np.float32(0.71768606)}, {'J01': 22}, {'J01': 54}, 
1090.0, {'J01': np.float32(-0.9130001)}, {'J01': 24}, {'J01': 55}, 
1095.0, {'J01': np.float32(-1.428609)}, {'J01': 28}, {'J01': 55}, 
1100.0, {'J01': np.float32(-0.83261913)}, {'J01': 26}, {'J01': 47}, 
1105.0, {'J01': np.float32(3.0)}, {'J01': 26}, {'J01': 48}, 
1110.0, {'J01': np.float32(1.0216218)}, {'J01': 24}, {'J01': 45}, 
1115.0, {'J01': np.float32(-1.1450499)}, {'J01': 24}, {'J01': 49}, 
1120.0, {'J01': np.float32(-1.332853)}, {'J01': 24}, {'J01': 46}, 
1125.0, {'J01': np.float32(-1.9415624)}, {'J01': 24}, {'J01': 43}, 
1130.0, {'J01': np.float32(3.0)}, {'J01': 22}, {'J01': 42}, 
1135.0, {'J01': np.float32(1.5265456)}, {'J01': 19}, {'J01': 36}, 
1140.0, {'J01': np.float32(-0.5049041)}, {'J01': 15}, {'J01': 33}, 
1145.0, {'J01': np.float32(3.0)}, {'J01': 15}, {'J01': 42}, 
1150.0, {'J01': np.float32(-0.090318225)}, {'J01': 15}, {'J01': 48}, 
1155.0, {'J01': np.float32(-0.12470805)}, {'J01': 15}, {'J01': 51}, 
1160.0, {'J01': np.float32(-0.83444124)}, {'J01': 15}, {'J01': 50}, 
1165.0, {'J01': np.float32(-3.0)}, {'J01': 16}, {'J01': 50}, 
1170.0, {'J01': np.float32(2.5671039)}, {'J01': 16}, {'J01': 48}, 
1175.0, {'J01': np.float32(-0.7132921)}, {'J01': 18}, {'J01': 49}, 
1180.0, {'J01': np.float32(-1.2810031)}, {'J01': 19}, {'J01': 46}, 
1185.0, {'J01': np.float32(-0.16599509)}, {'J01': 18}, {'J01': 43}, 
1190.0, {'J01': np.float32(2.9538286)}, {'J01': 16}, {'J01': 44}, 
1195.0, {'J01': np.float32(-1.6991707)}, {'J01': 16}, {'J01': 47}, 
1200.0, {'J01': np.float32(-1.528197)}, {'J01': 17}, {'J01': 47}, 
1205.0, {'J01': np.float32(2.606211)}, {'J01': 17}, {'J01': 45}, 
1210.0, {'J01': np.float32(-1.5426359)}, {'J01': 19}, {'J01': 54}, 
1215.0, {'J01': np.float32(-3.0)}, {'J01': 19}, {'J01': 57}, 
1220.0, {'J01': np.float32(2.9332302)}, {'J01': 19}, {'J01': 54}, 
1225.0, {'J01': np.float32(-1.2080505)}, {'J01': 20}, {'J01': 54}, 
1230.0, {'J01': np.float32(-2.5810633)}, {'J01': 21}, {'J01': 57}, 
1235.0, {'J01': np.float32(2.079793)}, {'J01': 21}, {'J01': 53}, 
1240.0, {'J01': np.float32(-0.8990801)}, {'J01': 22}, {'J01': 55}, 
1245.0, {'J01': np.float32(-2.0072396)}, {'J01': 22}, {'J01': 60}, 
1250.0, {'J01': np.float32(-0.22293867)}, {'J01': 23}, {'J01': 55}, 
1255.0, {'J01': np.float32(1.25839)}, {'J01': 19}, {'J01': 43}, 
1260.0, {'J01': np.float32(3.0)}, {'J01': 17}, {'J01': 39}, 
1265.0, {'J01': np.float32(-0.063782796)}, {'J01': 16}, {'J01': 44}, 
1270.0, {'J01': np.float32(-0.7542953)}, {'J01': 16}, {'J01': 51}, 
1275.0, {'J01': np.float32(1.6475275)}, {'J01': 13}, {'J01': 38}, 
1280.0, {'J01': np.float32(-2.4656658)}, {'J01': 13}, {'J01': 31}, 
1285.0, {'J01': np.float32(2.4358115)}, {'J01': 13}, {'J01': 32}, 
1290.0, {'J01': np.float32(0.26563784)}, {'J01': 12}, {'J01': 38}, 
1295.0, {'J01': np.float32(-2.2606363)}, {'J01': 13}, {'J01': 45}, 
1300.0, {'J01': np.float32(1.8605171)}, {'J01': 13}, {'J01': 49}, 
1305.0, {'J01': np.float32(-3.0)}, {'J01': 13}, {'J01': 52}, 
1310.0, {'J01': np.float32(2.1785433)}, {'J01': 13}, {'J01': 49}, 
1315.0, {'J01': np.float32(-1.543013)}, {'J01': 13}, {'J01': 51}, 
1320.0, {'J01': np.float32(-1.1362591)}, {'J01': 14}, {'J01': 48}, 
1325.0, {'J01': np.float32(0.016834967)}, {'J01': 12}, {'J01': 42}, 
1330.0, {'J01': np.float32(3.0)}, {'J01': 9}, {'J01': 35}, 
1335.0, {'J01': np.float32(-1.6834072)}, {'J01': 9}, {'J01': 40}, 
1340.0, {'J01': np.float32(0.7369167)}, {'J01': 9}, {'J01': 40}, 
1345.0, {'J01': np.float32(-0.6210102)}, {'J01': 10}, {'J01': 46}, 
1350.0, {'J01': np.float32(-1.083516)}, {'J01': 10}, {'J01': 40}, 
1355.0, {'J01': np.float32(0.060150325)}, {'J01': 7}, {'J01': 31}, 
1360.0, {'J01': np.float32(3.0)}, {'J01': 6}, {'J01': 33}, 
1365.0, {'J01': np.float32(-0.5969753)}, {'J01': 6}, {'J01': 37}, 
1370.0, {'J01': np.float32(-3.0)}, {'J01': 8}, {'J01': 45}, 
1375.0, {'J01': np.float32(1.9369848)}, {'J01': 8}, {'J01': 41}, 
1380.0, {'J01': np.float32(-0.8349038)}, {'J01': 8}, {'J01': 42}, 
1385.0, {'J01': np.float32(0.12502368)}, {'J01': 7}, {'J01': 35}, 
1390.0, {'J01': np.float32(2.3925276)}, {'J01': 6}, {'J01': 31}, 
1395.0, {'J01': np.float32(0.34787363)}, {'J01': 5}, {'J01': 27}, 
1400.0, {'J01': np.float32(-0.80299234)}, {'J01': 4}, {'J01': 22}, 
1405.0, {'J01': np.float32(1.1510221)}, {'J01': 4}, {'J01': 22}, 
1410.0, {'J01': np.float32(-1.1558242)}, {'J01': 4}, {'J01': 20}, 
1415.0, {'J01': np.float32(-0.077865034)}, {'J01': 7}, {'J01': 27}, 
1420.0, {'J01': np.float32(0.10846624)}, {'J01': 8}, {'J01': 32}, 
1425.0, {'J01': np.float32(-2.516212)}, {'J01': 8}, {'J01': 35}, 
1430.0, {'J01': np.float32(0.5252007)}, {'J01': 8}, {'J01': 35}, 
1435.0, {'J01': np.float32(0.8424358)}, {'J01': 8}, {'J01': 40}, 
1440.0, {'J01': np.float32(0.3647495)}, {'J01': 8}, {'J01': 37}, 
1445.0, {'J01': np.float32(-3.0)}, {'J01': 8}, {'J01': 35}, 
1450.0, {'J01': np.float32(2.7095683)}, {'J01': 8}, {'J01': 34}, 
1455.0, {'J01': np.float32(0.04580509)}, {'J01': 8}, {'J01': 32}, 
1460.0, {'J01': np.float32(-1.971592)}, {'J01': 8}, {'J01': 35}, 
1465.0, {'J01': np.float32(-3.0)}, {'J01': 8}, {'J01': 39}, 
1470.0, {'J01': np.float32(2.8449636)}, {'J01': 8}, {'J01': 41}, 
1475.0, {'J01': np.float32(1.4455853)}, {'J01': 7}, {'J01': 35}, 
1480.0, {'J01': np.float32(-2.3134284)}, {'J01': 7}, {'J01': 35}, 
1485.0, {'J01': np.float32(1.7391647)}, {'J01': 7}, {'J01': 34}, 
1490.0, {'J01': np.float32(-0.5940743)}, {'J01': 7}, {'J01': 35}, 
1495.0, {'J01': np.float32(-3.0)}, {'J01': 8}, {'J01': 37}, 
1500.0, {'J01': np.float32(3.0)}, {'J01': 8}, {'J01': 38}, 
1505.0, {'J01': np.float32(-2.0308125)}, {'J01': 8}, {'J01': 39}, 
1510.0, {'J01': np.float32(1.3006411)}, {'J01': 8}, {'J01': 40}, 
1515.0, {'J01': np.float32(-0.5582461)}, {'J01': 8}, {'J01': 41}, 
1520.0, {'J01': np.float32(-1.0750065)}, {'J01': 8}, {'J01': 40}, 
1525.0, {'J01': np.float32(-1.0901256)}, {'J01': 7}, {'J01': 36}, 
1530.0, {'J01': np.float32(-0.4615296)}, {'J01': 4}, {'J01': 26}, 
1535.0, {'J01': np.float32(3.0)}, {'J01': 4}, {'J01': 25}, 
1540.0, {'J01': np.float32(0.36015236)}, {'J01': 4}, {'J01': 25}, 
1545.0, {'J01': np.float32(-2.0057495)}, {'J01': 7}, {'J01': 34}, 
1550.0, {'J01': np.float32(2.4312048)}, {'J01': 8}, {'J01': 41}, 
1555.0, {'J01': np.float32(-1.2757233)}, {'J01': 8}, {'J01': 41}, 
1560.0, {'J01': np.float32(-1.5981016)}, {'J01': 8}, {'J01': 43}, 
1565.0, {'J01': np.float32(3.0)}, {'J01': 8}, {'J01': 38}, 
1570.0, {'J01': np.float32(-0.68226737)}, {'J01': 8}, {'J01': 38}, 
1575.0, {'J01': np.float32(-3.0)}, {'J01': 8}, {'J01': 37}, 
1580.0, {'J01': np.float32(2.9893308)}, {'J01': 8}, {'J01': 35}, 
1585.0, {'J01': np.float32(-0.32734153)}, {'J01': 8}, {'J01': 40}, 
1590.0, {'J01': np.float32(-1.4391207)}, {'J01': 8}, {'J01': 40}, 
1595.0, {'J01': np.float32(3.0)}, {'J01': 7}, {'J01': 38}, 
1600.0, {'J01': np.float32(1.8329955)}, {'J01': 5}, {'J01': 28}, 
1605.0, {'J01': np.float32(-0.27084756)}, {'J01': 4}, {'J01': 24}, 
1610.0, {'J01': np.float32(1.3490007)}, {'J01': 4}, {'J01': 19}, 
1615.0, {'J01': np.float32(-0.88800156)}, {'J01': 4}, {'J01': 21}, 
1620.0, {'J01': np.float32(0.707604)}, {'J01': 5}, {'J01': 31}, 
1625.0, {'J01': np.float32(-0.42879277)}, {'J01': 8}, {'J01': 35}, 
1630.0, {'J01': np.float32(-3.0)}, {'J01': 8}, {'J01': 35}, 
1635.0, {'J01': np.float32(3.0)}, {'J01': 8}, {'J01': 36}, 
1640.0, {'J01': np.float32(-0.44767678)}, {'J01': 8}, {'J01': 38}, 
1645.0, {'J01': np.float32(-2.1380448)}, {'J01': 8}, {'J01': 42}, 
1650.0, {'J01': np.float32(1.5677587)}, {'J01': 8}, {'J01': 41}, 
1655.0, {'J01': np.float32(-0.61108863)}, {'J01': 8}, {'J01': 42}, 
1660.0, {'J01': np.float32(-2.8700287)}, {'J01': 8}, {'J01': 47}, 
1665.0, {'J01': np.float32(1.4929941)}, {'J01': 8}, {'J01': 42}, 
1670.0, {'J01': np.float32(-1.1609753)}, {'J01': 8}, {'J01': 42}, 
1675.0, {'J01': np.float32(-0.7849245)}, {'J01': 8}, {'J01': 39}, 
1680.0, {'J01': np.float32(1.5389644)}, {'J01': 8}, {'J01': 38}, 
1685.0, {'J01': np.float32(-3.0)}, {'J01': 8}, {'J01': 44}, 
1690.0, {'J01': np.float32(-3.0)}, {'J01': 8}, {'J01': 39}, 
1695.0, {'J01': np.float32(3.0)}, {'J01': 8}, {'J01': 41}, 
1700.0, {'J01': np.float32(-0.8180693)}, {'J01': 7}, {'J01': 38}, 
1705.0, {'J01': np.float32(-1.3852115)}, {'J01': 5}, {'J01': 26}, 
1710.0, {'J01': np.float32(-0.0087370025)}, {'J01': 4}, {'J01': 24}, 
1715.0, {'J01': np.float32(3.0)}, {'J01': 4}, {'J01': 25}, 
1720.0, {'J01': np.float32(-1.9484843)}, {'J01': 6}, {'J01': 27}, 
1725.0, {'J01': np.float32(3.0)}, {'J01': 8}, {'J01': 31}, 
1730.0, {'J01': np.float32(-1.1408849)}, {'J01': 8}, {'J01': 31}, 
1735.0, {'J01': np.float32(-1.909548)}, {'J01': 7}, {'J01': 31}, 
1740.0, {'J01': np.float32(3.0)}, {'J01': 6}, {'J01': 29}, 
1745.0, {'J01': np.float32(-1.1742641)}, {'J01': 6}, {'J01': 30}, 
1750.0, {'J01': np.float32(-0.45631397)}, {'J01': 7}, {'J01': 35}, 
1755.0, {'J01': np.float32(0.098109715)}, {'J01': 8}, {'J01': 39}, 
1760.0, {'J01': np.float32(-1.297037)}, {'J01': 8}, {'J01': 37}, 
1765.0, {'J01': np.float32(-3.0)}, {'J01': 8}, {'J01': 37}, 
1770.0, {'J01': np.float32(3.0)}, {'J01': 8}, {'J01': 34}, 
1775.0, {'J01': np.float32(-3.0)}, {'J01': 8}, {'J01': 36}, 
1780.0, {'J01': np.float32(-2.278606)}, {'J01': 8}, {'J01': 34}, 
1785.0, {'J01': np.float32(3.0)}, {'J01': 8}, {'J01': 37}, 
1790.0, {'J01': np.float32(-1.4810686)}, {'J01': 8}, {'J01': 39}, 
1795.0, {'J01': np.float32(2.5952146)}, {'J01': 7}, {'J01': 38}, 
1800.0, {'J01': np.float32(0.05916568)}, {'J01': 7}, {'J01': 36}, 
1805.0, {'J01': np.float32(-1.850185)}, {'J01': 7}, {'J01': 33}, 
1810.0, {'J01': np.float32(2.109062)}, {'J01': 7}, {'J01': 31}, 
1815.0, {'J01': np.float32(-3.0)}, {'J01': 7}, {'J01': 34}, 
1820.0, {'J01': np.float32(-1.718974)}, {'J01': 7}, {'J01': 38}, 
1825.0, {'J01': np.float32(2.3548753)}, {'J01': 8}, {'J01': 46}, 
1830.0, {'J01': np.float32(-3.0)}, {'J01': 8}, {'J01': 47}, 
1835.0, {'J01': np.float32(3.0)}, {'J01': 8}, {'J01': 47}, 
1840.0, {'J01': np.float32(-0.8054924)}, {'J01': 8}, {'J01': 49}, 
1845.0, {'J01': np.float32(-2.4555383)}, {'J01': 8}, {'J01': 52}, 
1850.0, {'J01': np.float32(1.9024162)}, {'J01': 8}, {'J01': 47}, 
1855.0, {'J01': np.float32(-0.0921247)}, {'J01': 8}, {'J01': 47}, 
1860.0, {'J01': np.float32(-0.83073634)}, {'J01': 8}, {'J01': 48}, 
1865.0, {'J01': np.float32(1.3893791)}, {'J01': 7}, {'J01': 40}, 
1870.0, {'J01': np.float32(2.372141)}, {'J01': 5}, {'J01': 30}, 
1875.0, {'J01': np.float32(1.1970851)}, {'J01': 5}, {'J01': 25}, 
1880.0, {'J01': np.float32(0.9471591)}, {'J01': 5}, {'J01': 24}, 
1885.0, {'J01': np.float32(-0.18812767)}, {'J01': 5}, {'J01': 21}, 
1890.0, {'J01': np.float32(-1.0598992)}, {'J01': 5}, {'J01': 20}, 
1895.0, {'J01': np.float32(-2.6681852)}, {'J01': 5}, {'J01': 20}, 
1900.0, {'J01': np.float32(3.0)}, {'J01': 4}, {'J01': 19}, 
1905.0, {'J01': np.float32(0.12739722)}, {'J01': 4}, {'J01': 27}, 
1910.0, {'J01': np.float32(-3.0)}, {'J01': 6}, {'J01': 36}, 
1915.0, {'J01': np.float32(3.0)}, {'J01': 8}, {'J01': 39}, 
1920.0, {'J01': np.float32(0.2499147)}, {'J01': 8}, {'J01': 42}, 
1925.0, {'J01': np.float32(-3.0)}, {'J01': 8}, {'J01': 44}, 
1930.0, {'J01': np.float32(1.8279063)}, {'J01': 8}, {'J01': 43}, 
1935.0, {'J01': np.float32(-2.144355)}, {'J01': 8}, {'J01': 45}, 
1940.0, {'J01': np.float32(0.119797595)}, {'J01': 8}, {'J01': 40}, 
1945.0, {'J01': np.float32(-2.1102097)}, {'J01': 7}, {'J01': 32}, 
1950.0, {'J01': np.float32(3.0)}, {'J01': 6}, {'J01': 27}, 
1955.0, {'J01': np.float32(-1.7671677)}, {'J01': 6}, {'J01': 31}, 
1960.0, {'J01': np.float32(-3.0)}, {'J01': 7}, {'J01': 34}, 
1965.0, {'J01': np.float32(3.0)}, {'J01': 8}, {'J01': 34}, 
1970.0, {'J01': np.float32(-1.0505874)}, {'J01': 8}, {'J01': 34}, 
1975.0, {'J01': np.float32(-3.0)}, {'J01': 8}, {'J01': 37}, 
1980.0, {'J01': np.float32(3.0)}, {'J01': 8}, {'J01': 37}, 
1985.0, {'J01': np.float32(-1.0477297)}, {'J01': 8}, {'J01': 40}, 
1990.0, {'J01': np.float32(-0.27936715)}, {'J01': 8}, {'J01': 44}, 
1995.0, {'J01': np.float32(-0.27205318)}, {'J01': 8}, {'J01': 45}, 
2000.0, {'J01': np.float32(-3.0)}, {'J01': 8}, {'J01': 49}, 
2005.0, {'J01': np.float32(2.5227625)}, {'J01': 8}, {'J01': 45}, 
2010.0, {'J01': np.float32(-1.899247)}, {'J01': 8}, {'J01': 42}, 
2015.0, {'J01': np.float32(-1.656064)}, {'J01': 8}, {'J01': 39}, 
2020.0, {'J01': np.float32(3.0)}, {'J01': 8}, {'J01': 43}, 
2025.0, {'J01': np.float32(-2.5414932)}, {'J01': 8}, {'J01': 42}, 
2030.0, {'J01': np.float32(0.6103469)}, {'J01': 10}, {'J01': 41}, 
2035.0, {'J01': np.float32(0.87823313)}, {'J01': 10}, {'J01': 40}, 
2040.0, {'J01': np.float32(0.2989689)}, {'J01': 10}, {'J01': 41}, 
2045.0, {'J01': np.float32(1.1037881)}, {'J01': 8}, {'J01': 35}, 
2050.0, {'J01': np.float32(0.74422514)}, {'J01': 4}, {'J01': 26}, 
2055.0, {'J01': np.float32(-0.56083757)}, {'J01': 4}, {'J01': 23}, 
2060.0, {'J01': np.float32(3.0)}, {'J01': 4}, {'J01': 32}, 
2065.0, {'J01': np.float32(-0.38227892)}, {'J01': 6}, {'J01': 36}, 
2070.0, {'J01': np.float32(-3.0)}, {'J01': 8}, {'J01': 43}, 
2075.0, {'J01': np.float32(0.13491184)}, {'J01': 8}, {'J01': 42}, 
2080.0, {'J01': np.float32(2.7325792)}, {'J01': 8}, {'J01': 42}, 
2085.0, {'J01': np.float32(-2.1661644)}, {'J01': 7}, {'J01': 38}, 
2090.0, {'J01': np.float32(2.868848)}, {'J01': 6}, {'J01': 30}, 
2095.0, {'J01': np.float32(-1.4100833)}, {'J01': 6}, {'J01': 35}, 
2100.0, {'J01': np.float32(0.7468779)}, {'J01': 6}, {'J01': 36}, 
2105.0, {'J01': np.float32(-0.28381655)}, {'J01': 6}, {'J01': 33}, 
2110.0, {'J01': np.float32(-0.9982123)}, {'J01': 6}, {'J01': 30}, 
2115.0, {'J01': np.float32(1.4538536)}, {'J01': 7}, {'J01': 33}, 
2120.0, {'J01': np.float32(-2.674213)}, {'J01': 8}, {'J01': 48}, 
2125.0, {'J01': np.float32(-0.9497484)}, {'J01': 9}, {'J01': 50}, 
2130.0, {'J01': np.float32(2.5397718)}, {'J01': 7}, {'J01': 38}, 
2135.0, {'J01': np.float32(-0.589098)}, {'J01': 7}, {'J01': 38}, 
2140.0, {'J01': np.float32(-3.0)}, {'J01': 7}, {'J01': 42}, 
2145.0, {'J01': np.float32(3.0)}, {'J01': 8}, {'J01': 45}, 
2150.0, {'J01': np.float32(-0.12179463)}, {'J01': 8}, {'J01': 44}, 
2155.0, {'J01': np.float32(-3.0)}, {'J01': 8}, {'J01': 46}, 
2160.0, {'J01': np.float32(3.0)}, {'J01': 8}, {'J01': 43}, 
2165.0, {'J01': np.float32(-1.5164262)}, {'J01': 8}, {'J01': 45}, 
2170.0, {'J01': np.float32(-1.2378381)}, {'J01': 8}, {'J01': 43}, 
2175.0, {'J01': np.float32(2.5462222)}, {'J01': 9}, {'J01': 43}, 
2180.0, {'J01': np.float32(-0.5244385)}, {'J01': 9}, {'J01': 44}, 
2185.0, {'J01': np.float32(-0.1451728)}, {'J01': 9}, {'J01': 44}, 
2190.0, {'J01': np.float32(0.48256522)}, {'J01': 10}, {'J01': 37}, 
2195.0, {'J01': np.float32(1.0376452)}, {'J01': 6}, {'J01': 26}, 
2200.0, {'J01': np.float32(2.5131118)}, {'J01': 4}, {'J01': 22}, 
2205.0, {'J01': np.float32(-1.715031)}, {'J01': 4}, {'J01': 30}, 
2210.0, {'J01': np.float32(-2.4788697)}, {'J01': 6}, {'J01': 31}, 
2215.0, {'J01': np.float32(3.0)}, {'J01': 8}, {'J01': 37}, 
2220.0, {'J01': np.float32(-0.33576578)}, {'J01': 8}, {'J01': 36}, 
2225.0, {'J01': np.float32(-0.9046022)}, {'J01': 6}, {'J01': 30}, 
2230.0, {'J01': np.float32(1.2578576)}, {'J01': 6}, {'J01': 27}, 
2235.0, {'J01': np.float32(-0.057254393)}, {'J01': 6}, {'J01': 30}, 
2240.0, {'J01': np.float32(-0.18172072)}, {'J01': 7}, {'J01': 33}, 
2245.0, {'J01': np.float32(-0.15087697)}, {'J01': 8}, {'J01': 36}, 
2250.0, {'J01': np.float32(-1.0251491)}, {'J01': 8}, {'J01': 37}, 
2255.0, {'J01': np.float32(0.18567021)}, {'J01': 8}, {'J01': 37}, 
2260.0, {'J01': np.float32(-0.0525457)}, {'J01': 8}, {'J01': 42}, 
2265.0, {'J01': np.float32(-2.4444537)}, {'J01': 8}, {'J01': 46}, 
2270.0, {'J01': np.float32(1.5184299)}, {'J01': 8}, {'J01': 50}, 
2275.0, {'J01': np.float32(-0.6581776)}, {'J01': 8}, {'J01': 51}, 
2280.0, {'J01': np.float32(-0.3280727)}, {'J01': 7}, {'J01': 45}, 
2285.0, {'J01': np.float32(1.0597917)}, {'J01': 5}, {'J01': 31}, 
2290.0, {'J01': np.float32(-0.6159115)}, {'J01': 4}, {'J01': 22}, 
2295.0, {'J01': np.float32(3.0)}, {'J01': 4}, {'J01': 17}, 
2300.0, {'J01': np.float32(-0.19165125)}, {'J01': 3}, {'J01': 24}, 
2305.0, {'J01': np.float32(-2.7667527)}, {'J01': 6}, {'J01': 28}, 
2310.0, {'J01': np.float32(-3.0)}, {'J01': 8}, {'J01': 37}, 
2315.0, {'J01': np.float32(3.0)}, {'J01': 8}, {'J01': 38}, 
2320.0, {'J01': np.float32(2.9126961)}, {'J01': 8}, {'J01': 39}, 
2325.0, {'J01': np.float32(-0.7515282)}, {'J01': 8}, {'J01': 38}, 
2330.0, {'J01': np.float32(-0.61420184)}, {'J01': 8}, {'J01': 41}, 
2335.0, {'J01': np.float32(-0.023930065)}, {'J01': 8}, {'J01': 39}, 
2340.0, {'J01': np.float32(-1.019812)}, {'J01': 8}, {'J01': 40}, 
2345.0, {'J01': np.float32(-1.1043082)}, {'J01': 7}, {'J01': 37}, 
2350.0, {'J01': np.float32(-1.195052)}, {'J01': 5}, {'J01': 30}, 
2355.0, {'J01': np.float32(3.0)}, {'J01': 4}, {'J01': 24}, 
2360.0, {'J01': np.float32(-0.01442433)}, {'J01': 4}, {'J01': 27}, 
2365.0, {'J01': np.float32(-1.0152456)}, {'J01': 6}, {'J01': 34}, 
2370.0, {'J01': np.float32(0.7305262)}, {'J01': 8}, {'J01': 39}, 
2375.0, {'J01': np.float32(-0.32244265)}, {'J01': 8}, {'J01': 39}, 
2380.0, {'J01': np.float32(-1.671218)}, {'J01': 8}, {'J01': 43}, 
2385.0, {'J01': np.float32(0.5955171)}, {'J01': 8}, {'J01': 41}, 
2390.0, {'J01': np.float32(-0.5726868)}, {'J01': 8}, {'J01': 41}, 
2395.0, {'J01': np.float32(-0.885646)}, {'J01': 8}, {'J01': 37}, 
2400.0, {'J01': np.float32(0.8529343)}, {'J01': 6}, {'J01': 29}, 
2405.0, {'J01': np.float32(-0.17342035)}, {'J01': 4}, {'J01': 21}, 
2410.0, {'J01': np.float32(3.0)}, {'J01': 4}, {'J01': 18}, 
2415.0, {'J01': np.float32(-0.11997835)}, {'J01': 4}, {'J01': 22}, 
2420.0, {'J01': np.float32(-1.201988)}, {'J01': 5}, {'J01': 30}, 
2425.0, {'J01': np.float32(1.3894603)}, {'J01': 8}, {'J01': 36}, 
2430.0, {'J01': np.float32(-0.38603655)}, {'J01': 8}, {'J01': 36}, 
2435.0, {'J01': np.float32(-1.5987082)}, {'J01': 8}, {'J01': 36}, 
2440.0, {'J01': np.float32(1.0932533)}, {'J01': 8}, {'J01': 35}, 
2445.0, {'J01': np.float32(-0.72303814)}, {'J01': 8}, {'J01': 37}, 
2450.0, {'J01': np.float32(-2.5248556)}, {'J01': 8}, {'J01': 38}, 
2455.0, {'J01': np.float32(2.5541158)}, {'J01': 8}, {'J01': 40}, 
2460.0, {'J01': np.float32(-0.4162481)}, {'J01': 8}, {'J01': 35}, 
2465.0, {'J01': np.float32(0.4272963)}, {'J01': 7}, {'J01': 35}, 
2470.0, {'J01': np.float32(-0.86625105)}, {'J01': 6}, {'J01': 24}, 
2475.0, {'J01': np.float32(1.8793259)}, {'J01': 6}, {'J01': 24}, 
2480.0, {'J01': np.float32(-0.2259668)}, {'J01': 6}, {'J01': 27}, 
2485.0, {'J01': np.float32(-2.7327724)}, {'J01': 7}, {'J01': 32}, 
2490.0, {'J01': np.float32(2.1417809)}, {'J01': 8}, {'J01': 35}, 
2495.0, {'J01': np.float32(-0.19288844)}, {'J01': 8}, {'J01': 32}, 
2500.0, {'J01': np.float32(-0.74365)}, {'J01': 7}, {'J01': 32}, 
2505.0, {'J01': np.float32(0.08792322)}, {'J01': 6}, {'J01': 25}, 
2510.0, {'J01': np.float32(-0.70373)}, {'J01': 4}, {'J01': 18}, 
2515.0, {'J01': np.float32(3.0)}, {'J01': 4}, {'J01': 19}, 
2520.0, {'J01': np.float32(-0.049028676)}, {'J01': 4}, {'J01': 22}, 
2525.0, {'J01': np.float32(-2.4645143)}, {'J01': 7}, {'J01': 31}, 
2530.0, {'J01': np.float32(1.8129605)}, {'J01': 8}, {'J01': 34}, 
2535.0, {'J01': np.float32(-0.62104267)}, {'J01': 8}, {'J01': 34}, 
2540.0, {'J01': np.float32(-3.0)}, {'J01': 8}, {'J01': 37}, 
2545.0, {'J01': np.float32(2.756712)}, {'J01': 8}, {'J01': 36}, 
2550.0, {'J01': np.float32(-1.224613)}, {'J01': 8}, {'J01': 36}, 
2555.0, {'J01': np.float32(-3.0)}, {'J01': 8}, {'J01': 38}, 
2560.0, {'J01': np.float32(-0.14385624)}, {'J01': 8}, {'J01': 34}, 
2565.0, {'J01': np.float32(2.6816645)}, {'J01': 8}, {'J01': 32}, 
2570.0, {'J01': np.float32(0.1434641)}, {'J01': 8}, {'J01': 34}, 
2575.0, {'J01': np.float32(0.7953106)}, {'J01': 6}, {'J01': 30}, 
2580.0, {'J01': np.float32(0.6665586)}, {'J01': 4}, {'J01': 24}, 
2585.0, {'J01': np.float32(-0.18898058)}, {'J01': 4}, {'J01': 19}, 
2590.0, {'J01': np.float32(1.3734325)}, {'J01': 3}, {'J01': 14}, 
2595.0, {'J01': np.float32(0.86345696)}, {'J01': 4}, {'J01': 18}, 
2600.0, {'J01': np.float32(-2.700629)}, {'J01': 7}, {'J01': 29}, 
2605.0, {'J01': np.float32(1.7775321)}, {'J01': 8}, {'J01': 33}, 
2610.0, {'J01': np.float32(0.13979927)}, {'J01': 8}, {'J01': 35}, 
2615.0, {'J01': np.float32(-1.1189384)}, {'J01': 8}, {'J01': 35}, 
2620.0, {'J01': np.float32(-2.8886693)}, {'J01': 8}, {'J01': 40}, 
2625.0, {'J01': np.float32(2.7793682)}, {'J01': 8}, {'J01': 39}, 
2630.0, {'J01': np.float32(-3.0)}, {'J01': 8}, {'J01': 37}, 
2635.0, {'J01': np.float32(-3.0)}, {'J01': 8}, {'J01': 34}, 
2640.0, {'J01': np.float32(3.0)}, {'J01': 8}, {'J01': 35}, 
2645.0, {'J01': np.float32(-0.95833415)}, {'J01': 8}, {'J01': 38}, 
2650.0, {'J01': np.float32(-2.5257435)}, {'J01': 8}, {'J01': 39}, 
2655.0, {'J01': np.float32(1.9421655)}, {'J01': 8}, {'J01': 35}, 
2660.0, {'J01': np.float32(-1.3364612)}, {'J01': 8}, {'J01': 34}, 
2665.0, {'J01': np.float32(0.8693262)}, {'J01': 8}, {'J01': 35}, 
2670.0, {'J01': np.float32(-0.85883)}, {'J01': 8}, {'J01': 38}, 
2675.0, {'J01': np.float32(-2.008235)}, {'J01': 8}, {'J01': 35}, 
2680.0, {'J01': np.float32(2.6431246)}, {'J01': 8}, {'J01': 33}, 
2685.0, {'J01': np.float32(-0.65325165)}, {'J01': 8}, {'J01': 34}, 
2690.0, {'J01': np.float32(-0.94867474)}, {'J01': 8}, {'J01': 39}, 
2695.0, {'J01': np.float32(0.09135652)}, {'J01': 8}, {'J01': 40}, 
2700.0, {'J01': np.float32(-1.9947256)}, {'J01': 8}, {'J01': 44}, 
2705.0, {'J01': np.float32(2.121917)}, {'J01': 8}, {'J01': 40}, 
2710.0, {'J01': np.float32(-1.0109482)}, {'J01': 8}, {'J01': 40}, 
2715.0, {'J01': np.float32(-3.0)}, {'J01': 8}, {'J01': 42}, 
2720.0, {'J01': np.float32(3.0)}, {'J01': 8}, {'J01': 42}, 
2725.0, {'J01': np.float32(-0.001866605)}, {'J01': 9}, {'J01': 43}, 
2730.0, {'J01': np.float32(0.812201)}, {'J01': 9}, {'J01': 38}, 
2735.0, {'J01': np.float32(-1.579386)}, {'J01': 11}, {'J01': 41}, 
2740.0, {'J01': np.float32(-3.0)}, {'J01': 11}, {'J01': 42}, 
2745.0, {'J01': np.float32(-3.0)}, {'J01': 11}, {'J01': 46}, 
2750.0, {'J01': np.float32(3.0)}, {'J01': 11}, {'J01': 46}, 
2755.0, {'J01': np.float32(-1.1579483)}, {'J01': 11}, {'J01': 46}, 
2760.0, {'J01': np.float32(-0.85062265)}, {'J01': 11}, {'J01': 41}, 
2765.0, {'J01': np.float32(-1.6719569)}, {'J01': 13}, {'J01': 38}, 
2770.0, {'J01': np.float32(3.0)}, {'J01': 11}, {'J01': 35}, 
2775.0, {'J01': np.float32(3.0)}, {'J01': 9}, {'J01': 37}, 
2780.0, {'J01': np.float32(-0.9041072)}, {'J01': 8}, {'J01': 37}, 
2785.0, {'J01': np.float32(-3.0)}, {'J01': 8}, {'J01': 44}, 
2790.0, {'J01': np.float32(-3.0)}, {'J01': 10}, {'J01': 49}, 
2795.0, {'J01': np.float32(-3.0)}, {'J01': 10}, {'J01': 52}, 
2800.0, {'J01': np.float32(3.0)}, {'J01': 9}, {'J01': 44}, 
2805.0, {'J01': np.float32(1.4715732)}, {'J01': 9}, {'J01': 45}, 
2810.0, {'J01': np.float32(-0.6282027)}, {'J01': 10}, {'J01': 48}, 
2815.0, {'J01': np.float32(-0.4170122)}, {'J01': 11}, {'J01': 52}, 
2820.0, {'J01': np.float32(-3.0)}, {'J01': 11}, {'J01': 62}, 
2825.0, {'J01': np.float32(1.8660787)}, {'J01': 12}, {'J01': 59}, 
2830.0, {'J01': np.float32(-1.526827)}, {'J01': 12}, {'J01': 58}, 
2835.0, {'J01': np.float32(-3.0)}, {'J01': 12}, {'J01': 63}, 
2840.0, {'J01': np.float32(3.0)}, {'J01': 12}, {'J01': 59}, 
2845.0, {'J01': np.float32(0.16121073)}, {'J01': 12}, {'J01': 57}, 
2850.0, {'J01': np.float32(-3.0)}, {'J01': 12}, {'J01': 60}, 
2855.0, {'J01': np.float32(2.8967493)}, {'J01': 12}, {'J01': 57}, 
2860.0, {'J01': np.float32(-1.2725643)}, {'J01': 13}, {'J01': 58}, 
2865.0, {'J01': np.float32(-2.4571486)}, {'J01': 13}, {'J01': 61}, 
2870.0, {'J01': np.float32(-2.2164772)}, {'J01': 14}, {'J01': 56}, 
2875.0, {'J01': np.float32(3.0)}, {'J01': 14}, {'J01': 52}, 
2880.0, {'J01': np.float32(0.46428668)}, {'J01': 14}, {'J01': 50}, 
2885.0, {'J01': np.float32(-2.9966743)}, {'J01': 14}, {'J01': 58}, 
2890.0, {'J01': np.float32(2.0864606)}, {'J01': 14}, {'J01': 56}, 
2895.0, {'J01': np.float32(-0.8761677)}, {'J01': 16}, {'J01': 58}, 
2900.0, {'J01': np.float32(-1.7196863)}, {'J01': 16}, {'J01': 60}, 
2905.0, {'J01': np.float32(-3.0)}, {'J01': 17}, {'J01': 62}, 
2910.0, {'J01': np.float32(1.5758384)}, {'J01': 17}, {'J01': 61}, 
2915.0, {'J01': np.float32(0.17610897)}, {'J01': 20}, {'J01': 67}, 
2920.0, {'J01': np.float32(-3.0)}, {'J01': 21}, {'J01': 71}, 
2925.0, {'J01': np.float32(1.5277392)}, {'J01': 22}, {'J01': 68}, 
2930.0, {'J01': np.float32(-1.1771157)}, {'J01': 23}, {'J01': 69}, 
2935.0, {'J01': np.float32(3.0)}, {'J01': 22}, {'J01': 63}, 
2940.0, {'J01': np.float32(3.0)}, {'J01': 19}, {'J01': 47}, 
2945.0, {'J01': np.float32(1.3143102)}, {'J01': 18}, {'J01': 38}, 
2950.0, {'J01': np.float32(1.667286)}, {'J01': 16}, {'J01': 33}, 
2955.0, {'J01': np.float32(3.0)}, {'J01': 16}, {'J01': 39}, 
2960.0, {'J01': np.float32(-2.3163087)}, {'J01': 15}, {'J01': 45}, 
2965.0, {'J01': np.float32(-2.0875187)}, {'J01': 16}, {'J01': 48}, 
2970.0, {'J01': np.float32(3.0)}, {'J01': 18}, {'J01': 49}, 
2975.0, {'J01': np.float32(-1.1454005)}, {'J01': 20}, {'J01': 52}, 
2980.0, {'J01': np.float32(-2.07355)}, {'J01': 22}, {'J01': 53}, 
2985.0, {'J01': np.float32(1.1090261)}, {'J01': 22}, {'J01': 53}, 
2990.0, {'J01': np.float32(-0.23453765)}, {'J01': 22}, {'J01': 53}, 
2995.0, {'J01': np.float32(-1.4011462)}, {'J01': 22}, {'J01': 52}, 
3000.0, {'J01': np.float32(-0.77367204)}, {'J01': 24}, {'J01': 56}, 
3005.0, {'J01': np.float32(-0.15775393)}, {'J01': 24}, {'J01': 54}, 
3010.0, {'J01': np.float32(-0.7773325)}, {'J01': 25}, {'J01': 54}, 
3015.0, {'J01': np.float32(-1.2128962)}, {'J01': 25}, {'J01': 56}, 
3020.0, {'J01': np.float32(-1.1787721)}, {'J01': 27}, {'J01': 57}, 
3025.0, {'J01': np.float32(-2.5392318)}, {'J01': 27}, {'J01': 53}, 
3030.0, {'J01': np.float32(3.0)}, {'J01': 27}, {'J01': 51}, 
3035.0, {'J01': np.float32(-2.8002605)}, {'J01': 28}, {'J01': 55}, 
3040.0, {'J01': np.float32(1.1191887)}, {'J01': 28}, {'J01': 57}, 
3045.0, {'J01': np.float32(-2.3863559)}, {'J01': 28}, {'J01': 59}, 
3050.0, {'J01': np.float32(-0.902994)}, {'J01': 26}, {'J01': 52}, 
3055.0, {'J01': np.float32(3.0)}, {'J01': 26}, {'J01': 47}, 
3060.0, {'J01': np.float32(0.1373444)}, {'J01': 24}, {'J01': 41}, 
3065.0, {'J01': np.float32(2.2430952)}, {'J01': 21}, {'J01': 41}, 
3070.0, {'J01': np.float32(0.14778668)}, {'J01': 20}, {'J01': 44}, 
3075.0, {'J01': np.float32(-3.0)}, {'J01': 20}, {'J01': 49}, 
3080.0, {'J01': np.float32(-0.45484367)}, {'J01': 20}, {'J01': 50}, 
3085.0, {'J01': np.float32(2.548634)}, {'J01': 21}, {'J01': 52}, 
3090.0, {'J01': np.float32(-2.906238)}, {'J01': 24}, {'J01': 57}, 
3095.0, {'J01': np.float32(1.5321989)}, {'J01': 24}, {'J01': 56}, 
3100.0, {'J01': np.float32(-0.5359234)}, {'J01': 23}, {'J01': 56}, 
3105.0, {'J01': np.float32(-3.0)}, {'J01': 23}, {'J01': 57}, 
3110.0, {'J01': np.float32(3.0)}, {'J01': 23}, {'J01': 56}, 
3115.0, {'J01': np.float32(-1.1407632)}, {'J01': 23}, {'J01': 55}, 
3120.0, {'J01': np.float32(-0.40524247)}, {'J01': 23}, {'J01': 50}, 
3125.0, {'J01': np.float32(-1.3510236)}, {'J01': 21}, {'J01': 43}, 
3130.0, {'J01': np.float32(-2.9356694)}, {'J01': 20}, {'J01': 41}, 
3135.0, {'J01': np.float32(3.0)}, {'J01': 19}, {'J01': 43}, 
3140.0, {'J01': np.float32(0.73947686)}, {'J01': 18}, {'J01': 52}, 
3145.0, {'J01': np.float32(-1.5327266)}, {'J01': 18}, {'J01': 58}, 
3150.0, {'J01': np.float32(-3.0)}, {'J01': 19}, {'J01': 62}, 
3155.0, {'J01': np.float32(3.0)}, {'J01': 20}, {'J01': 56}, 
3160.0, {'J01': np.float32(-0.43426853)}, {'J01': 22}, {'J01': 61}, 
3165.0, {'J01': np.float32(-2.2981663)}, {'J01': 22}, {'J01': 62}, 
3170.0, {'J01': np.float32(0.55030686)}, {'J01': 24}, {'J01': 69}, 
3175.0, {'J01': np.float32(-1.1442028)}, {'J01': 24}, {'J01': 73}, 
3180.0, {'J01': np.float32(-1.1955131)}, {'J01': 29}, {'J01': 73}, 
3185.0, {'J01': np.float32(-1.3185382)}, {'J01': 27}, {'J01': 60}, 
3190.0, {'J01': np.float32(0.26880276)}, {'J01': 28}, {'J01': 60}, 
3195.0, {'J01': np.float32(3.0)}, {'J01': 27}, {'J01': 61}, 
3200.0, {'J01': np.float32(-0.06127974)}, {'J01': 26}, {'J01': 64}, 
3205.0, {'J01': np.float32(-3.0)}, {'J01': 26}, {'J01': 68}, 
3210.0, {'J01': np.float32(3.0)}, {'J01': 26}, {'J01': 69}, 
3215.0, {'J01': np.float32(-1.549243)}, {'J01': 26}, {'J01': 66}, 
3220.0, {'J01': np.float32(-2.6621017)}, {'J01': 26}, {'J01': 63}, 
3225.0, {'J01': np.float32(3.0)}, {'J01': 27}, {'J01': 61}, 
3230.0, {'J01': np.float32(0.26424977)}, {'J01': 27}, {'J01': 62}, 
3235.0, {'J01': np.float32(-3.0)}, {'J01': 28}, {'J01': 64}, 
3240.0, {'J01': np.float32(2.822576)}, {'J01': 30}, {'J01': 61}, 
3245.0, {'J01': np.float32(-0.6208936)}, {'J01': 30}, {'J01': 61}, 
3250.0, {'J01': np.float32(-3.0)}, {'J01': 31}, {'J01': 63}, 
3255.0, {'J01': np.float32(3.0)}, {'J01': 32}, {'J01': 61}, 
3260.0, {'J01': np.float32(-0.7935108)}, {'J01': 32}, {'J01': 65}, 
3265.0, {'J01': np.float32(-2.6596532)}, {'J01': 32}, {'J01': 68}, 
3270.0, {'J01': np.float32(-3.0)}, {'J01': 32}, {'J01': 68}, 
3275.0, {'J01': np.float32(2.8627892)}, {'J01': 32}, {'J01': 64}, 
3280.0, {'J01': np.float32(1.8760058)}, {'J01': 32}, {'J01': 61}, 
3285.0, {'J01': np.float32(-0.021761332)}, {'J01': 29}, {'J01': 56}, 
3290.0, {'J01': np.float32(-3.0)}, {'J01': 27}, {'J01': 54}, 
3295.0, {'J01': np.float32(3.0)}, {'J01': 26}, {'J01': 51}, 
3300.0, {'J01': np.float32(-0.529617)}, {'J01': 26}, {'J01': 53}, 
3305.0, {'J01': np.float32(-0.55534226)}, {'J01': 26}, {'J01': 57}, 
3310.0, {'J01': np.float32(-0.4564755)}, {'J01': 27}, {'J01': 57}, 
3315.0, {'J01': np.float32(-1.0117072)}, {'J01': 24}, {'J01': 49}, 
3320.0, {'J01': np.float32(0.63698465)}, {'J01': 25}, {'J01': 48}, 
3325.0, {'J01': np.float32(3.0)}, {'J01': 25}, {'J01': 51}, 
3330.0, {'J01': np.float32(-3.0)}, {'J01': 25}, {'J01': 53}, 
3335.0, {'J01': np.float32(-2.8547816)}, {'J01': 25}, {'J01': 53}, 
3340.0, {'J01': np.float32(3.0)}, {'J01': 28}, {'J01': 56}, 
3345.0, {'J01': np.float32(-3.0)}, {'J01': 29}, {'J01': 60}, 
3350.0, {'J01': np.float32(2.1297596)}, {'J01': 29}, {'J01': 60}, 
3355.0, {'J01': np.float32(-0.45755225)}, {'J01': 29}, {'J01': 58}, 
3360.0, {'J01': np.float32(-0.27502036)}, {'J01': 29}, {'J01': 56}, 
3365.0, {'J01': np.float32(0.0110070305)}, {'J01': 28}, {'J01': 50}, 
3370.0, {'J01': np.float32(0.8003508)}, {'J01': 25}, {'J01': 42}, 
3375.0, {'J01': np.float32(3.0)}, {'J01': 24}, {'J01': 38}, 
3380.0, {'J01': np.float32(-0.18087706)}, {'J01': 24}, {'J01': 43}, 
3385.0, {'J01': np.float32(-1.4705946)}, {'J01': 24}, {'J01': 53}, 
3390.0, {'J01': np.float32(0.1896148)}, {'J01': 25}, {'J01': 58}, 
3395.0, {'J01': np.float32(-0.40511656)}, {'J01': 27}, {'J01': 58}, 
3400.0, {'J01': np.float32(-1.357103)}, {'J01': 29}, {'J01': 58}, 
3405.0, {'J01': np.float32(-2.603283)}, {'J01': 31}, {'J01': 56}, 
3410.0, {'J01': np.float32(-0.08175162)}, {'J01': 28}, {'J01': 51}, 
3415.0, {'J01': np.float32(0.58118004)}, {'J01': 24}, {'J01': 42}, 
3420.0, {'J01': np.float32(-0.5562686)}, {'J01': 21}, {'J01': 35}, 
3425.0, {'J01': np.float32(3.0)}, {'J01': 19}, {'J01': 32}, 
3430.0, {'J01': np.float32(0.55215335)}, {'J01': 18}, {'J01': 33}, 
3435.0, {'J01': np.float32(-0.50911367)}, {'J01': 16}, {'J01': 30}, 
3440.0, {'J01': np.float32(-0.74649775)}, {'J01': 14}, {'J01': 26}, 
3445.0, {'J01': np.float32(2.02067)}, {'J01': 14}, {'J01': 27}, 
3450.0, {'J01': np.float32(-0.98283434)}, {'J01': 15}, {'J01': 33}, 
3455.0, {'J01': np.float32(-2.2251792)}, {'J01': 16}, {'J01': 38}, 
3460.0, {'J01': np.float32(2.1821167)}, {'J01': 16}, {'J01': 37}, 
3465.0, {'J01': np.float32(-1.7031392)}, {'J01': 16}, {'J01': 45}, 
3470.0, {'J01': np.float32(-1.1907535)}, {'J01': 16}, {'J01': 44}, 
3475.0, {'J01': np.float32(1.387422)}, {'J01': 16}, {'J01': 47}, 
3480.0, {'J01': np.float32(-1.6835208)}, {'J01': 16}, {'J01': 48}, 
3485.0, {'J01': np.float32(-1.0935678)}, {'J01': 15}, {'J01': 42}, 
3490.0, {'J01': np.float32(2.6112897)}, {'J01': 14}, {'J01': 39}, 
3495.0, {'J01': np.float32(-0.35677993)}, {'J01': 13}, {'J01': 38}, 
3500.0, {'J01': np.float32(-2.9065287)}, {'J01': 14}, {'J01': 45}, 
3505.0, {'J01': np.float32(1.5808843)}, {'J01': 14}, {'J01': 49}, 
3510.0, {'J01': np.float32(-0.53091395)}, {'J01': 14}, {'J01': 50}, 
3515.0, {'J01': np.float32(-2.9397013)}, {'J01': 14}, {'J01': 48}, 
3520.0, {'J01': np.float32(-2.6269355)}, {'J01': 15}, {'J01': 45}, 
3525.0, {'J01': np.float32(3.0)}, {'J01': 14}, {'J01': 43}, 
3530.0, {'J01': np.float32(-0.8079901)}, {'J01': 13}, {'J01': 43}, 
3535.0, {'J01': np.float32(-3.0)}, {'J01': 13}, {'J01': 47}, 
3540.0, {'J01': np.float32(0.3634039)}, {'J01': 13}, {'J01': 48}, 
3545.0, {'J01': np.float32(2.0499308)}, {'J01': 14}, {'J01': 48}, 
3550.0, {'J01': np.float32(-0.010565495)}, {'J01': 10}, {'J01': 38}, 
3555.0, {'J01': np.float32(-0.8953311)}, {'J01': 6}, {'J01': 28}, 
3560.0, {'J01': np.float32(3.0)}, {'J01': 4}, {'J01': 25}, 
3565.0, {'J01': np.float32(-0.9055107)}, {'J01': 5}, {'J01': 28}, 
3570.0, {'J01': np.float32(-3.0)}, {'J01': 8}, {'J01': 39}, 
3575.0, {'J01': np.float32(3.0)}, {'J01': 7}, {'J01': 38}, 
3580.0, {'J01': np.float32(-1.0061215)}, {'J01': 8}, {'J01': 42}, 
3585.0, {'J01': np.float32(-3.0)}, {'J01': 8}, {'J01': 41}, 
3590.0, {'J01': np.float32(3.0)}, {'J01': 7}, {'J01': 35}, 
3595.0, {'J01': np.float32(-1.343474)}, {'J01': 8}, {'J01': 40}, 
3600.0, {'J01': np.float32(-2.9417262)}, {'J01': 9}, {'J01': 44}, 
3605.0, {'J01': np.float32(1.9666417)}, {'J01': 8}, {'J01': 40}, 
3610.0, {'J01': np.float32(-3.0)}, {'J01': 8}, {'J01': 42}, 
3615.0, {'J01': np.float32(-2.2084541)}, {'J01': 8}, {'J01': 41}, 
3620.0, {'J01': np.float32(3.0)}, {'J01': 11}, {'J01': 41}, 
3625.0, {'J01': np.float32(-2.847443)}, {'J01': 11}, {'J01': 45}, 
3630.0, {'J01': np.float32(1.623053)}, {'J01': 10}, {'J01': 42}, 
3635.0, {'J01': np.float32(-0.41648197)}, {'J01': 10}, {'J01': 44}, 
3640.0, {'J01': np.float32(0.16303663)}, {'J01': 10}, {'J01': 43}, 
3645.0, {'J01': np.float32(0.2798455)}, {'J01': 9}, {'J01': 38}, 
3650.0, {'J01': np.float32(0.7428196)}, {'J01': 7}, {'J01': 29}, 
3655.0, {'J01': np.float32(0.049923774)}, {'J01': 5}, {'J01': 27}, 
3660.0, {'J01': np.float32(-0.044422757)}, {'J01': 5}, {'J01': 30}, 
3665.0, {'J01': np.float32(-1.0895884)}, {'J01': 7}, {'J01': 36}, 
3670.0, {'J01': np.float32(-1.1368858)}, {'J01': 7}, {'J01': 35}, 
3675.0, {'J01': np.float32(2.7690785)}, {'J01': 6}, {'J01': 28}, 
3680.0, {'J01': np.float32(-0.091539316)}, {'J01': 6}, {'J01': 30}, 
3685.0, {'J01': np.float32(0.51955044)}, {'J01': 6}, {'J01': 34}, 
3690.0, {'J01': np.float32(3.0)}, {'J01': 8}, {'J01': 34}, 
3695.0, {'J01': np.float32(1.4051803)}, {'J01': 8}, {'J01': 31}, 
3700.0, {'J01': np.float32(-1.3117762)}, {'J01': 8}, {'J01': 30}, 
3705.0, {'J01': np.float32(-0.38300648)}, {'J01': 7}, {'J01': 26}, 
3710.0, {'J01': np.float32(-0.31732655)}, {'J01': 5}, {'J01': 18}, 
3715.0, {'J01': np.float32(3.0)}, {'J01': 4}, {'J01': 17}, 
3720.0, {'J01': np.float32(-0.06105458)}, {'J01': 4}, {'J01': 19}, 
3725.0, {'J01': np.float32(-0.38760406)}, {'J01': 7}, {'J01': 27}, 
3730.0, {'J01': np.float32(0.061979648)}, {'J01': 7}, {'J01': 27}, 
3735.0, {'J01': np.float32(0.5106383)}, {'J01': 5}, {'J01': 19}, 
3740.0, {'J01': np.float32(0.036077704)}, {'J01': 4}, {'J01': 18}, 
3745.0, {'J01': np.float32(0.019426458)}, {'J01': 4}, {'J01': 13}, 
3750.0, {'J01': np.float32(0.4051804)}, {'J01': 3}, {'J01': 15}, 
3755.0, {'J01': np.float32(0.053654023)}, {'J01': 4}, {'J01': 20}, 
3760.0, {'J01': np.float32(-0.0037002775)}, {'J01': 6}, {'J01': 21}, 
3765.0, {'J01': np.float32(0.04625347)}, {'J01': 5}, {'J01': 18}, 
3770.0, {'J01': np.float32(0.08140611)}, {'J01': 4}, {'J01': 15}, 
3775.0, {'J01': np.float32(0.35522664)}, {'J01': 4}, {'J01': 13}, 
3780.0, {'J01': np.float32(0.14246069)}, {'J01': 4}, {'J01': 12}, 
3785.0, {'J01': np.float32(-0.09435707)}, {'J01': 4}, {'J01': 11}, 
3790.0, {'J01': np.float32(0.007400555)}, {'J01': 4}, {'J01': 13}, 
3795.0, {'J01': np.float32(-0.03422757)}, {'J01': 4}, {'J01': 10}, 
3800.0, {'J01': np.float32(0.123034224)}, {'J01': 3}, {'J01': 11}, 
3805.0, {'J01': np.float32(-0.051803887)}, {'J01': 3}, {'J01': 14}, 
3810.0, {'J01': np.float32(0.002775208)}, {'J01': 3}, {'J01': 8}, 
3815.0, {'J01': np.float32(0.07585569)}, {'J01': 3}, {'J01': 10}, 
3820.0, {'J01': np.float32(0.01480111)}, {'J01': 3}, {'J01': 9}, 
3825.0, {'J01': np.float32(-0.04255319)}, {'J01': 3}, {'J01': 7}, 
3830.0, {'J01': np.float32(0.06012951)}, {'J01': 4}, {'J01': 18}, 
3835.0, {'J01': np.float32(-0.14431082)}, {'J01': 7}, {'J01': 28}, 
3840.0, {'J01': np.float32(-0.25809437)}, {'J01': 7}, {'J01': 30}, 
3845.0, {'J01': np.float32(0.12950972)}, {'J01': 4}, {'J01': 19}, 
3850.0, {'J01': np.float32(-0.07215541)}, {'J01': 4}, {'J01': 17}, 
3855.0, {'J01': np.float32(-0.023126734)}, {'J01': 4}, {'J01': 17}, 
3860.0, {'J01': np.float32(-0.3533765)}, {'J01': 6}, {'J01': 27}, 
3865.0, {'J01': np.float32(-0.1452359)}, {'J01': 7}, {'J01': 29}, 
3870.0, {'J01': np.float32(0.20629047)}, {'J01': 4}, {'J01': 21}, 
3875.0, {'J01': np.float32(-0.16281222)}, {'J01': 4}, {'J01': 19}, 
3880.0, {'J01': np.float32(0.24051803)}, {'J01': 3}, {'J01': 20}, 
3885.0, {'J01': np.float32(-0.2294172)}, {'J01': 5}, {'J01': 25}, 
3890.0, {'J01': np.float32(-0.1785384)}, {'J01': 7}, {'J01': 28}, 
3895.0, {'J01': np.float32(0.21091582)}, {'J01': 4}, {'J01': 18}, 
3900.0, {'J01': np.float32(-0.1692877)}, {'J01': 4}, {'J01': 15}, 
3905.0, {'J01': np.float32(0.25809437)}, {'J01': 4}, {'J01': 12}, 
3910.0, {'J01': np.float32(0.38945422)}, {'J01': 4}, {'J01': 9}, 
3915.0, {'J01': np.float32(0.19703978)}, {'J01': 3}, {'J01': 10}, 
3920.0, {'J01': np.float32(0.09250694)}, {'J01': 4}, {'J01': 10}, 
3925.0, {'J01': np.float32(0.11933395)}, {'J01': 4}, {'J01': 9}, 
3930.0, {'J01': np.float32(0.08973173)}, {'J01': 4}, {'J01': 19}, 
3935.0, {'J01': np.float32(-0.3265495)}, {'J01': 7}, {'J01': 28}, 
3940.0, {'J01': np.float32(-0.25809437)}, {'J01': 7}, {'J01': 28}, 
3945.0, {'J01': np.float32(0.12118409)}, {'J01': 4}, {'J01': 18}, 
3950.0, {'J01': np.float32(-0.08603145)}, {'J01': 4}, {'J01': 14}, 
3955.0, {'J01': np.float32(0.083256245)}, {'J01': 4}, {'J01': 11}, 
3960.0, {'J01': np.float32(0.07400555)}, {'J01': 4}, {'J01': 11}, 
3965.0, {'J01': np.float32(-0.15726179)}, {'J01': 4}, {'J01': 10}, 
3970.0, {'J01': np.float32(0.06567992)}, {'J01': 4}, {'J01': 12}, 
3975.0, {'J01': np.float32(-0.083256245)}, {'J01': 4}, {'J01': 22}, 
3980.0, {'J01': np.float32(-0.2599445)}, {'J01': 5}, {'J01': 24}, 
3985.0, {'J01': np.float32(-0.039777983)}, {'J01': 4}, {'J01': 16}, 
3990.0, {'J01': np.float32(0.07493062)}, {'J01': 4}, {'J01': 18}, 
3995.0, {'J01': np.float32(0.11840888)}, {'J01': 4}, {'J01': 13}, 
4000.0, {'J01': np.float32(0.06105458)}, {'J01': 3}, {'J01': 12}, 
4005.0, {'J01': np.float32(-0.24791859)}, {'J01': 4}, {'J01': 19}, 
4010.0, {'J01': np.float32(-0.08048104)}, {'J01': 5}, {'J01': 20}, 
4015.0, {'J01': np.float32(0.22849214)}, {'J01': 4}, {'J01': 17}, 
4020.0, {'J01': np.float32(-0.05920444)}, {'J01': 5}, {'J01': 23}, 
4025.0, {'J01': np.float32(-0.13413507)}, {'J01': 5}, {'J01': 24}, 
4030.0, {'J01': np.float32(0.10823312)}, {'J01': 4}, {'J01': 14}, 
4035.0, {'J01': np.float32(0.33672526)}, {'J01': 3}, {'J01': 14}, 
4040.0, {'J01': np.float32(0.03237743)}, {'J01': 3}, {'J01': 11}, 
4045.0, {'J01': np.float32(-0.2173913)}, {'J01': 3}, {'J01': 14}, 
4050.0, {'J01': np.float32(-0.005550416)}, {'J01': 4}, {'J01': 11}, 
4055.0, {'J01': np.float32(0.10453284)}, {'J01': 4}, {'J01': 13}, 
4060.0, {'J01': np.float32(0.041628122)}, {'J01': 4}, {'J01': 19}, 
4065.0, {'J01': np.float32(-0.40610546)}, {'J01': 7}, {'J01': 29}, 
4070.0, {'J01': np.float32(-0.32192415)}, {'J01': 7}, {'J01': 29}, 
4075.0, {'J01': np.float32(0.14431082)}, {'J01': 4}, {'J01': 17}, 
4080.0, {'J01': np.float32(-0.06845514)}, {'J01': 4}, {'J01': 13}, 
4085.0, {'J01': np.float32(-0.016651249)}, {'J01': 4}, {'J01': 12}, 
4090.0, {'J01': np.float32(0.056429233)}, {'J01': 4}, {'J01': 9}, 
4095.0, {'J01': np.float32(-0.079555966)}, {'J01': 4}, {'J01': 10}, 
4100.0, {'J01': np.float32(-0.22016652)}, {'J01': 4}, {'J01': 19}, 
4105.0, {'J01': np.float32(-0.38575393)}, {'J01': 7}, {'J01': 27}, 
4110.0, {'J01': np.float32(-0.2562442)}, {'J01': 7}, {'J01': 27}, 
4115.0, {'J01': np.float32(0.07678076)}, {'J01': 4}, {'J01': 17}, 
4120.0, {'J01': np.float32(-0.06845514)}, {'J01': 4}, {'J01': 13}, 
4125.0, {'J01': np.float32(0.041628122)}, {'J01': 4}, {'J01': 10}, 
4130.0, {'J01': np.float32(0.005550416)}, {'J01': 4}, {'J01': 7}, 
4135.0, {'J01': np.float32(1.2340425)}, {'J01': 3}, {'J01': 10}, 
4140.0, {'J01': np.float32(0.23774283)}, {'J01': 3}, {'J01': 10}, 
4145.0, {'J01': np.float32(-0.13691027)}, {'J01': 4}, {'J01': 10}, 
4150.0, {'J01': np.float32(0.23126735)}, {'J01': 3}, {'J01': 12}, 
4155.0, {'J01': np.float32(0.30064756)}, {'J01': 3}, {'J01': 11}, 
4160.0, {'J01': np.float32(-0.13413507)}, {'J01': 4}, {'J01': 10}, 
4165.0, {'J01': np.float32(-0.084181316)}, {'J01': 3}, {'J01': 12}, 
4170.0, {'J01': np.float32(-0.0037002775)}, {'J01': 3}, {'J01': 11}, 
4175.0, {'J01': np.float32(-0.13320999)}, {'J01': 3}, {'J01': 9}, 
4180.0, {'J01': np.float32(0.008325624)}, {'J01': 3}, {'J01': 10}, 
4185.0, {'J01': np.float32(-0.10453284)}, {'J01': 3}, {'J01': 10}, 
4190.0, {'J01': np.float32(-0.08140611)}, {'J01': 3}, {'J01': 12}, 
4195.0, {'J01': np.float32(-0.18963923)}, {'J01': 4}, {'J01': 22}, 
4200.0, {'J01': np.float32(-0.27104533)}, {'J01': 5}, {'J01': 25}, 
4205.0, {'J01': np.float32(-0.020351527)}, {'J01': 4}, {'J01': 17}, 
4210.0, {'J01': np.float32(0.006475486)}, {'J01': 3}, {'J01': 15}, 
4215.0, {'J01': np.float32(-0.19981499)}, {'J01': 3}, {'J01': 13}, 
4220.0, {'J01': np.float32(-0.055504162)}, {'J01': 3}, {'J01': 11}, 
4225.0, {'J01': np.float32(0.7261795)}, {'J01': 4}, {'J01': 12}, 
4230.0, {'J01': np.float32(0.22386679)}, {'J01': 4}, {'J01': 9}, 
4235.0, {'J01': np.float32(0.19888991)}, {'J01': 4}, {'J01': 10}, 
4240.0, {'J01': np.float32(-0.22571693)}, {'J01': 4}, {'J01': 19}, 
4245.0, {'J01': np.float32(-0.3959297)}, {'J01': 7}, {'J01': 27}, 
4250.0, {'J01': np.float32(-0.24791859)}, {'J01': 7}, {'J01': 26}, 
4255.0, {'J01': np.float32(-0.07308048)}, {'J01': 6}, {'J01': 20}, 
4260.0, {'J01': np.float32(0.040703055)}, {'J01': 4}, {'J01': 15}, 
4265.0, {'J01': np.float32(0.3617021)}, {'J01': 3}, {'J01': 13}, 
4270.0, {'J01': np.float32(0.06475486)}, {'J01': 3}, {'J01': 17}, 
4275.0, {'J01': np.float32(-0.20721555)}, {'J01': 6}, {'J01': 23}, 
4280.0, {'J01': np.float32(-0.041628122)}, {'J01': 7}, {'J01': 24}, 
4285.0, {'J01': np.float32(0.11008326)}, {'J01': 5}, {'J01': 19}, 
4290.0, {'J01': np.float32(0.004625347)}, {'J01': 4}, {'J01': 13}, 
4295.0, {'J01': np.float32(0.59389454)}, {'J01': 3}, {'J01': 11}, 
4300.0, {'J01': np.float32(-0.047178537)}, {'J01': 4}, {'J01': 16}, 
4305.0, {'J01': np.float32(-0.18316373)}, {'J01': 7}, {'J01': 24}, 
4310.0, {'J01': np.float32(-0.3654024)}, {'J01': 8}, {'J01': 26}, 
4315.0, {'J01': np.float32(0.21184088)}, {'J01': 6}, {'J01': 22}, 
4320.0, {'J01': np.float32(0.011100832)}, {'J01': 4}, {'J01': 16}, 
4325.0, {'J01': np.float32(-0.016651249)}, {'J01': 3}, {'J01': 15}, 
4330.0, {'J01': np.float32(0.083256245)}, {'J01': 4}, {'J01': 16}, 
4335.0, {'J01': np.float32(-0.18871415)}, {'J01': 7}, {'J01': 25}, 
4340.0, {'J01': np.float32(0.14431082)}, {'J01': 6}, {'J01': 23}, 
4345.0, {'J01': np.float32(0.04255319)}, {'J01': 4}, {'J01': 17}, 
4350.0, {'J01': np.float32(-0.0693802)}, {'J01': 4}, {'J01': 13}, 
4355.0, {'J01': np.float32(0.054579094)}, {'J01': 4}, {'J01': 11}, 
4360.0, {'J01': np.float32(0.061979648)}, {'J01': 4}, {'J01': 7}, 
4365.0, {'J01': np.float32(0.42183164)}, {'J01': 3}, {'J01': 10}, 
4370.0, {'J01': np.float32(0.0138760405)}, {'J01': 3}, {'J01': 8}, 
4375.0, {'J01': np.float32(0.005550416)}, {'J01': 3}, {'J01': 10}, 
4380.0, {'J01': np.float32(-0.079555966)}, {'J01': 4}, {'J01': 22}, 
4385.0, {'J01': np.float32(-0.26641998)}, {'J01': 5}, {'J01': 24}, 
4390.0, {'J01': np.float32(0.038852915)}, {'J01': 4}, {'J01': 15}, 
4395.0, {'J01': np.float32(-0.2358927)}, {'J01': 4}, {'J01': 14}, 
4400.0, {'J01': np.float32(0.42460686)}, {'J01': 4}, {'J01': 11}, 
4405.0, {'J01': np.float32(-0.14153561)}, {'J01': 4}, {'J01': 10}, 
4410.0, {'J01': np.float32(0.026827011)}, {'J01': 3}, {'J01': 11}, 
4415.0, {'J01': np.float32(-0.037927844)}, {'J01': 4}, {'J01': 19}, 
4420.0, {'J01': np.float32(-0.19703978)}, {'J01': 5}, {'J01': 21}, 
4425.0, {'J01': np.float32(-0.06845514)}, {'J01': 4}, {'J01': 14}, 
4430.0, {'J01': np.float32(0.035152636)}, {'J01': 4}, {'J01': 15}, 
4435.0, {'J01': np.float32(-0.0037002775)}, {'J01': 4}, {'J01': 12}, 
4440.0, {'J01': np.float32(0.17946346)}, {'J01': 3}, {'J01': 14}, 
4445.0, {'J01': np.float32(-0.071230344)}, {'J01': 4}, {'J01': 19}, 
4450.0, {'J01': np.float32(-0.11378353)}, {'J01': 5}, {'J01': 20}, 
4455.0, {'J01': np.float32(0.07308048)}, {'J01': 4}, {'J01': 13}, 
4460.0, {'J01': np.float32(0.056429233)}, {'J01': 3}, {'J01': 15}, 
4465.0, {'J01': np.float32(-0.038852915)}, {'J01': 3}, {'J01': 13}, 
4470.0, {'J01': np.float32(-0.06012951)}, {'J01': 3}, {'J01': 11}, 
4475.0, {'J01': np.float32(0.26364478)}, {'J01': 4}, {'J01': 12}, 
4480.0, {'J01': np.float32(0.056429233)}, {'J01': 4}, {'J01': 7}, 
4485.0, {'J01': np.float32(0.12118409)}, {'J01': 3}, {'J01': 10}, 
4490.0, {'J01': np.float32(0.17576317)}, {'J01': 4}, {'J01': 17}, 
4495.0, {'J01': np.float32(-0.3265495)}, {'J01': 8}, {'J01': 27}, 
4500.0, {'J01': np.float32(-0.30342275)}, {'J01': 7}, {'J01': 27}, 
4505.0, {'J01': np.float32(0.06382979)}, {'J01': 4}, {'J01': 18}, 
4510.0, {'J01': np.float32(-0.04255319)}, {'J01': 4}, {'J01': 15}, 
4515.0, {'J01': np.float32(-0.006475486)}, {'J01': 4}, {'J01': 13}, 
4520.0, {'J01': np.float32(-0.0573543)}, {'J01': 7}, {'J01': 18}, 
4525.0, {'J01': np.float32(-0.13228492)}, {'J01': 7}, {'J01': 21}, 
4530.0, {'J01': np.float32(0.11840888)}, {'J01': 5}, {'J01': 19}, 
4535.0, {'J01': np.float32(0.16373728)}, {'J01': 4}, {'J01': 15}, 
4540.0, {'J01': np.float32(0.039777983)}, {'J01': 3}, {'J01': 12}, 
4545.0, {'J01': np.float32(-0.026827011)}, {'J01': 3}, {'J01': 11}, 
4550.0, {'J01': np.float32(0.004625347)}, {'J01': 4}, {'J01': 12}, 
4555.0, {'J01': np.float32(0.10915819)}, {'J01': 5}, {'J01': 16}, 
4560.0, {'J01': np.float32(0.10915819)}, {'J01': 4}, {'J01': 16}, 
4565.0, {'J01': np.float32(-0.012025902)}, {'J01': 4}, {'J01': 15}, 
4570.0, {'J01': np.float32(-0.08695652)}, {'J01': 4}, {'J01': 14}, 
4575.0, {'J01': np.float32(-0.07493062)}, {'J01': 3}, {'J01': 14}, 
4580.0, {'J01': np.float32(-0.083256245)}, {'J01': 4}, {'J01': 13}, 
4585.0, {'J01': np.float32(-0.10453284)}, {'J01': 5}, {'J01': 15}, 
4590.0, {'J01': np.float32(-0.02867715)}, {'J01': 4}, {'J01': 16}, 
4595.0, {'J01': np.float32(0.30897316)}, {'J01': 3}, {'J01': 13}, 
4600.0, {'J01': np.float32(0.07493062)}, {'J01': 3}, {'J01': 12}, 
4605.0, {'J01': np.float32(-0.13228492)}, {'J01': 3}, {'J01': 11}, 
4610.0, {'J01': np.float32(0.017576318)}, {'J01': 4}, {'J01': 14}, 
4615.0, {'J01': np.float32(-0.0693802)}, {'J01': 5}, {'J01': 17}, 
4620.0, {'J01': np.float32(0.10915819)}, {'J01': 4}, {'J01': 16}, 
4625.0, {'J01': np.float32(-0.18408881)}, {'J01': 4}, {'J01': 15}, 
4630.0, {'J01': np.float32(-0.009250694)}, {'J01': 4}, {'J01': 15}, 
4635.0, {'J01': np.float32(-0.0693802)}, {'J01': 6}, {'J01': 20}, 
4640.0, {'J01': np.float32(-0.29139686)}, {'J01': 5}, {'J01': 20}, 
4645.0, {'J01': np.float32(0.17761332)}, {'J01': 4}, {'J01': 14}, 
4650.0, {'J01': np.float32(0.06845514)}, {'J01': 3}, {'J01': 11}, 
4655.0, {'J01': np.float32(0.08603145)}, {'J01': 3}, {'J01': 10}, 
4660.0, {'J01': np.float32(0.009250694)}, {'J01': 3}, {'J01': 8}, 
4665.0, {'J01': np.float32(0.08880666)}, {'J01': 4}, {'J01': 14}, 
4670.0, {'J01': np.float32(0.33950046)}, {'J01': 7}, {'J01': 20}, 
4675.0, {'J01': np.float32(-0.20906568)}, {'J01': 7}, {'J01': 22}, 
4680.0, {'J01': np.float32(-0.12495208)}, {'J01': 4}, {'J01': 18}, 
4685.0, {'J01': np.float32(0.03337021)}, {'J01': 3}, {'J01': 12}, 
4690.0, {'J01': np.float32(0.0138760405)}, {'J01': 3}, {'J01': 9}, 
4695.0, {'J01': np.float32(-0.18415652)}, {'J01': 3}, {'J01': 13}, 
4700.0, {'J01': np.float32(-0.27323404)}, {'J01': 6}, {'J01': 22}, 
4705.0, {'J01': np.float32(0.10419426)}, {'J01': 5}, {'J01': 21}, 
4710.0, {'J01': np.float32(-0.02346531)}, {'J01': 4}, {'J01': 17}, 
4715.0, {'J01': np.float32(0.020509899)}, {'J01': 3}, {'J01': 12}, 
4720.0, {'J01': np.float32(0.24514338)}, {'J01': 3}, {'J01': 12}, 
4725.0, {'J01': np.float32(-0.26086956)}, {'J01': 6}, {'J01': 20}, 
4730.0, {'J01': np.float32(-0.17946346)}, {'J01': 7}, {'J01': 24}, 
4735.0, {'J01': np.float32(-0.084181316)}, {'J01': 5}, {'J01': 20}, 
4740.0, {'J01': np.float32(-0.002775208)}, {'J01': 4}, {'J01': 14}, 
4745.0, {'J01': np.float32(0.08233117)}, {'J01': 4}, {'J01': 12}, 
4750.0, {'J01': np.float32(0.3348751)}, {'J01': 4}, {'J01': 14}, 
4755.0, {'J01': np.float32(0.21646623)}, {'J01': 6}, {'J01': 18}, 
4760.0, {'J01': np.float32(-0.0693802)}, {'J01': 4}, {'J01': 17}, 
4765.0, {'J01': np.float32(-0.10545791)}, {'J01': 4}, {'J01': 14}, 
4770.0, {'J01': np.float32(-0.04810361)}, {'J01': 4}, {'J01': 12}, 
4775.0, {'J01': np.float32(0.091581866)}, {'J01': 4}, {'J01': 11}, 
4780.0, {'J01': np.float32(-0.08973173)}, {'J01': 4}, {'J01': 10}, 
4785.0, {'J01': np.float32(-0.091581866)}, {'J01': 4}, {'J01': 10}, 
4790.0, {'J01': np.float32(-0.020351527)}, {'J01': 4}, {'J01': 11}, 
4795.0, {'J01': np.float32(-0.16558743)}, {'J01': 4}, {'J01': 11}, 
4800.0, {'J01': np.float32(-0.06475486)}, {'J01': 4}, {'J01': 9}, 
4805.0, {'J01': np.float32(-0.08973173)}, {'J01': 4}, {'J01': 9}, 
4810.0, {'J01': np.float32(-0.10915819)}, {'J01': 4}, {'J01': 8}, 
4815.0, {'J01': np.float32(-0.17021276)}, {'J01': 4}, {'J01': 14}, 
4820.0, {'J01': np.float32(-0.15541166)}, {'J01': 5}, {'J01': 16}, 
4825.0, {'J01': np.float32(-0.13506013)}, {'J01': 4}, {'J01': 14}, 
4830.0, {'J01': np.float32(-0.21924144)}, {'J01': 4}, {'J01': 13}, 
4835.0, {'J01': np.float32(-0.18038853)}, {'J01': 4}, {'J01': 14}, 
4840.0, {'J01': np.float32(-0.099907495)}, {'J01': 6}, {'J01': 18}, 
4845.0, {'J01': np.float32(-0.10453284)}, {'J01': 4}, {'J01': 14}, 
4850.0, {'J01': np.float32(-0.10638298)}, {'J01': 4}, {'J01': 12}, 
4855.0, {'J01': np.float32(-0.027752081)}, {'J01': 4}, {'J01': 10}, 
4860.0, {'J01': np.float32(-0.02960222)}, {'J01': 4}, {'J01': 9}, 
4865.0, {'J01': np.float32(-0.04810361)}, {'J01': 4}, {'J01': 7}, 
4870.0, {'J01': np.float32(-0.023126734)}, {'J01': 4}, {'J01': 8}, 
4875.0, {'J01': np.float32(-0.10453284)}, {'J01': 4}, {'J01': 6}, 
4880.0, {'J01': np.float32(-0.11840888)}, {'J01': 4}, {'J01': 8}, 
4885.0, {'J01': np.float32(0.9269195)}, {'J01': 4}, {'J01': 11}, 
4890.0, {'J01': np.float32(0.8760407)}, {'J01': 7}, {'J01': 17}, 
4895.0, {'J01': np.float32(-0.22109158)}, {'J01': 7}, {'J01': 19}, 
4900.0, {'J01': np.float32(-0.0138760405)}, {'J01': 4}, {'J01': 14}, 
4905.0, {'J01': np.float32(0.4199815)}, {'J01': 4}, {'J01': 11}, 
4910.0, {'J01': np.float32(0.51618874)}, {'J01': 3}, {'J01': 10}, 
4915.0, {'J01': np.float32(-0.033302497)}, {'J01': 3}, {'J01': 9}, 
4920.0, {'J01': np.float32(-0.051803887)}, {'J01': 3}, {'J01': 9}, 
4925.0, {'J01': np.float32(0.10638298)}, {'J01': 4}, {'J01': 14}, 
4930.0, {'J01': np.float32(0.1961147)}, {'J01': 4}, {'J01': 11}, 
4935.0, {'J01': np.float32(-0.12025902)}, {'J01': 4}, {'J01': 9}, 
4940.0, {'J01': np.float32(0.13320999)}, {'J01': 3}, {'J01': 7}, 
4945.0, {'J01': np.float32(-0.012950972)}, {'J01': 2}, {'J01': 8}, 
4950.0, {'J01': np.float32(-0.111008324)}, {'J01': 3}, {'J01': 7}, 
4955.0, {'J01': np.float32(0.09713229)}, {'J01': 2}, {'J01': 7}, 
4960.0, {'J01': np.float32(0.08880666)}, {'J01': 2}, {'J01': 6}, 
4965.0, {'J01': np.float32(-0.08973173)}, {'J01': 4}, {'J01': 8}, 
4970.0, {'J01': np.float32(-0.1480111)}, {'J01': 4}, {'J01': 8}, 
4975.0, {'J01': np.float32(0.04347826)}, {'J01': 2}, {'J01': 7}, 
4980.0, {'J01': np.float32(-0.09805735)}, {'J01': 4}, {'J01': 8}, 
4985.0, {'J01': np.float32(-0.13783534)}, {'J01': 4}, {'J01': 9}, 
4990.0, {'J01': np.float32(0.09620722)}, {'J01': 7}, {'J01': 11}, 
4995.0, {'J01': np.float32(-0.13783534)}, {'J01': 7}, {'J01': 15}, 
5000.0, {'J01': np.float32(-0.24236818)}, {'J01': 7}, {'J01': 16}, 
5005.0, {'J01': np.float32(-0.14708602)}, {'J01': 7}, {'J01': 13}, 
5010.0, {'J01': np.float32(0.07030527)}, {'J01': 6}, {'J01': 14}, 
5015.0, {'J01': np.float32(0.0453284)}, {'J01': 5}, {'J01': 11}, 
5020.0, {'J01': np.float32(0.015726179)}, {'J01': 5}, {'J01': 11}, 
5025.0, {'J01': np.float32(0.1387604)}, {'J01': 4}, {'J01': 15}, 
5030.0, {'J01': np.float32(-0.019426458)}, {'J01': 4}, {'J01': 16}, 
5035.0, {'J01': np.float32(-0.056429233)}, {'J01': 4}, {'J01': 11}, 
5040.0, {'J01': np.float32(0.13691027)}, {'J01': 3}, {'J01': 10}, 
5045.0, {'J01': np.float32(0.01480111)}, {'J01': 4}, {'J01': 12}, 
5050.0, {'J01': np.float32(0.09898242)}, {'J01': 4}, {'J01': 12}, 
5055.0, {'J01': np.float32(0.1480111)}, {'J01': 3}, {'J01': 8}, 
5060.0, {'J01': np.float32(0.1387604)}, {'J01': 5}, {'J01': 11}, 
5065.0, {'J01': np.float32(-0.015726179)}, {'J01': 6}, {'J01': 14}, 
5070.0, {'J01': np.float32(-0.008325624)}, {'J01': 4}, {'J01': 10}, 
5075.0, {'J01': np.float32(0.056429233)}, {'J01': 3}, {'J01': 8}, 
5080.0, {'J01': np.float32(-0.04440333)}, {'J01': 4}, {'J01': 10}, 
5085.0, {'J01': np.float32(-0.083256245)}, {'J01': 5}, {'J01': 12}, 
5090.0, {'J01': np.float32(-0.039777983)}, {'J01': 4}, {'J01': 11}, 
5095.0, {'J01': np.float32(-0.08603145)}, {'J01': 4}, {'J01': 9}, 
5100.0, {'J01': np.float32(-0.09713229)}, {'J01': 4}, {'J01': 10}, 
5105.0, {'J01': np.float32(-0.14153561)}, {'J01': 4}, {'J01': 8}, 
5110.0, {'J01': np.float32(-0.053654023)}, {'J01': 4}, {'J01': 8}, 
5115.0, {'J01': np.float32(-0.0138760405)}, {'J01': 4}, {'J01': 6}, 
5120.0, {'J01': np.float32(0.49121183)}, {'J01': 2}, {'J01': 5}, 
5125.0, {'J01': np.float32(0.3320999)}, {'J01': 4}, {'J01': 7}, 
5130.0, {'J01': np.float32(-0.0693802)}, {'J01': 6}, {'J01': 12}, 
5135.0, {'J01': np.float32(-0.14616096)}, {'J01': 5}, {'J01': 13}, 
5140.0, {'J01': np.float32(-0.03052729)}, {'J01': 4}, {'J01': 11}, 
5145.0, {'J01': np.float32(-0.02960222)}, {'J01': 3}, {'J01': 8}, 
5150.0, {'J01': np.float32(0.12025902)}, {'J01': 2}, {'J01': 8}, 
5155.0, {'J01': np.float32(-0.049953748)}, {'J01': 3}, {'J01': 9}, 
5160.0, {'J01': np.float32(-0.13691027)}, {'J01': 4}, {'J01': 9}, 
5165.0, {'J01': np.float32(0.091581866)}, {'J01': 2}, {'J01': 8}, 
5170.0, {'J01': np.float32(-0.055504162)}, {'J01': 2}, {'J01': 10}, 
5175.0, {'J01': np.float32(-0.15078631)}, {'J01': 3}, {'J01': 11}, 
5180.0, {'J01': np.float32(-0.13506013)}, {'J01': 4}, {'J01': 10}, 
5185.0, {'J01': np.float32(0.08695652)}, {'J01': 3}, {'J01': 9}, 
5190.0, {'J01': np.float32(-0.12858464)}, {'J01': 3}, {'J01': 9}, 
5195.0, {'J01': np.float32(-0.13968548)}, {'J01': 3}, {'J01': 9}, 
5200.0, {'J01': np.float32(0.021276595)}, {'J01': 3}, {'J01': 9}, 
5205.0, {'J01': np.float32(0.019426458)}, {'J01': 3}, {'J01': 8}, 
5210.0, {'J01': np.float32(-0.07585569)}, {'J01': 4}, {'J01': 7}, 
5215.0, {'J01': np.float32(0.08233117)}, {'J01': 3}, {'J01': 13}, 
5220.0, {'J01': np.float32(0.10147558)}, {'J01': 4}, {'J01': 16}, 
5225.0, {'J01': np.float32(-0.13574848)}, {'J01': 4}, {'J01': 14}, 
5230.0, {'J01': np.float32(-0.08136078)}, {'J01': 3}, {'J01': 11}, 
5235.0, {'J01': np.float32(0.08140611)}, {'J01': 3}, {'J01': 11}, 
5240.0, {'J01': np.float32(0.0138760405)}, {'J01': 4}, {'J01': 12}, 
5245.0, {'J01': np.float32(-0.03422757)}, {'J01': 4}, {'J01': 10}, 
5250.0, {'J01': np.float32(-0.07215541)}, {'J01': 4}, {'J01': 8}, 
5255.0, {'J01': np.float32(0.25161886)}, {'J01': 2}, {'J01': 7}, 
5260.0, {'J01': np.float32(0.09343201)}, {'J01': 3}, {'J01': 8}, 
5265.0, {'J01': np.float32(-0.07400555)}, {'J01': 2}, {'J01': 8}, 
5270.0, {'J01': np.float32(-0.10823312)}, {'J01': 2}, {'J01': 6}, 
5275.0, {'J01': np.float32(-0.12118409)}, {'J01': 4}, {'J01': 10}, 
5280.0, {'J01': np.float32(-0.21184088)}, {'J01': 7}, {'J01': 16}, 
5285.0, {'J01': np.float32(-0.12118409)}, {'J01': 7}, {'J01': 17}, 
5290.0, {'J01': np.float32(0.024051804)}, {'J01': 5}, {'J01': 15}, 
5295.0, {'J01': np.float32(-0.008325624)}, {'J01': 4}, {'J01': 12}, 
5300.0, {'J01': np.float32(0.08695652)}, {'J01': 4}, {'J01': 8}, 
5305.0, {'J01': np.float32(0.083256245)}, {'J01': 3}, {'J01': 8}, 
5310.0, {'J01': np.float32(-0.02867715)}, {'J01': 2}, {'J01': 7}, 
5315.0, {'J01': np.float32(-0.04440333)}, {'J01': 3}, {'J01': 7}, 
5320.0, {'J01': np.float32(0.30249768)}, {'J01': 4}, {'J01': 11}, 
5325.0, {'J01': np.float32(-0.10915819)}, {'J01': 5}, {'J01': 14}, 
5330.0, {'J01': np.float32(-0.023126734)}, {'J01': 4}, {'J01': 9}, 
5335.0, {'J01': np.float32(-0.0693802)}, {'J01': 3}, {'J01': 9}, 
5340.0, {'J01': np.float32(-0.06475486)}, {'J01': 4}, {'J01': 10}, 
5345.0, {'J01': np.float32(-0.12210916)}, {'J01': 6}, {'J01': 12}, 
5350.0, {'J01': np.float32(0.09343201)}, {'J01': 4}, {'J01': 10}, 
5355.0, {'J01': np.float32(-0.0906568)}, {'J01': 4}, {'J01': 9}, 
5360.0, {'J01': np.float32(-0.007400555)}, {'J01': 2}, {'J01': 7}, 
5365.0, {'J01': np.float32(-0.036077704)}, {'J01': 3}, {'J01': 6}, 
5370.0, {'J01': np.float32(0.021276595)}, {'J01': 3}, {'J01': 6}, 
5375.0, {'J01': np.float32(0.2173913)}, {'J01': 4}, {'J01': 11}, 
5380.0, {'J01': np.float32(-0.14246069)}, {'J01': 5}, {'J01': 16}, 
5385.0, {'J01': np.float32(-0.0453284)}, {'J01': 4}, {'J01': 10}, 
5390.0, {'J01': np.float32(-0.12765957)}, {'J01': 3}, {'J01': 11}, 
5395.0, {'J01': np.float32(-0.10083256)}, {'J01': 2}, {'J01': 8}, 
5400.0, {'J01': np.float32(0.07678076)}, {'J01': 3}, {'J01': 6}, 
