5.0, {'J01': -0.0}, {'J01': 0}, {'J01': 0}, 
10.0, {'J01': -6.182}, {'J01': 0}, {'J01': 0}, 
15.0, {'J01': -3.0}, {'J01': 1}, {'J01': 3}, 
20.0, {'J01': -7.091}, {'J01': 3}, {'J01': 4}, 
25.0, {'J01': -6.091}, {'J01': 2}, {'J01': 3}, 
30.0, {'J01': -2.0}, {'J01': 1}, {'J01': 2}, 
35.0, {'J01': -10.358}, {'J01': 2}, {'J01': 6}, 
40.0, {'J01': -16.182000000000002}, {'J01': 4}, {'J01': 10}, 
45.0, {'J01': -20.267}, {'J01': 5}, {'J01': 19}, 
50.0, {'J01': -26.091}, {'J01': 8}, {'J01': 23}, 
55.0, {'J01': -22.267}, {'J01': 7}, {'J01': 21}, 
60.0, {'J01': -29.534}, {'J01': 7}, {'J01': 27}, 
65.0, {'J01': -29.801000000000002}, {'J01': 7}, {'J01': 26}, 
70.0, {'J01': -23.358}, {'J01': 6}, {'J01': 19}, 
75.0, {'J01': -37.074}, {'J01': 6}, {'J01': 24}, 
80.0, {'J01': -45.256}, {'J01': 6}, {'J01': 26}, 
85.0, {'J01': -52.256}, {'J01': 8}, {'J01': 33}, 
90.0, {'J01': -51.637}, {'J01': 7}, {'J01': 30}, 
95.0, {'J01': -35.625}, {'J01': 7}, {'J01': 30}, 
100.0, {'J01': -53.171}, {'J01': 7}, {'J01': 29}, 
105.0, {'J01': -54.256}, {'J01': 8}, {'J01': 35}, 
110.0, {'J01': -70.887}, {'J01': 8}, {'J01': 38}, 
115.0, {'J01': -62.705}, {'J01': 8}, {'J01': 36}, 
120.0, {'J01': -57.699}, {'J01': 8}, {'J01': 39}, 
125.0, {'J01': -68.063}, {'J01': 8}, {'J01': 37}, 
130.0, {'J01': -47.165000000000006}, {'J01': 8}, {'J01': 31}, 
135.0, {'J01': -72.245}, {'J01': 8}, {'J01': 35}, 
140.0, {'J01': -64.41499999999999}, {'J01': 8}, {'J01': 37}, 
145.0, {'J01': -71.392}, {'J01': 8}, {'J01': 42}, 
150.0, {'J01': -65.477}, {'J01': 8}, {'J01': 41}, 
155.0, {'J01': -74.926}, {'J01': 8}, {'J01': 43}, 
160.0, {'J01': -61.386}, {'J01': 8}, {'J01': 40}, 
165.0, {'J01': -83.46600000000001}, {'J01': 8}, {'J01': 41}, 
170.0, {'J01': -69.454}, {'J01': 9}, {'J01': 43}, 
175.0, {'J01': -100.71600000000001}, {'J01': 10}, {'J01': 47}, 
180.0, {'J01': -83.17}, {'J01': 11}, {'J01': 48}, 
185.0, {'J01': -75.369}, {'J01': 10}, {'J01': 44}, 
190.0, {'J01': -76.369}, {'J01': 10}, {'J01': 45}, 
195.0, {'J01': -69.568}, {'J01': 8}, {'J01': 42}, 
200.0, {'J01': -58.119}, {'J01': 8}, {'J01': 38}, 
205.0, {'J01': -54.852000000000004}, {'J01': 9}, {'J01': 36}, 
210.0, {'J01': -60.943}, {'J01': 8}, {'J01': 39}, 
215.0, {'J01': -68.125}, {'J01': 8}, {'J01': 40}, 
220.0, {'J01': -76.307}, {'J01': 8}, {'J01': 42}, 
225.0, {'J01': -66.21}, {'J01': 10}, {'J01': 43}, 
230.0, {'J01': -59.204}, {'J01': 10}, {'J01': 44}, 
235.0, {'J01': -61.766999999999996}, {'J01': 8}, {'J01': 38}, 
240.0, {'J01': -48.403}, {'J01': 8}, {'J01': 37}, 
245.0, {'J01': -60.119}, {'J01': 9}, {'J01': 40}, 
250.0, {'J01': -67.653}, {'J01': 9}, {'J01': 45}, 
255.0, {'J01': -66.92}, {'J01': 10}, {'J01': 43}, 
260.0, {'J01': -66.301}, {'J01': 8}, {'J01': 40}, 
265.0, {'J01': -61.562000000000005}, {'J01': 8}, {'J01': 42}, 
270.0, {'J01': -68.09599999999999}, {'J01': 10}, {'J01': 46}, 
275.0, {'J01': -92.08500000000001}, {'J01': 11}, {'J01': 52}, 
280.0, {'J01': -68.568}, {'J01': 9}, {'J01': 41}, 
285.0, {'J01': -78.84100000000001}, {'J01': 9}, {'J01': 42}, 
290.0, {'J01': -67.653}, {'J01': 10}, {'J01': 45}, 
295.0, {'J01': -93.176}, {'J01': 13}, {'J01': 50}, 
300.0, {'J01': -80.108}, {'J01': 10}, {'J01': 42}, 
305.0, {'J01': -73.04599999999999}, {'J01': 7}, {'J01': 32}, 
310.0, {'J01': -32.335}, {'J01': 5}, {'J01': 26}, 
315.0, {'J01': -53.324}, {'J01': 5}, {'J01': 29}, 
320.0, {'J01': -54.585}, {'J01': 7}, {'J01': 37}, 
325.0, {'J01': -55.585}, {'J01': 8}, {'J01': 38}, 
330.0, {'J01': -55.585}, {'J01': 8}, {'J01': 38}, 
335.0, {'J01': -64.21}, {'J01': 9}, {'J01': 41}, 
340.0, {'J01': -68.483}, {'J01': 10}, {'J01': 36}, 
345.0, {'J01': -61.864}, {'J01': 8}, {'J01': 27}, 
350.0, {'J01': -51.887}, {'J01': 4}, {'J01': 19}, 
355.0, {'J01': -24.892000000000003}, {'J01': 4}, {'J01': 18}, 
360.0, {'J01': -25.631}, {'J01': 4}, {'J01': 12}, 
365.0, {'J01': -33.728}, {'J01': 4}, {'J01': 9}, 
370.0, {'J01': -46.001000000000005}, {'J01': 4}, {'J01': 12}, 
375.0, {'J01': -35.728}, {'J01': 4}, {'J01': 11}, 
380.0, {'J01': -53.274}, {'J01': 4}, {'J01': 10}, 
385.0, {'J01': -43.910000000000004}, {'J01': 4}, {'J01': 13}, 
390.0, {'J01': -46.171}, {'J01': 4}, {'J01': 22}, 
395.0, {'J01': -53.620000000000005}, {'J01': 4}, {'J01': 22}, 
400.0, {'J01': -28.364}, {'J01': 4}, {'J01': 16}, 
405.0, {'J01': -32.455}, {'J01': 4}, {'J01': 17}, 
410.0, {'J01': -47.728}, {'J01': 7}, {'J01': 23}, 
415.0, {'J01': -44.722}, {'J01': 8}, {'J01': 28}, 
420.0, {'J01': -43.637}, {'J01': 7}, {'J01': 22}, 
425.0, {'J01': -57.444}, {'J01': 6}, {'J01': 24}, 
430.0, {'J01': -49.086}, {'J01': 5}, {'J01': 20}, 
435.0, {'J01': -36.897999999999996}, {'J01': 4}, {'J01': 22}, 
440.0, {'J01': -41.903999999999996}, {'J01': 4}, {'J01': 19}, 
445.0, {'J01': -37.54}, {'J01': 7}, {'J01': 27}, 
450.0, {'J01': -49.72200000000001}, {'J01': 8}, {'J01': 33}, 
455.0, {'J01': -61.796}, {'J01': 7}, {'J01': 32}, 
460.0, {'J01': -59.796}, {'J01': 7}, {'J01': 30}, 
465.0, {'J01': -53.353}, {'J01': 6}, {'J01': 23}, 
470.0, {'J01': -63.626}, {'J01': 5}, {'J01': 24}, 
475.0, {'J01': -50.353}, {'J01': 4}, {'J01': 20}, 
480.0, {'J01': -48.529}, {'J01': 4}, {'J01': 20}, 
485.0, {'J01': -57.80200000000001}, {'J01': 4}, {'J01': 20}, 
490.0, {'J01': -71.43299999999999}, {'J01': 4}, {'J01': 20}, 
495.0, {'J01': -60.16}, {'J01': 4}, {'J01': 18}, 
500.0, {'J01': -77.23400000000001}, {'J01': 6}, {'J01': 22}, 
505.0, {'J01': -72.143}, {'J01': 6}, {'J01': 20}, 
510.0, {'J01': -88.95}, {'J01': 7}, {'J01': 25}, 
515.0, {'J01': -71.762}, {'J01': 8}, {'J01': 22}, 
520.0, {'J01': -90.83600000000001}, {'J01': 9}, {'J01': 28}, 
525.0, {'J01': -89.927}, {'J01': 9}, {'J01': 24}, 
530.0, {'J01': -102.376}, {'J01': 9}, {'J01': 29}, 
535.0, {'J01': -77.55099999999999}, {'J01': 10}, {'J01': 40}, 
540.0, {'J01': -92.824}, {'J01': 11}, {'J01': 46}, 
545.0, {'J01': -86.642}, {'J01': 11}, {'J01': 46}, 
550.0, {'J01': -94.006}, {'J01': 11}, {'J01': 41}, 
555.0, {'J01': -97.097}, {'J01': 11}, {'J01': 41}, 
560.0, {'J01': -96.631}, {'J01': 12}, {'J01': 38}, 
565.0, {'J01': -103.813}, {'J01': 12}, {'J01': 39}, 
570.0, {'J01': -99.813}, {'J01': 12}, {'J01': 35}, 
575.0, {'J01': -95.898}, {'J01': 12}, {'J01': 36}, 
580.0, {'J01': -91.898}, {'J01': 13}, {'J01': 32}, 
585.0, {'J01': -118.245}, {'J01': 14}, {'J01': 36}, 
590.0, {'J01': -125.512}, {'J01': 15}, {'J01': 42}, 
595.0, {'J01': -121.245}, {'J01': 16}, {'J01': 39}, 
600.0, {'J01': -118.33}, {'J01': 17}, {'J01': 41}, 
605.0, {'J01': -124.779}, {'J01': 17}, {'J01': 40}, 
610.0, {'J01': -71.346}, {'J01': 16}, {'J01': 38}, 
615.0, {'J01': -100.25}, {'J01': 15}, {'J01': 44}, 
620.0, {'J01': -85.346}, {'J01': 15}, {'J01': 52}, 
625.0, {'J01': -95.528}, {'J01': 16}, {'J01': 56}, 
630.0, {'J01': -96.41399999999999}, {'J01': 19}, {'J01': 58}, 
635.0, {'J01': -122.142}, {'J01': 19}, {'J01': 59}, 
640.0, {'J01': -111.77799999999999}, {'J01': 19}, {'J01': 61}, 
645.0, {'J01': -113.517}, {'J01': 18}, {'J01': 56}, 
650.0, {'J01': -84.613}, {'J01': 18}, {'J01': 50}, 
655.0, {'J01': -103.33500000000001}, {'J01': 18}, {'J01': 52}, 
660.0, {'J01': -94.14699999999999}, {'J01': 19}, {'J01': 57}, 
665.0, {'J01': -99.238}, {'J01': 19}, {'J01': 59}, 
670.0, {'J01': -110.045}, {'J01': 21}, {'J01': 58}, 
675.0, {'J01': -105.30600000000001}, {'J01': 22}, {'J01': 60}, 
680.0, {'J01': -117.846}, {'J01': 22}, {'J01': 62}, 
685.0, {'J01': -108.368}, {'J01': 22}, {'J01': 66}, 
690.0, {'J01': -123.82300000000001}, {'J01': 22}, {'J01': 66}, 
695.0, {'J01': -129.357}, {'J01': 24}, {'J01': 69}, 
700.0, {'J01': -122.738}, {'J01': 23}, {'J01': 60}, 
705.0, {'J01': -82.675}, {'J01': 22}, {'J01': 51}, 
710.0, {'J01': -93.772}, {'J01': 21}, {'J01': 51}, 
715.0, {'J01': -107.045}, {'J01': 21}, {'J01': 55}, 
720.0, {'J01': -103.863}, {'J01': 22}, {'J01': 58}, 
725.0, {'J01': -98.59599999999999}, {'J01': 22}, {'J01': 54}, 
730.0, {'J01': -93.505}, {'J01': 22}, {'J01': 52}, 
735.0, {'J01': -84.96499999999999}, {'J01': 22}, {'J01': 54}, 
740.0, {'J01': -99.505}, {'J01': 22}, {'J01': 58}, 
745.0, {'J01': -96.323}, {'J01': 23}, {'J01': 61}, 
750.0, {'J01': -90.23199999999999}, {'J01': 23}, {'J01': 58}, 
755.0, {'J01': -93.59}, {'J01': 22}, {'J01': 57}, 
760.0, {'J01': -95.15299999999999}, {'J01': 20}, {'J01': 50}, 
765.0, {'J01': -74.25500000000001}, {'J01': 18}, {'J01': 44}, 
770.0, {'J01': -74.522}, {'J01': 18}, {'J01': 43}, 
775.0, {'J01': -70.34}, {'J01': 18}, {'J01': 45}, 
780.0, {'J01': -91.971}, {'J01': 18}, {'J01': 53}, 
785.0, {'J01': -80.34}, {'J01': 20}, {'J01': 55}, 
790.0, {'J01': -82.522}, {'J01': 20}, {'J01': 51}, 
795.0, {'J01': -90.795}, {'J01': 20}, {'J01': 50}, 
800.0, {'J01': -77.346}, {'J01': 19}, {'J01': 44}, 
805.0, {'J01': -77.613}, {'J01': 19}, {'J01': 43}, 
810.0, {'J01': -72.522}, {'J01': 19}, {'J01': 41}, 
815.0, {'J01': -85.062}, {'J01': 19}, {'J01': 43}, 
820.0, {'J01': -97.33500000000001}, {'J01': 19}, {'J01': 46}, 
825.0, {'J01': -95.863}, {'J01': 22}, {'J01': 50}, 
830.0, {'J01': -95.77799999999999}, {'J01': 21}, {'J01': 45}, 
835.0, {'J01': -86.062}, {'J01': 20}, {'J01': 44}, 
840.0, {'J01': -81.70400000000001}, {'J01': 20}, {'J01': 44}, 
845.0, {'J01': -78.789}, {'J01': 20}, {'J01': 46}, 
850.0, {'J01': -82.14699999999999}, {'J01': 20}, {'J01': 45}, 
855.0, {'J01': -83.619}, {'J01': 17}, {'J01': 41}, 
860.0, {'J01': -80.443}, {'J01': 15}, {'J01': 36}, 
865.0, {'J01': -69.46}, {'J01': 15}, {'J01': 35}, 
870.0, {'J01': -75.375}, {'J01': 14}, {'J01': 36}, 
875.0, {'J01': -83.46600000000001}, {'J01': 14}, {'J01': 41}, 
880.0, {'J01': -100.364}, {'J01': 15}, {'J01': 43}, 
885.0, {'J01': -93.44900000000001}, {'J01': 16}, {'J01': 41}, 
890.0, {'J01': -88.358}, {'J01': 16}, {'J01': 39}, 
895.0, {'J01': -57.653000000000006}, {'J01': 13}, {'J01': 35}, 
900.0, {'J01': -61.653000000000006}, {'J01': 12}, {'J01': 39}, 
905.0, {'J01': -54.204}, {'J01': 12}, {'J01': 39}, 
910.0, {'J01': -66.92}, {'J01': 14}, {'J01': 43}, 
915.0, {'J01': -78.17}, {'J01': 16}, {'J01': 43}, 
920.0, {'J01': -68.545}, {'J01': 14}, {'J01': 39}, 
925.0, {'J01': -65.011}, {'J01': 13}, {'J01': 38}, 
930.0, {'J01': -85.824}, {'J01': 13}, {'J01': 39}, 
935.0, {'J01': -66.187}, {'J01': 14}, {'J01': 41}, 
940.0, {'J01': -67.659}, {'J01': 12}, {'J01': 37}, 
945.0, {'J01': -64.744}, {'J01': 12}, {'J01': 39}, 
950.0, {'J01': -60.477000000000004}, {'J01': 12}, {'J01': 36}, 
955.0, {'J01': -65.483}, {'J01': 11}, {'J01': 33}, 
960.0, {'J01': -63.75}, {'J01': 12}, {'J01': 30}, 
965.0, {'J01': -66.55099999999999}, {'J01': 15}, {'J01': 29}, 
970.0, {'J01': -80.54}, {'J01': 16}, {'J01': 25}, 
975.0, {'J01': -48.829}, {'J01': 14}, {'J01': 28}, 
980.0, {'J01': -61.926}, {'J01': 12}, {'J01': 30}, 
985.0, {'J01': -64.83500000000001}, {'J01': 12}, {'J01': 36}, 
990.0, {'J01': -71.636}, {'J01': 13}, {'J01': 39}, 
995.0, {'J01': -78.818}, {'J01': 12}, {'J01': 40}, 
1000.0, {'J01': -77.818}, {'J01': 12}, {'J01': 39}, 
1005.0, {'J01': -63.83500000000001}, {'J01': 10}, {'J01': 35}, 
1010.0, {'J01': -67.193}, {'J01': 10}, {'J01': 34}, 
1015.0, {'J01': -42.051}, {'J01': 7}, {'J01': 27}, 
1020.0, {'J01': -35.693000000000005}, {'J01': 5}, {'J01': 25}, 
1025.0, {'J01': -42.051}, {'J01': 6}, {'J01': 27}, 
1030.0, {'J01': -47.494}, {'J01': 8}, {'J01': 33}, 
1035.0, {'J01': -51.585}, {'J01': 8}, {'J01': 34}, 
1040.0, {'J01': -44.494}, {'J01': 9}, {'J01': 30}, 
1045.0, {'J01': -46.676}, {'J01': 9}, {'J01': 26}, 
1050.0, {'J01': -62.489000000000004}, {'J01': 9}, {'J01': 22}, 
1055.0, {'J01': -58.489000000000004}, {'J01': 9}, {'J01': 18}, 
1060.0, {'J01': -57.222}, {'J01': 7}, {'J01': 18}, 
1065.0, {'J01': -67.404}, {'J01': 7}, {'J01': 22}, 
1070.0, {'J01': -89.745}, {'J01': 9}, {'J01': 30}, 
1075.0, {'J01': -92.387}, {'J01': 9}, {'J01': 37}, 
1080.0, {'J01': -101.66}, {'J01': 9}, {'J01': 37}, 
1085.0, {'J01': -95.387}, {'J01': 9}, {'J01': 40}, 
1090.0, {'J01': -61.028}, {'J01': 10}, {'J01': 44}, 
1095.0, {'J01': -67.653}, {'J01': 10}, {'J01': 45}, 
1100.0, {'J01': -75.27799999999999}, {'J01': 12}, {'J01': 47}, 
1105.0, {'J01': -65.653}, {'J01': 13}, {'J01': 43}, 
1110.0, {'J01': -60.829}, {'J01': 14}, {'J01': 40}, 
1115.0, {'J01': -51.295}, {'J01': 12}, {'J01': 33}, 
1120.0, {'J01': -40.761}, {'J01': 10}, {'J01': 25}, 
1125.0, {'J01': -45.034000000000006}, {'J01': 10}, {'J01': 20}, 
1130.0, {'J01': -52.307}, {'J01': 10}, {'J01': 18}, 
1135.0, {'J01': -62.58}, {'J01': 9}, {'J01': 19}, 
1140.0, {'J01': -75.586}, {'J01': 8}, {'J01': 24}, 
1145.0, {'J01': -56.676}, {'J01': 8}, {'J01': 36}, 
1150.0, {'J01': -72.949}, {'J01': 8}, {'J01': 43}, 
1155.0, {'J01': -55.227}, {'J01': 8}, {'J01': 42}, 
1160.0, {'J01': -59.318}, {'J01': 8}, {'J01': 43}, 
1165.0, {'J01': -73.034}, {'J01': 10}, {'J01': 48}, 
1170.0, {'J01': -72.034}, {'J01': 10}, {'J01': 47}, 
1175.0, {'J01': -73.301}, {'J01': 11}, {'J01': 47}, 
1180.0, {'J01': -86.19900000000001}, {'J01': 12}, {'J01': 45}, 
1185.0, {'J01': -65.653}, {'J01': 13}, {'J01': 43}, 
1190.0, {'J01': -95.91499999999999}, {'J01': 14}, {'J01': 46}, 
1195.0, {'J01': -83.55099999999999}, {'J01': 14}, {'J01': 46}, 
1200.0, {'J01': -89.261}, {'J01': 15}, {'J01': 51}, 
1205.0, {'J01': -70.539}, {'J01': 16}, {'J01': 49}, 
1210.0, {'J01': -87.994}, {'J01': 16}, {'J01': 51}, 
1215.0, {'J01': -97.176}, {'J01': 16}, {'J01': 54}, 
1220.0, {'J01': -82.636}, {'J01': 16}, {'J01': 50}, 
1225.0, {'J01': -75.84100000000001}, {'J01': 12}, {'J01': 39}, 
1230.0, {'J01': -55.676}, {'J01': 8}, {'J01': 35}, 
1235.0, {'J01': -44.869}, {'J01': 6}, {'J01': 36}, 
1240.0, {'J01': -53.494}, {'J01': 7}, {'J01': 39}, 
1245.0, {'J01': -66.295}, {'J01': 8}, {'J01': 48}, 
1250.0, {'J01': -53.494}, {'J01': 9}, {'J01': 39}, 
1255.0, {'J01': -59.028}, {'J01': 10}, {'J01': 42}, 
1260.0, {'J01': -58.028}, {'J01': 10}, {'J01': 41}, 
1265.0, {'J01': -61.295}, {'J01': 10}, {'J01': 43}, 
1270.0, {'J01': -55.204}, {'J01': 10}, {'J01': 40}, 
1275.0, {'J01': -70.83500000000001}, {'J01': 10}, {'J01': 42}, 
1280.0, {'J01': -71.36299999999999}, {'J01': 10}, {'J01': 48}, 
1285.0, {'J01': -93.0}, {'J01': 10}, {'J01': 48}, 
1290.0, {'J01': -80.28399999999999}, {'J01': 8}, {'J01': 44}, 
1295.0, {'J01': -66.477}, {'J01': 8}, {'J01': 42}, 
1300.0, {'J01': -64.477}, {'J01': 8}, {'J01': 40}, 
1305.0, {'J01': -66.125}, {'J01': 8}, {'J01': 38}, 
1310.0, {'J01': -68.301}, {'J01': 8}, {'J01': 42}, 
1315.0, {'J01': -62.034000000000006}, {'J01': 7}, {'J01': 37}, 
1320.0, {'J01': -57.943}, {'J01': 7}, {'J01': 36}, 
1325.0, {'J01': -55.324}, {'J01': 7}, {'J01': 31}, 
1330.0, {'J01': -45.699}, {'J01': 7}, {'J01': 27}, 
1335.0, {'J01': -55.887}, {'J01': 6}, {'J01': 23}, 
1340.0, {'J01': -41.347}, {'J01': 4}, {'J01': 19}, 
1345.0, {'J01': -35.813}, {'J01': 4}, {'J01': 16}, 
1350.0, {'J01': -34.813}, {'J01': 4}, {'J01': 15}, 
1355.0, {'J01': -43.001000000000005}, {'J01': 4}, {'J01': 9}, 
1360.0, {'J01': -44.268}, {'J01': 4}, {'J01': 9}, 
1365.0, {'J01': -12.0}, {'J01': 4}, {'J01': 12}, 
1370.0, {'J01': -41.256}, {'J01': 4}, {'J01': 22}, 
1375.0, {'J01': -49.347}, {'J01': 6}, {'J01': 27}, 
1380.0, {'J01': -53.347}, {'J01': 7}, {'J01': 31}, 
1385.0, {'J01': -50.903999999999996}, {'J01': 7}, {'J01': 28}, 
1390.0, {'J01': -44.546}, {'J01': 7}, {'J01': 26}, 
1395.0, {'J01': -49.989000000000004}, {'J01': 7}, {'J01': 32}, 
1400.0, {'J01': -59.262}, {'J01': 7}, {'J01': 32}, 
1405.0, {'J01': -48.25}, {'J01': 8}, {'J01': 37}, 
1410.0, {'J01': -77.16}, {'J01': 8}, {'J01': 35}, 
1415.0, {'J01': -65.887}, {'J01': 8}, {'J01': 33}, 
1420.0, {'J01': -58.529}, {'J01': 8}, {'J01': 30}, 
1425.0, {'J01': -41.897999999999996}, {'J01': 8}, {'J01': 27}, 
1430.0, {'J01': -59.705}, {'J01': 8}, {'J01': 33}, 
1435.0, {'J01': -60.881}, {'J01': 8}, {'J01': 36}, 
1440.0, {'J01': -63.148}, {'J01': 8}, {'J01': 37}, 
1445.0, {'J01': -71.59700000000001}, {'J01': 8}, {'J01': 38}, 
1450.0, {'J01': -70.773}, {'J01': 8}, {'J01': 39}, 
1455.0, {'J01': -49.96}, {'J01': 8}, {'J01': 38}, 
1460.0, {'J01': -68.59700000000001}, {'J01': 8}, {'J01': 35}, 
1465.0, {'J01': -55.148}, {'J01': 8}, {'J01': 29}, 
1470.0, {'J01': -68.42699999999999}, {'J01': 7}, {'J01': 25}, 
1475.0, {'J01': -64.251}, {'J01': 4}, {'J01': 19}, 
1480.0, {'J01': -52.626}, {'J01': 4}, {'J01': 13}, 
1485.0, {'J01': -53.717}, {'J01': 4}, {'J01': 11}, 
1490.0, {'J01': -27.631}, {'J01': 4}, {'J01': 14}, 
1495.0, {'J01': -48.086}, {'J01': 4}, {'J01': 19}, 
1500.0, {'J01': -54.705}, {'J01': 6}, {'J01': 28}, 
1505.0, {'J01': -56.529}, {'J01': 7}, {'J01': 28}, 
1510.0, {'J01': -58.620000000000005}, {'J01': 7}, {'J01': 27}, 
1515.0, {'J01': -30.267}, {'J01': 7}, {'J01': 29}, 
1520.0, {'J01': -46.897999999999996}, {'J01': 7}, {'J01': 32}, 
1525.0, {'J01': -58.438}, {'J01': 8}, {'J01': 33}, 
1530.0, {'J01': -40.807}, {'J01': 8}, {'J01': 29}, 
1535.0, {'J01': -37.159}, {'J01': 8}, {'J01': 29}, 
1540.0, {'J01': -33.716}, {'J01': 7}, {'J01': 25}, 
1545.0, {'J01': -40.989000000000004}, {'J01': 7}, {'J01': 23}, 
1550.0, {'J01': -33.364000000000004}, {'J01': 6}, {'J01': 21}, 
1555.0, {'J01': -28.267}, {'J01': 6}, {'J01': 27}, 
1560.0, {'J01': -30.091}, {'J01': 7}, {'J01': 27}, 
1565.0, {'J01': -39.364000000000004}, {'J01': 8}, {'J01': 27}, 
1570.0, {'J01': -42.813}, {'J01': 7}, {'J01': 23}, 
1575.0, {'J01': -33.631}, {'J01': 5}, {'J01': 20}, 
1580.0, {'J01': -37.722}, {'J01': 5}, {'J01': 21}, 
1585.0, {'J01': -45.256}, {'J01': 5}, {'J01': 26}, 
1590.0, {'J01': -41.631}, {'J01': 7}, {'J01': 28}, 
1595.0, {'J01': -45.989000000000004}, {'J01': 8}, {'J01': 28}, 
1600.0, {'J01': -34.716}, {'J01': 8}, {'J01': 26}, 
1605.0, {'J01': -37.455}, {'J01': 7}, {'J01': 22}, 
1610.0, {'J01': -43.637}, {'J01': 6}, {'J01': 22}, 
1615.0, {'J01': -57.529}, {'J01': 6}, {'J01': 29}, 
1620.0, {'J01': -60.092}, {'J01': 6}, {'J01': 23}, 
1625.0, {'J01': -64.632}, {'J01': 4}, {'J01': 17}, 
1630.0, {'J01': -59.632000000000005}, {'J01': 4}, {'J01': 12}, 
1635.0, {'J01': -57.632000000000005}, {'J01': 4}, {'J01': 10}, 
1640.0, {'J01': -32.813}, {'J01': 4}, {'J01': 13}, 
1645.0, {'J01': -59.075}, {'J01': 4}, {'J01': 12}, 
1650.0, {'J01': -26.364}, {'J01': 4}, {'J01': 14}, 
1655.0, {'J01': -44.256}, {'J01': 4}, {'J01': 25}, 
1660.0, {'J01': -49.256}, {'J01': 7}, {'J01': 30}, 
1665.0, {'J01': -67.33000000000001}, {'J01': 8}, {'J01': 35}, 
1670.0, {'J01': -73.512}, {'J01': 8}, {'J01': 35}, 
1675.0, {'J01': -68.154}, {'J01': 8}, {'J01': 34}, 
1680.0, {'J01': -69.063}, {'J01': 8}, {'J01': 38}, 
1685.0, {'J01': -82.60300000000001}, {'J01': 8}, {'J01': 41}, 
1690.0, {'J01': -58.051}, {'J01': 8}, {'J01': 43}, 
1695.0, {'J01': -84.04599999999999}, {'J01': 8}, {'J01': 43}, 
1700.0, {'J01': -62.96600000000001}, {'J01': 8}, {'J01': 43}, 
1705.0, {'J01': -74.154}, {'J01': 8}, {'J01': 40}, 
1710.0, {'J01': -67.79599999999999}, {'J01': 8}, {'J01': 38}, 
1715.0, {'J01': -52.340999999999994}, {'J01': 8}, {'J01': 38}, 
1720.0, {'J01': -62.614}, {'J01': 8}, {'J01': 39}, 
1725.0, {'J01': -71.063}, {'J01': 8}, {'J01': 40}, 
1730.0, {'J01': -56.051}, {'J01': 8}, {'J01': 41}, 
1735.0, {'J01': -66.591}, {'J01': 8}, {'J01': 41}, 
1740.0, {'J01': -47.869}, {'J01': 8}, {'J01': 39}, 
1745.0, {'J01': -50.051}, {'J01': 7}, {'J01': 35}, 
1750.0, {'J01': -45.96}, {'J01': 7}, {'J01': 34}, 
1755.0, {'J01': -80.404}, {'J01': 7}, {'J01': 35}, 
1760.0, {'J01': -72.955}, {'J01': 7}, {'J01': 35}, 
1765.0, {'J01': -66.773}, {'J01': 8}, {'J01': 35}, 
1770.0, {'J01': -62.506}, {'J01': 8}, {'J01': 32}, 
1775.0, {'J01': -58.5}, {'J01': 8}, {'J01': 36}, 
1780.0, {'J01': -66.858}, {'J01': 8}, {'J01': 40}, 
1785.0, {'J01': -56.585}, {'J01': 8}, {'J01': 39}, 
1790.0, {'J01': -73.21600000000001}, {'J01': 9}, {'J01': 42}, 
1795.0, {'J01': -78.398}, {'J01': 9}, {'J01': 41}, 
1800.0, {'J01': -59.766999999999996}, {'J01': 9}, {'J01': 36}, 
1805.0, {'J01': -48.96600000000001}, {'J01': 6}, {'J01': 29}, 
1810.0, {'J01': -45.96600000000001}, {'J01': 5}, {'J01': 26}, 
1815.0, {'J01': -36.165000000000006}, {'J01': 4}, {'J01': 20}, 
1820.0, {'J01': -48.353}, {'J01': 4}, {'J01': 18}, 
1825.0, {'J01': -32.074}, {'J01': 4}, {'J01': 19}, 
1830.0, {'J01': -43.347}, {'J01': 4}, {'J01': 21}, 
1835.0, {'J01': -40.165000000000006}, {'J01': 7}, {'J01': 24}, 
1840.0, {'J01': -38.897999999999996}, {'J01': 7}, {'J01': 24}, 
1845.0, {'J01': -28.534}, {'J01': 7}, {'J01': 26}, 
1850.0, {'J01': -34.801}, {'J01': 7}, {'J01': 31}, 
1855.0, {'J01': -36.892}, {'J01': 7}, {'J01': 30}, 
1860.0, {'J01': -39.159}, {'J01': 8}, {'J01': 31}, 
1865.0, {'J01': -38.074}, {'J01': 7}, {'J01': 25}, 
1870.0, {'J01': -21.0}, {'J01': 6}, {'J01': 21}, 
1875.0, {'J01': -44.637}, {'J01': 6}, {'J01': 23}, 
1880.0, {'J01': -55.086}, {'J01': 7}, {'J01': 26}, 
1885.0, {'J01': -47.813}, {'J01': 8}, {'J01': 28}, 
1890.0, {'J01': -53.262}, {'J01': 8}, {'J01': 26}, 
1895.0, {'J01': -69.893}, {'J01': 8}, {'J01': 29}, 
1900.0, {'J01': -77.166}, {'J01': 8}, {'J01': 27}, 
1905.0, {'J01': -65.97800000000001}, {'J01': 8}, {'J01': 30}, 
1910.0, {'J01': -40.892}, {'J01': 8}, {'J01': 34}, 
1915.0, {'J01': -75.688}, {'J01': 8}, {'J01': 39}, 
1920.0, {'J01': -93.586}, {'J01': 8}, {'J01': 42}, 
1925.0, {'J01': -65.68199999999999}, {'J01': 8}, {'J01': 37}, 
1930.0, {'J01': -52.141999999999996}, {'J01': 8}, {'J01': 34}, 
1935.0, {'J01': -49.318}, {'J01': 8}, {'J01': 33}, 
1940.0, {'J01': -44.135999999999996}, {'J01': 8}, {'J01': 34}, 
1945.0, {'J01': -55.590999999999994}, {'J01': 8}, {'J01': 30}, 
1950.0, {'J01': -52.148}, {'J01': 6}, {'J01': 26}, 
1955.0, {'J01': -58.512}, {'J01': 5}, {'J01': 20}, 
1960.0, {'J01': -51.42100000000001}, {'J01': 5}, {'J01': 16}, 
1965.0, {'J01': -33.165000000000006}, {'J01': 4}, {'J01': 17}, 
1970.0, {'J01': -64.512}, {'J01': 4}, {'J01': 26}, 
1975.0, {'J01': -56.415}, {'J01': 6}, {'J01': 29}, 
1980.0, {'J01': -72.489}, {'J01': 6}, {'J01': 32}, 
1985.0, {'J01': -81.495}, {'J01': 8}, {'J01': 33}, 
1990.0, {'J01': -84.762}, {'J01': 8}, {'J01': 35}, 
1995.0, {'J01': -84.938}, {'J01': 8}, {'J01': 37}, 
2000.0, {'J01': -85.20500000000001}, {'J01': 8}, {'J01': 36}, 
2005.0, {'J01': -97.569}, {'J01': 8}, {'J01': 36}, 
2010.0, {'J01': -86.768}, {'J01': 6}, {'J01': 29}, 
2015.0, {'J01': -73.31899999999999}, {'J01': 4}, {'J01': 23}, 
2020.0, {'J01': -76.791}, {'J01': 4}, {'J01': 21}, 
2025.0, {'J01': -75.143}, {'J01': 4}, {'J01': 23}, 
2030.0, {'J01': -79.05199999999999}, {'J01': 7}, {'J01': 30}, 
2035.0, {'J01': -82.143}, {'J01': 7}, {'J01': 30}, 
2040.0, {'J01': -97.774}, {'J01': 7}, {'J01': 32}, 
2045.0, {'J01': -89.24000000000001}, {'J01': 6}, {'J01': 26}, 
2050.0, {'J01': -29.067999999999998}, {'J01': 5}, {'J01': 24}, 
2055.0, {'J01': -57.972}, {'J01': 5}, {'J01': 30}, 
2060.0, {'J01': -47.165000000000006}, {'J01': 7}, {'J01': 31}, 
2065.0, {'J01': -59.881}, {'J01': 8}, {'J01': 35}, 
2070.0, {'J01': -67.59700000000001}, {'J01': 8}, {'J01': 34}, 
2075.0, {'J01': -34.716}, {'J01': 7}, {'J01': 26}, 
2080.0, {'J01': -35.625}, {'J01': 7}, {'J01': 30}, 
2085.0, {'J01': -35.625}, {'J01': 7}, {'J01': 30}, 
2090.0, {'J01': -41.983000000000004}, {'J01': 8}, {'J01': 32}, 
2095.0, {'J01': -38.983000000000004}, {'J01': 8}, {'J01': 29}, 
2100.0, {'J01': -36.159}, {'J01': 7}, {'J01': 28}, 
2105.0, {'J01': -44.432}, {'J01': 6}, {'J01': 27}, 
2110.0, {'J01': -40.432}, {'J01': 5}, {'J01': 23}, 
2115.0, {'J01': -30.074}, {'J01': 4}, {'J01': 17}, 
2120.0, {'J01': -34.608000000000004}, {'J01': 4}, {'J01': 19}, 
2125.0, {'J01': -33.784}, {'J01': 4}, {'J01': 20}, 
2130.0, {'J01': -43.705}, {'J01': 4}, {'J01': 17}, 
2135.0, {'J01': -35.426}, {'J01': 4}, {'J01': 26}, 
2140.0, {'J01': -52.522999999999996}, {'J01': 6}, {'J01': 32}, 
2145.0, {'J01': -53.522999999999996}, {'J01': 8}, {'J01': 33}, 
2150.0, {'J01': -48.340999999999994}, {'J01': 8}, {'J01': 34}, 
2155.0, {'J01': -47.693000000000005}, {'J01': 8}, {'J01': 37}, 
2160.0, {'J01': -66.063}, {'J01': 8}, {'J01': 35}, 
2165.0, {'J01': -55.347}, {'J01': 8}, {'J01': 33}, 
2170.0, {'J01': -42.25}, {'J01': 8}, {'J01': 31}, 
2175.0, {'J01': -40.426}, {'J01': 8}, {'J01': 31}, 
2180.0, {'J01': -34.335}, {'J01': 7}, {'J01': 28}, 
2185.0, {'J01': -47.96600000000001}, {'J01': 7}, {'J01': 28}, 
2190.0, {'J01': -36.983000000000004}, {'J01': 7}, {'J01': 27}, 
2195.0, {'J01': -32.068}, {'J01': 7}, {'J01': 27}, 
2200.0, {'J01': -36.159}, {'J01': 7}, {'J01': 28}, 
2205.0, {'J01': -53.881}, {'J01': 6}, {'J01': 29}, 
2210.0, {'J01': -53.148}, {'J01': 6}, {'J01': 27}, 
2215.0, {'J01': -44.790000000000006}, {'J01': 5}, {'J01': 23}, 
2220.0, {'J01': -48.438}, {'J01': 5}, {'J01': 23}, 
2225.0, {'J01': -43.165000000000006}, {'J01': 5}, {'J01': 27}, 
2230.0, {'J01': -44.074}, {'J01': 7}, {'J01': 31}, 
2235.0, {'J01': -46.897999999999996}, {'J01': 8}, {'J01': 32}, 
2240.0, {'J01': -48.989000000000004}, {'J01': 7}, {'J01': 31}, 
2245.0, {'J01': -34.801}, {'J01': 7}, {'J01': 31}, 
2250.0, {'J01': -44.165000000000006}, {'J01': 7}, {'J01': 28}, 
2255.0, {'J01': -44.608000000000004}, {'J01': 7}, {'J01': 29}, 
2260.0, {'J01': -44.699}, {'J01': 7}, {'J01': 26}, 
2265.0, {'J01': -43.403}, {'J01': 7}, {'J01': 32}, 
2270.0, {'J01': -58.943}, {'J01': 7}, {'J01': 37}, 
2275.0, {'J01': -52.676}, {'J01': 6}, {'J01': 32}, 
2280.0, {'J01': -36.784}, {'J01': 5}, {'J01': 23}, 
2285.0, {'J01': -38.875}, {'J01': 5}, {'J01': 22}, 
2290.0, {'J01': -34.784}, {'J01': 5}, {'J01': 21}, 
2295.0, {'J01': -47.96600000000001}, {'J01': 6}, {'J01': 28}, 
2300.0, {'J01': -65.33000000000001}, {'J01': 8}, {'J01': 33}, 
2305.0, {'J01': -67.512}, {'J01': 7}, {'J01': 29}, 
2310.0, {'J01': -52.233000000000004}, {'J01': 7}, {'J01': 31}, 
2315.0, {'J01': -48.96}, {'J01': 7}, {'J01': 37}, 
2320.0, {'J01': -47.426}, {'J01': 7}, {'J01': 38}, 
2325.0, {'J01': -44.068}, {'J01': 8}, {'J01': 39}, 
2330.0, {'J01': -64.97200000000001}, {'J01': 8}, {'J01': 37}, 
2335.0, {'J01': -61.148}, {'J01': 7}, {'J01': 35}, 
2340.0, {'J01': -51.699}, {'J01': 7}, {'J01': 33}, 
2345.0, {'J01': -46.608000000000004}, {'J01': 7}, {'J01': 31}, 
2350.0, {'J01': -48.699}, {'J01': 7}, {'J01': 30}, 
2355.0, {'J01': -52.699}, {'J01': 7}, {'J01': 34}, 
2360.0, {'J01': -45.517}, {'J01': 7}, {'J01': 33}, 
2365.0, {'J01': -48.051}, {'J01': 8}, {'J01': 33}, 
2370.0, {'J01': -57.590999999999994}, {'J01': 8}, {'J01': 32}, 
2375.0, {'J01': -48.494}, {'J01': 8}, {'J01': 34}, 
2380.0, {'J01': -63.209999999999994}, {'J01': 8}, {'J01': 40}, 
2385.0, {'J01': -53.761}, {'J01': 8}, {'J01': 38}, 
2390.0, {'J01': -57.028}, {'J01': 8}, {'J01': 40}, 
2395.0, {'J01': -47.67}, {'J01': 7}, {'J01': 35}, 
2400.0, {'J01': -50.943}, {'J01': 5}, {'J01': 29}, 
2405.0, {'J01': -46.585}, {'J01': 5}, {'J01': 29}, 
2410.0, {'J01': -53.5}, {'J01': 5}, {'J01': 31}, 
2415.0, {'J01': -49.96600000000001}, {'J01': 6}, {'J01': 30}, 
2420.0, {'J01': -37.335}, {'J01': 7}, {'J01': 31}, 
2425.0, {'J01': -45.340999999999994}, {'J01': 7}, {'J01': 31}, 
2430.0, {'J01': -48.608000000000004}, {'J01': 7}, {'J01': 33}, 
2435.0, {'J01': -65.301}, {'J01': 9}, {'J01': 39}, 
2440.0, {'J01': -52.937}, {'J01': 9}, {'J01': 39}, 
2445.0, {'J01': -64.477}, {'J01': 9}, {'J01': 40}, 
2450.0, {'J01': -55.204}, {'J01': 9}, {'J01': 40}, 
2455.0, {'J01': -63.301}, {'J01': 9}, {'J01': 37}, 
2460.0, {'J01': -58.766999999999996}, {'J01': 9}, {'J01': 35}, 
2465.0, {'J01': -57.943}, {'J01': 9}, {'J01': 36}, 
2470.0, {'J01': -71.483}, {'J01': 10}, {'J01': 39}, 
2475.0, {'J01': -65.477}, {'J01': 11}, {'J01': 41}, 
2480.0, {'J01': -62.562000000000005}, {'J01': 11}, {'J01': 43}, 
2485.0, {'J01': -57.471000000000004}, {'J01': 11}, {'J01': 41}, 
2490.0, {'J01': -53.204}, {'J01': 10}, {'J01': 38}, 
2495.0, {'J01': -54.204}, {'J01': 10}, {'J01': 39}, 
2500.0, {'J01': -62.92}, {'J01': 12}, {'J01': 39}, 
2505.0, {'J01': -66.011}, {'J01': 12}, {'J01': 39}, 
2510.0, {'J01': -55.119}, {'J01': 10}, {'J01': 35}, 
2515.0, {'J01': -47.141999999999996}, {'J01': 6}, {'J01': 29}, 
2520.0, {'J01': -51.233000000000004}, {'J01': 6}, {'J01': 30}, 
2525.0, {'J01': -53.766999999999996}, {'J01': 8}, {'J01': 30}, 
2530.0, {'J01': -59.477000000000004}, {'J01': 10}, {'J01': 35}, 
2535.0, {'J01': -79.46}, {'J01': 11}, {'J01': 45}, 
2540.0, {'J01': -79.72699999999999}, {'J01': 13}, {'J01': 44}, 
2545.0, {'J01': -77.55099999999999}, {'J01': 13}, {'J01': 40}, 
2550.0, {'J01': -70.102}, {'J01': 13}, {'J01': 40}, 
2555.0, {'J01': -74.369}, {'J01': 13}, {'J01': 43}, 
2560.0, {'J01': -72.369}, {'J01': 13}, {'J01': 41}, 
2565.0, {'J01': -78.903}, {'J01': 14}, {'J01': 45}, 
2570.0, {'J01': -68.27199999999999}, {'J01': 14}, {'J01': 48}, 
2575.0, {'J01': -90.08500000000001}, {'J01': 15}, {'J01': 50}, 
2580.0, {'J01': -60.738}, {'J01': 13}, {'J01': 43}, 
2585.0, {'J01': -54.204}, {'J01': 11}, {'J01': 39}, 
2590.0, {'J01': -60.386}, {'J01': 10}, {'J01': 39}, 
2595.0, {'J01': -63.301}, {'J01': 10}, {'J01': 37}, 
2600.0, {'J01': -49.761}, {'J01': 8}, {'J01': 34}, 
2605.0, {'J01': -52.943}, {'J01': 8}, {'J01': 31}, 
2610.0, {'J01': -54.590999999999994}, {'J01': 6}, {'J01': 29}, 
2615.0, {'J01': -55.681999999999995}, {'J01': 5}, {'J01': 27}, 
2620.0, {'J01': -64.307}, {'J01': 7}, {'J01': 30}, 
2625.0, {'J01': -57.239000000000004}, {'J01': 6}, {'J01': 28}, 
2630.0, {'J01': -47.96600000000001}, {'J01': 6}, {'J01': 28}, 
2635.0, {'J01': -60.245000000000005}, {'J01': 5}, {'J01': 23}, 
2640.0, {'J01': -59.336000000000006}, {'J01': 4}, {'J01': 19}, 
2645.0, {'J01': -30.631}, {'J01': 4}, {'J01': 17}, 
2650.0, {'J01': -56.80200000000001}, {'J01': 4}, {'J01': 19}, 
2655.0, {'J01': -39.074}, {'J01': 7}, {'J01': 26}, 
2660.0, {'J01': -63.796}, {'J01': 8}, {'J01': 34}, 
2665.0, {'J01': -63.972}, {'J01': 8}, {'J01': 36}, 
2670.0, {'J01': -80.251}, {'J01': 8}, {'J01': 35}, 
2675.0, {'J01': -66.887}, {'J01': 8}, {'J01': 34}, 
2680.0, {'J01': -71.59700000000001}, {'J01': 8}, {'J01': 38}, 
2685.0, {'J01': -81.694}, {'J01': 8}, {'J01': 37}, 
2690.0, {'J01': -86.7}, {'J01': 8}, {'J01': 34}, 
2695.0, {'J01': -95.97300000000001}, {'J01': 8}, {'J01': 34}, 
2700.0, {'J01': -62.148}, {'J01': 8}, {'J01': 36}, 
2705.0, {'J01': -70.421}, {'J01': 8}, {'J01': 35}, 
2710.0, {'J01': -68.773}, {'J01': 8}, {'J01': 37}, 
2715.0, {'J01': -76.779}, {'J01': 8}, {'J01': 37}, 
2720.0, {'J01': -61.324}, {'J01': 8}, {'J01': 37}, 
2725.0, {'J01': -68.506}, {'J01': 8}, {'J01': 38}, 
2730.0, {'J01': -52.494}, {'J01': 8}, {'J01': 38}, 
2735.0, {'J01': -66.33000000000001}, {'J01': 8}, {'J01': 34}, 
2740.0, {'J01': -73.60300000000001}, {'J01': 8}, {'J01': 32}, 
2745.0, {'J01': -55.148}, {'J01': 7}, {'J01': 29}, 
2750.0, {'J01': -57.887}, {'J01': 7}, {'J01': 25}, 
2755.0, {'J01': -45.432}, {'J01': 8}, {'J01': 28}, 
2760.0, {'J01': -54.699}, {'J01': 8}, {'J01': 36}, 
2765.0, {'J01': -48.784000000000006}, {'J01': 8}, {'J01': 35}, 
2770.0, {'J01': -45.869}, {'J01': 8}, {'J01': 37}, 
2775.0, {'J01': -53.494}, {'J01': 8}, {'J01': 39}, 
2780.0, {'J01': -53.494}, {'J01': 8}, {'J01': 39}, 
2785.0, {'J01': -58.676}, {'J01': 8}, {'J01': 38}, 
2790.0, {'J01': -49.135999999999996}, {'J01': 8}, {'J01': 39}, 
2795.0, {'J01': -67.477}, {'J01': 8}, {'J01': 43}, 
2800.0, {'J01': -67.744}, {'J01': 8}, {'J01': 42}, 
2805.0, {'J01': -75.102}, {'J01': 8}, {'J01': 45}, 
2810.0, {'J01': -74.83500000000001}, {'J01': 8}, {'J01': 46}, 
2815.0, {'J01': -61.471000000000004}, {'J01': 8}, {'J01': 45}, 
2820.0, {'J01': -70.392}, {'J01': 8}, {'J01': 41}, 
2825.0, {'J01': -82.108}, {'J01': 8}, {'J01': 44}, 
2830.0, {'J01': -83.108}, {'J01': 8}, {'J01': 45}, 
2835.0, {'J01': -74.926}, {'J01': 8}, {'J01': 43}, 
2840.0, {'J01': -93.648}, {'J01': 8}, {'J01': 45}, 
2845.0, {'J01': -97.739}, {'J01': 8}, {'J01': 46}, 
2850.0, {'J01': -81.28399999999999}, {'J01': 8}, {'J01': 45}, 
2855.0, {'J01': -92.648}, {'J01': 8}, {'J01': 44}, 
2860.0, {'J01': -100.92099999999999}, {'J01': 8}, {'J01': 43}, 
2865.0, {'J01': -107.37}, {'J01': 8}, {'J01': 42}, 
2870.0, {'J01': -70.454}, {'J01': 9}, {'J01': 44}, 
2875.0, {'J01': -90.176}, {'J01': 9}, {'J01': 47}, 
2880.0, {'J01': -88.176}, {'J01': 9}, {'J01': 45}, 
2885.0, {'J01': -81.818}, {'J01': 9}, {'J01': 43}, 
2890.0, {'J01': -69.187}, {'J01': 10}, {'J01': 44}, 
2895.0, {'J01': -79.28399999999999}, {'J01': 11}, {'J01': 43}, 
2900.0, {'J01': -66.92}, {'J01': 11}, {'J01': 43}, 
2905.0, {'J01': -76.636}, {'J01': 12}, {'J01': 44}, 
2910.0, {'J01': -64.27199999999999}, {'J01': 14}, {'J01': 44}, 
2915.0, {'J01': -69.721}, {'J01': 12}, {'J01': 42}, 
2920.0, {'J01': -62.92}, {'J01': 12}, {'J01': 39}, 
2925.0, {'J01': -57.209999999999994}, {'J01': 10}, {'J01': 34}, 
2930.0, {'J01': -51.028}, {'J01': 10}, {'J01': 34}, 
2935.0, {'J01': -53.204}, {'J01': 11}, {'J01': 38}, 
2940.0, {'J01': -62.92}, {'J01': 13}, {'J01': 39}, 
2945.0, {'J01': -54.386}, {'J01': 11}, {'J01': 33}, 
2950.0, {'J01': -44.67}, {'J01': 9}, {'J01': 32}, 
2955.0, {'J01': -54.681999999999995}, {'J01': 6}, {'J01': 26}, 
2960.0, {'J01': -38.051}, {'J01': 5}, {'J01': 23}, 
2965.0, {'J01': -32.517}, {'J01': 4}, {'J01': 20}, 
2970.0, {'J01': -27.335}, {'J01': 5}, {'J01': 21}, 
2975.0, {'J01': -51.40899999999999}, {'J01': 8}, {'J01': 32}, 
2980.0, {'J01': -57.766999999999996}, {'J01': 8}, {'J01': 34}, 
2985.0, {'J01': -73.398}, {'J01': 8}, {'J01': 36}, 
2990.0, {'J01': -72.574}, {'J01': 9}, {'J01': 37}, 
2995.0, {'J01': -65.125}, {'J01': 8}, {'J01': 37}, 
3000.0, {'J01': -67.864}, {'J01': 8}, {'J01': 33}, 
3005.0, {'J01': -49.051}, {'J01': 8}, {'J01': 34}, 
3010.0, {'J01': -56.881}, {'J01': 8}, {'J01': 32}, 
3015.0, {'J01': -64.68199999999999}, {'J01': 8}, {'J01': 36}, 
3020.0, {'J01': -65.03999999999999}, {'J01': 7}, {'J01': 32}, 
3025.0, {'J01': -65.864}, {'J01': 7}, {'J01': 31}, 
3030.0, {'J01': -63.688}, {'J01': 6}, {'J01': 27}, 
3035.0, {'J01': -41.432}, {'J01': 5}, {'J01': 24}, 
3040.0, {'J01': -43.256}, {'J01': 5}, {'J01': 24}, 
3045.0, {'J01': -57.063}, {'J01': 6}, {'J01': 26}, 
3050.0, {'J01': -52.881}, {'J01': 8}, {'J01': 28}, 
3055.0, {'J01': -49.881}, {'J01': 7}, {'J01': 25}, 
3060.0, {'J01': -65.16}, {'J01': 6}, {'J01': 23}, 
3065.0, {'J01': -53.535000000000004}, {'J01': 5}, {'J01': 17}, 
3070.0, {'J01': -29.807}, {'J01': 5}, {'J01': 18}, 
3075.0, {'J01': -33.897999999999996}, {'J01': 5}, {'J01': 19}, 
3080.0, {'J01': -66.893}, {'J01': 8}, {'J01': 26}, 
3085.0, {'J01': -57.711000000000006}, {'J01': 6}, {'J01': 23}, 
3090.0, {'J01': -55.626}, {'J01': 4}, {'J01': 16}, 
3095.0, {'J01': -56.808}, {'J01': 4}, {'J01': 11}, 
3100.0, {'J01': -18.182000000000002}, {'J01': 4}, {'J01': 12}, 
3105.0, {'J01': -46.086}, {'J01': 4}, {'J01': 17}, 
3110.0, {'J01': -24.0}, {'J01': 7}, {'J01': 24}, 
3115.0, {'J01': -35.272999999999996}, {'J01': 8}, {'J01': 26}, 
3120.0, {'J01': -39.364000000000004}, {'J01': 8}, {'J01': 27}, 
3125.0, {'J01': -38.364000000000004}, {'J01': 8}, {'J01': 26}, 
3130.0, {'J01': -45.256}, {'J01': 8}, {'J01': 26}, 
3135.0, {'J01': -33.364000000000004}, {'J01': 7}, {'J01': 21}, 
3140.0, {'J01': -49.353}, {'J01': 6}, {'J01': 19}, 
3145.0, {'J01': -39.722}, {'J01': 6}, {'J01': 23}, 
3150.0, {'J01': -37.449}, {'J01': 6}, {'J01': 30}, 
3155.0, {'J01': -50.517}, {'J01': 8}, {'J01': 38}, 
3160.0, {'J01': -51.96}, {'J01': 8}, {'J01': 40}, 
3165.0, {'J01': -55.96600000000001}, {'J01': 8}, {'J01': 36}, 
3170.0, {'J01': -60.324}, {'J01': 8}, {'J01': 36}, 
3175.0, {'J01': -77.193}, {'J01': 8}, {'J01': 44}, 
3180.0, {'J01': -88.642}, {'J01': 10}, {'J01': 48}, 
3185.0, {'J01': -107.54}, {'J01': 10}, {'J01': 52}, 
3190.0, {'J01': -94.824}, {'J01': 10}, {'J01': 48}, 
3195.0, {'J01': -78.54499999999999}, {'J01': 10}, {'J01': 49}, 
3200.0, {'J01': -78.988}, {'J01': 13}, {'J01': 50}, 
3205.0, {'J01': -91.352}, {'J01': 13}, {'J01': 50}, 
3210.0, {'J01': -67.539}, {'J01': 13}, {'J01': 46}, 
3215.0, {'J01': -64.92}, {'J01': 11}, {'J01': 41}, 
3220.0, {'J01': -57.562000000000005}, {'J01': 11}, {'J01': 38}, 
3225.0, {'J01': -72.102}, {'J01': 11}, {'J01': 42}, 
3230.0, {'J01': -71.187}, {'J01': 12}, {'J01': 46}, 
3235.0, {'J01': -80.636}, {'J01': 12}, {'J01': 48}, 
3240.0, {'J01': -70.539}, {'J01': 13}, {'J01': 49}, 
3245.0, {'J01': -82.079}, {'J01': 14}, {'J01': 50}, 
3250.0, {'J01': -84.346}, {'J01': 14}, {'J01': 51}, 
3255.0, {'J01': -83.522}, {'J01': 16}, {'J01': 52}, 
3260.0, {'J01': -88.056}, {'J01': 17}, {'J01': 54}, 
3265.0, {'J01': -85.789}, {'J01': 17}, {'J01': 53}, 
3270.0, {'J01': -83.43700000000001}, {'J01': 15}, {'J01': 47}, 
3275.0, {'J01': -56.744}, {'J01': 11}, {'J01': 31}, 
3280.0, {'J01': -36.318}, {'J01': 7}, {'J01': 20}, 
3285.0, {'J01': -28.608}, {'J01': 4}, {'J01': 13}, 
3290.0, {'J01': -33.813}, {'J01': 4}, {'J01': 14}, 
3295.0, {'J01': -43.171}, {'J01': 4}, {'J01': 19}, 
3300.0, {'J01': -52.620000000000005}, {'J01': 6}, {'J01': 21}, 
3305.0, {'J01': -55.529}, {'J01': 8}, {'J01': 27}, 
3310.0, {'J01': -51.432}, {'J01': 8}, {'J01': 34}, 
3315.0, {'J01': -62.972}, {'J01': 8}, {'J01': 35}, 
3320.0, {'J01': -59.620000000000005}, {'J01': 7}, {'J01': 28}, 
3325.0, {'J01': -51.08}, {'J01': 7}, {'J01': 30}, 
3330.0, {'J01': -50.256}, {'J01': 7}, {'J01': 31}, 
3335.0, {'J01': -56.790000000000006}, {'J01': 8}, {'J01': 35}, 
3340.0, {'J01': -55.057}, {'J01': 7}, {'J01': 32}, 
3345.0, {'J01': -29.801000000000002}, {'J01': 6}, {'J01': 26}, 
3350.0, {'J01': -38.897999999999996}, {'J01': 6}, {'J01': 24}, 
3355.0, {'J01': -26.534}, {'J01': 6}, {'J01': 24}, 
3360.0, {'J01': -39.074}, {'J01': 7}, {'J01': 26}, 
3365.0, {'J01': -43.074}, {'J01': 7}, {'J01': 30}, 
3370.0, {'J01': -32.091}, {'J01': 7}, {'J01': 29}, 
3375.0, {'J01': -42.540000000000006}, {'J01': 7}, {'J01': 32}, 
3380.0, {'J01': -44.807}, {'J01': 7}, {'J01': 33}, 
3385.0, {'J01': -38.625}, {'J01': 7}, {'J01': 33}, 
3390.0, {'J01': -44.983000000000004}, {'J01': 8}, {'J01': 35}, 
3395.0, {'J01': -47.25}, {'J01': 8}, {'J01': 36}, 
3400.0, {'J01': -51.517}, {'J01': 8}, {'J01': 39}, 
3405.0, {'J01': -52.135999999999996}, {'J01': 8}, {'J01': 42}, 
3410.0, {'J01': -56.494}, {'J01': 8}, {'J01': 42}, 
3415.0, {'J01': -64.119}, {'J01': 8}, {'J01': 44}, 
3420.0, {'J01': -64.119}, {'J01': 8}, {'J01': 44}, 
3425.0, {'J01': -68.005}, {'J01': 8}, {'J01': 49}, 
3430.0, {'J01': -77.102}, {'J01': 8}, {'J01': 47}, 
3435.0, {'J01': -69.27199999999999}, {'J01': 8}, {'J01': 49}, 
3440.0, {'J01': -51.937}, {'J01': 7}, {'J01': 38}, 
3445.0, {'J01': -60.858000000000004}, {'J01': 6}, {'J01': 34}, 
3450.0, {'J01': -69.307}, {'J01': 6}, {'J01': 35}, 
3455.0, {'J01': -60.386}, {'J01': 7}, {'J01': 39}, 
3460.0, {'J01': -60.471000000000004}, {'J01': 8}, {'J01': 44}, 
3465.0, {'J01': -41.602000000000004}, {'J01': 8}, {'J01': 34}, 
3470.0, {'J01': -44.608000000000004}, {'J01': 8}, {'J01': 29}, 
3475.0, {'J01': -43.608000000000004}, {'J01': 8}, {'J01': 28}, 
3480.0, {'J01': -45.614}, {'J01': 6}, {'J01': 22}, 
3485.0, {'J01': -40.614}, {'J01': 4}, {'J01': 17}, 
3490.0, {'J01': -35.790000000000006}, {'J01': 4}, {'J01': 14}, 
3495.0, {'J01': -22.716}, {'J01': 4}, {'J01': 14}, 
3500.0, {'J01': -42.614}, {'J01': 4}, {'J01': 19}, 
3505.0, {'J01': -44.608000000000004}, {'J01': 6}, {'J01': 29}, 
3510.0, {'J01': -42.426}, {'J01': 8}, {'J01': 33}, 
3515.0, {'J01': -54.96600000000001}, {'J01': 8}, {'J01': 35}, 
3520.0, {'J01': -52.40899999999999}, {'J01': 7}, {'J01': 33}, 
3525.0, {'J01': -54.324}, {'J01': 6}, {'J01': 30}, 
3530.0, {'J01': -47.790000000000006}, {'J01': 6}, {'J01': 26}, 
3535.0, {'J01': -35.983000000000004}, {'J01': 6}, {'J01': 26}, 
3540.0, {'J01': -49.340999999999994}, {'J01': 8}, {'J01': 35}, 
3545.0, {'J01': -46.693000000000005}, {'J01': 8}, {'J01': 36}, 
3550.0, {'J01': -42.335}, {'J01': 8}, {'J01': 36}, 
3555.0, {'J01': -46.25}, {'J01': 8}, {'J01': 35}, 
3560.0, {'J01': -44.807}, {'J01': 8}, {'J01': 33}, 
3565.0, {'J01': -59.438}, {'J01': 8}, {'J01': 34}, 
3570.0, {'J01': -77.16}, {'J01': 8}, {'J01': 35}, 
3575.0, {'J01': -69.802}, {'J01': 7}, {'J01': 32}, 
3580.0, {'J01': -45.256}, {'J01': 6}, {'J01': 26}, 
3585.0, {'J01': -57.796}, {'J01': 6}, {'J01': 28}, 
3590.0, {'J01': -85.23400000000001}, {'J01': 6}, {'J01': 30}, 
3595.0, {'J01': -92.24000000000001}, {'J01': 6}, {'J01': 29}, 
3600.0, {'J01': -95.149}, {'J01': 8}, {'J01': 35}, 
3605.0, {'J01': -41.983000000000004}, {'J01': 8}, {'J01': 32}, 
3610.0, {'J01': -53.256}, {'J01': 8}, {'J01': 34}, 
3615.0, {'J01': -66.154}, {'J01': 8}, {'J01': 32}, 
3620.0, {'J01': -62.063}, {'J01': 8}, {'J01': 31}, 
3625.0, {'J01': -66.68199999999999}, {'J01': 8}, {'J01': 38}, 
3630.0, {'J01': -55.852000000000004}, {'J01': 8}, {'J01': 37}, 
3635.0, {'J01': -66.392}, {'J01': 8}, {'J01': 37}, 
3640.0, {'J01': -84.84700000000001}, {'J01': 8}, {'J01': 40}, 
3645.0, {'J01': -82.84700000000001}, {'J01': 8}, {'J01': 38}, 
3650.0, {'J01': -67.131}, {'J01': 7}, {'J01': 31}, 
3655.0, {'J01': -49.522999999999996}, {'J01': 7}, {'J01': 29}, 
3660.0, {'J01': -46.340999999999994}, {'J01': 7}, {'J01': 32}, 
3665.0, {'J01': -50.432}, {'J01': 7}, {'J01': 33}, 
3670.0, {'J01': -53.522999999999996}, {'J01': 8}, {'J01': 33}, 
3675.0, {'J01': -50.522999999999996}, {'J01': 8}, {'J01': 30}, 
3680.0, {'J01': -45.256}, {'J01': 7}, {'J01': 26}, 
3685.0, {'J01': -46.256}, {'J01': 7}, {'J01': 27}, 
3690.0, {'J01': -42.256}, {'J01': 6}, {'J01': 23}, 
3695.0, {'J01': -24.267}, {'J01': 6}, {'J01': 23}, 
3700.0, {'J01': -27.0}, {'J01': 6}, {'J01': 27}, 
3705.0, {'J01': -30.0}, {'J01': 8}, {'J01': 30}, 
3710.0, {'J01': -39.364000000000004}, {'J01': 8}, {'J01': 27}, 
3715.0, {'J01': -41.546}, {'J01': 8}, {'J01': 23}, 
3720.0, {'J01': -26.0}, {'J01': 8}, {'J01': 26}, 
3725.0, {'J01': -28.0}, {'J01': 8}, {'J01': 28}, 
3730.0, {'J01': -26.0}, {'J01': 8}, {'J01': 26}, 
3735.0, {'J01': -26.0}, {'J01': 8}, {'J01': 26}, 
3740.0, {'J01': -24.0}, {'J01': 8}, {'J01': 24}, 
3745.0, {'J01': -25.0}, {'J01': 8}, {'J01': 25}, 
3750.0, {'J01': -23.0}, {'J01': 8}, {'J01': 23}, 
3755.0, {'J01': -25.0}, {'J01': 8}, {'J01': 25}, 
3760.0, {'J01': -24.0}, {'J01': 8}, {'J01': 24}, 
3765.0, {'J01': -26.0}, {'J01': 8}, {'J01': 26}, 
3770.0, {'J01': -24.0}, {'J01': 8}, {'J01': 24}, 
3775.0, {'J01': -25.0}, {'J01': 8}, {'J01': 25}, 
3780.0, {'J01': -24.0}, {'J01': 8}, {'J01': 24}, 
3785.0, {'J01': -25.0}, {'J01': 8}, {'J01': 25}, 
3790.0, {'J01': -25.0}, {'J01': 8}, {'J01': 25}, 
3795.0, {'J01': -26.0}, {'J01': 8}, {'J01': 26}, 
3800.0, {'J01': -25.0}, {'J01': 8}, {'J01': 25}, 
3805.0, {'J01': -26.0}, {'J01': 8}, {'J01': 26}, 
3810.0, {'J01': -23.0}, {'J01': 8}, {'J01': 23}, 
3815.0, {'J01': -26.0}, {'J01': 8}, {'J01': 26}, 
3820.0, {'J01': -20.0}, {'J01': 7}, {'J01': 20}, 
3825.0, {'J01': -25.0}, {'J01': 7}, {'J01': 25}, 
3830.0, {'J01': -28.0}, {'J01': 7}, {'J01': 28}, 
3835.0, {'J01': -29.0}, {'J01': 8}, {'J01': 29}, 
3840.0, {'J01': -28.0}, {'J01': 8}, {'J01': 28}, 
3845.0, {'J01': -24.0}, {'J01': 8}, {'J01': 24}, 
3850.0, {'J01': -25.0}, {'J01': 8}, {'J01': 25}, 
3855.0, {'J01': -24.0}, {'J01': 8}, {'J01': 24}, 
3860.0, {'J01': -25.0}, {'J01': 8}, {'J01': 25}, 
3865.0, {'J01': -28.0}, {'J01': 8}, {'J01': 28}, 
3870.0, {'J01': -27.0}, {'J01': 8}, {'J01': 27}, 
3875.0, {'J01': -24.0}, {'J01': 8}, {'J01': 24}, 
3880.0, {'J01': -25.0}, {'J01': 8}, {'J01': 25}, 
3885.0, {'J01': -24.0}, {'J01': 8}, {'J01': 24}, 
3890.0, {'J01': -25.0}, {'J01': 8}, {'J01': 25}, 
3895.0, {'J01': -25.0}, {'J01': 8}, {'J01': 25}, 
3900.0, {'J01': -25.0}, {'J01': 8}, {'J01': 25}, 
3905.0, {'J01': -23.0}, {'J01': 8}, {'J01': 23}, 
3910.0, {'J01': -21.0}, {'J01': 7}, {'J01': 21}, 
3915.0, {'J01': -19.0}, {'J01': 7}, {'J01': 19}, 
3920.0, {'J01': -21.0}, {'J01': 7}, {'J01': 21}, 
3925.0, {'J01': -15.0}, {'J01': 6}, {'J01': 15}, 
3930.0, {'J01': -18.0}, {'J01': 6}, {'J01': 18}, 
3935.0, {'J01': -12.0}, {'J01': 5}, {'J01': 12}, 
3940.0, {'J01': -17.0}, {'J01': 5}, {'J01': 17}, 
3945.0, {'J01': -22.0}, {'J01': 6}, {'J01': 22}, 
3950.0, {'J01': -25.0}, {'J01': 8}, {'J01': 25}, 
3955.0, {'J01': -26.0}, {'J01': 8}, {'J01': 26}, 
3960.0, {'J01': -26.0}, {'J01': 8}, {'J01': 26}, 
3965.0, {'J01': -27.0}, {'J01': 8}, {'J01': 27}, 
3970.0, {'J01': -26.0}, {'J01': 8}, {'J01': 26}, 
3975.0, {'J01': -28.0}, {'J01': 8}, {'J01': 28}, 
3980.0, {'J01': -28.0}, {'J01': 8}, {'J01': 28}, 
3985.0, {'J01': -29.0}, {'J01': 8}, {'J01': 29}, 
3990.0, {'J01': -30.0}, {'J01': 8}, {'J01': 30}, 
3995.0, {'J01': -31.0}, {'J01': 8}, {'J01': 31}, 
4000.0, {'J01': -30.0}, {'J01': 8}, {'J01': 30}, 
4005.0, {'J01': -30.0}, {'J01': 8}, {'J01': 30}, 
4010.0, {'J01': -28.0}, {'J01': 8}, {'J01': 28}, 
4015.0, {'J01': -24.0}, {'J01': 8}, {'J01': 24}, 
4020.0, {'J01': -22.0}, {'J01': 7}, {'J01': 22}, 
4025.0, {'J01': -20.0}, {'J01': 7}, {'J01': 20}, 
4030.0, {'J01': -22.0}, {'J01': 7}, {'J01': 22}, 
4035.0, {'J01': -17.0}, {'J01': 6}, {'J01': 17}, 
4040.0, {'J01': -20.0}, {'J01': 6}, {'J01': 20}, 
4045.0, {'J01': -22.0}, {'J01': 7}, {'J01': 22}, 
4050.0, {'J01': -27.0}, {'J01': 8}, {'J01': 27}, 
4055.0, {'J01': -25.0}, {'J01': 8}, {'J01': 25}, 
4060.0, {'J01': -26.0}, {'J01': 8}, {'J01': 26}, 
4065.0, {'J01': -24.0}, {'J01': 8}, {'J01': 24}, 
4070.0, {'J01': -22.0}, {'J01': 7}, {'J01': 22}, 
4075.0, {'J01': -21.0}, {'J01': 7}, {'J01': 21}, 
4080.0, {'J01': -23.0}, {'J01': 7}, {'J01': 23}, 
4085.0, {'J01': -24.0}, {'J01': 7}, {'J01': 24}, 
4090.0, {'J01': -26.0}, {'J01': 8}, {'J01': 26}, 
4095.0, {'J01': -25.0}, {'J01': 8}, {'J01': 25}, 
4100.0, {'J01': -26.0}, {'J01': 8}, {'J01': 26}, 
4105.0, {'J01': -24.0}, {'J01': 8}, {'J01': 24}, 
4110.0, {'J01': -23.0}, {'J01': 7}, {'J01': 23}, 
4115.0, {'J01': -23.0}, {'J01': 7}, {'J01': 23}, 
4120.0, {'J01': -26.0}, {'J01': 7}, {'J01': 26}, 
4125.0, {'J01': -29.0}, {'J01': 7}, {'J01': 29}, 
4130.0, {'J01': -30.0}, {'J01': 8}, {'J01': 30}, 
4135.0, {'J01': -27.0}, {'J01': 8}, {'J01': 27}, 
4140.0, {'J01': -24.0}, {'J01': 8}, {'J01': 24}, 
4145.0, {'J01': -26.0}, {'J01': 8}, {'J01': 26}, 
4150.0, {'J01': -20.0}, {'J01': 7}, {'J01': 20}, 
4155.0, {'J01': -22.0}, {'J01': 7}, {'J01': 22}, 
4160.0, {'J01': -16.0}, {'J01': 6}, {'J01': 16}, 
4165.0, {'J01': -18.0}, {'J01': 6}, {'J01': 18}, 
4170.0, {'J01': -22.0}, {'J01': 7}, {'J01': 22}, 
4175.0, {'J01': -24.0}, {'J01': 8}, {'J01': 24}, 
4180.0, {'J01': -24.0}, {'J01': 8}, {'J01': 24}, 
4185.0, {'J01': -25.0}, {'J01': 8}, {'J01': 25}, 
4190.0, {'J01': -25.0}, {'J01': 8}, {'J01': 25}, 
4195.0, {'J01': -25.0}, {'J01': 8}, {'J01': 25}, 
4200.0, {'J01': -26.0}, {'J01': 8}, {'J01': 26}, 
4205.0, {'J01': -29.0}, {'J01': 8}, {'J01': 29}, 
4210.0, {'J01': -28.0}, {'J01': 8}, {'J01': 28}, 
4215.0, {'J01': -26.0}, {'J01': 8}, {'J01': 26}, 
4220.0, {'J01': -28.267}, {'J01': 8}, {'J01': 27}, 
4225.0, {'J01': -25.0}, {'J01': 8}, {'J01': 25}, 
4230.0, {'J01': -28.267}, {'J01': 8}, {'J01': 27}, 
4235.0, {'J01': -24.0}, {'J01': 8}, {'J01': 24}, 
4240.0, {'J01': -24.0}, {'J01': 8}, {'J01': 24}, 
4245.0, {'J01': -24.0}, {'J01': 8}, {'J01': 24}, 
4250.0, {'J01': -26.0}, {'J01': 8}, {'J01': 26}, 
4255.0, {'J01': -24.0}, {'J01': 8}, {'J01': 24}, 
4260.0, {'J01': -24.0}, {'J01': 8}, {'J01': 24}, 
4265.0, {'J01': -24.0}, {'J01': 8}, {'J01': 24}, 
4270.0, {'J01': -24.0}, {'J01': 8}, {'J01': 24}, 
4275.0, {'J01': -24.0}, {'J01': 8}, {'J01': 24}, 
4280.0, {'J01': -24.0}, {'J01': 8}, {'J01': 24}, 
4285.0, {'J01': -24.0}, {'J01': 8}, {'J01': 24}, 
4290.0, {'J01': -24.0}, {'J01': 8}, {'J01': 24}, 
4295.0, {'J01': -24.0}, {'J01': 8}, {'J01': 24}, 
4300.0, {'J01': -24.0}, {'J01': 8}, {'J01': 24}, 
4305.0, {'J01': -24.0}, {'J01': 8}, {'J01': 24}, 
4310.0, {'J01': -24.0}, {'J01': 8}, {'J01': 24}, 
4315.0, {'J01': -26.0}, {'J01': 8}, {'J01': 26}, 
4320.0, {'J01': -24.0}, {'J01': 8}, {'J01': 24}, 
4325.0, {'J01': -25.0}, {'J01': 8}, {'J01': 25}, 
4330.0, {'J01': -25.0}, {'J01': 8}, {'J01': 25}, 
4335.0, {'J01': -24.0}, {'J01': 8}, {'J01': 24}, 
4340.0, {'J01': -24.0}, {'J01': 8}, {'J01': 24}, 
4345.0, {'J01': -24.0}, {'J01': 8}, {'J01': 24}, 
4350.0, {'J01': -25.0}, {'J01': 8}, {'J01': 25}, 
4355.0, {'J01': -24.0}, {'J01': 8}, {'J01': 24}, 
4360.0, {'J01': -24.0}, {'J01': 8}, {'J01': 24}, 
4365.0, {'J01': -24.0}, {'J01': 8}, {'J01': 24}, 
4370.0, {'J01': -24.0}, {'J01': 8}, {'J01': 24}, 
4375.0, {'J01': -25.0}, {'J01': 8}, {'J01': 25}, 
4380.0, {'J01': -26.0}, {'J01': 8}, {'J01': 26}, 
4385.0, {'J01': -26.0}, {'J01': 8}, {'J01': 26}, 
4390.0, {'J01': -25.0}, {'J01': 8}, {'J01': 25}, 
4395.0, {'J01': -25.0}, {'J01': 8}, {'J01': 25}, 
4400.0, {'J01': -26.0}, {'J01': 8}, {'J01': 26}, 
4405.0, {'J01': -24.0}, {'J01': 8}, {'J01': 24}, 
4410.0, {'J01': -24.0}, {'J01': 8}, {'J01': 24}, 
4415.0, {'J01': -24.0}, {'J01': 8}, {'J01': 24}, 
4420.0, {'J01': -24.0}, {'J01': 8}, {'J01': 24}, 
4425.0, {'J01': -24.0}, {'J01': 8}, {'J01': 24}, 
4430.0, {'J01': -24.0}, {'J01': 8}, {'J01': 24}, 
4435.0, {'J01': -24.0}, {'J01': 8}, {'J01': 24}, 
4440.0, {'J01': -24.0}, {'J01': 8}, {'J01': 24}, 
4445.0, {'J01': -24.0}, {'J01': 8}, {'J01': 24}, 
4450.0, {'J01': -24.0}, {'J01': 8}, {'J01': 24}, 
4455.0, {'J01': -24.0}, {'J01': 8}, {'J01': 24}, 
4460.0, {'J01': -24.0}, {'J01': 8}, {'J01': 24}, 
4465.0, {'J01': -24.0}, {'J01': 8}, {'J01': 24}, 
4470.0, {'J01': -32.534}, {'J01': 8}, {'J01': 30}, 
4475.0, {'J01': -25.0}, {'J01': 8}, {'J01': 25}, 
4480.0, {'J01': -25.0}, {'J01': 8}, {'J01': 25}, 
4485.0, {'J01': -26.0}, {'J01': 8}, {'J01': 26}, 
4490.0, {'J01': -24.0}, {'J01': 8}, {'J01': 24}, 
4495.0, {'J01': -24.0}, {'J01': 8}, {'J01': 24}, 
4500.0, {'J01': -25.0}, {'J01': 8}, {'J01': 25}, 
4505.0, {'J01': -26.0}, {'J01': 8}, {'J01': 26}, 
4510.0, {'J01': -25.0}, {'J01': 8}, {'J01': 25}, 
4515.0, {'J01': -26.0}, {'J01': 8}, {'J01': 26}, 
4520.0, {'J01': -24.0}, {'J01': 8}, {'J01': 24}, 
4525.0, {'J01': -24.0}, {'J01': 8}, {'J01': 24}, 
4530.0, {'J01': -26.0}, {'J01': 8}, {'J01': 26}, 
4535.0, {'J01': -24.0}, {'J01': 8}, {'J01': 24}, 
4540.0, {'J01': -25.0}, {'J01': 8}, {'J01': 25}, 
4545.0, {'J01': -26.0}, {'J01': 8}, {'J01': 26}, 
4550.0, {'J01': -24.0}, {'J01': 8}, {'J01': 24}, 
4555.0, {'J01': -27.0}, {'J01': 8}, {'J01': 27}, 
4560.0, {'J01': -25.0}, {'J01': 8}, {'J01': 25}, 
4565.0, {'J01': -26.0}, {'J01': 8}, {'J01': 26}, 
4570.0, {'J01': -24.0}, {'J01': 8}, {'J01': 24}, 
4575.0, {'J01': -28.267}, {'J01': 8}, {'J01': 27}, 
4580.0, {'J01': -24.0}, {'J01': 8}, {'J01': 24}, 
4585.0, {'J01': -26.0}, {'J01': 8}, {'J01': 26}, 
4590.0, {'J01': -24.0}, {'J01': 8}, {'J01': 24}, 
4595.0, {'J01': -26.0}, {'J01': 8}, {'J01': 26}, 
4600.0, {'J01': -24.0}, {'J01': 8}, {'J01': 24}, 
4605.0, {'J01': -24.0}, {'J01': 8}, {'J01': 24}, 
4610.0, {'J01': -24.0}, {'J01': 8}, {'J01': 24}, 
4615.0, {'J01': -24.0}, {'J01': 8}, {'J01': 24}, 
4620.0, {'J01': -24.0}, {'J01': 8}, {'J01': 24}, 
4625.0, {'J01': -24.0}, {'J01': 8}, {'J01': 24}, 
4630.0, {'J01': -24.0}, {'J01': 8}, {'J01': 24}, 
4635.0, {'J01': -24.0}, {'J01': 8}, {'J01': 24}, 
4640.0, {'J01': -24.0}, {'J01': 8}, {'J01': 24}, 
4645.0, {'J01': -24.0}, {'J01': 8}, {'J01': 24}, 
4650.0, {'J01': -25.0}, {'J01': 8}, {'J01': 25}, 
4655.0, {'J01': -26.0}, {'J01': 8}, {'J01': 26}, 
4660.0, {'J01': -24.0}, {'J01': 8}, {'J01': 24}, 
4665.0, {'J01': -24.0}, {'J01': 8}, {'J01': 24}, 
4670.0, {'J01': -24.0}, {'J01': 8}, {'J01': 24}, 
4675.0, {'J01': -24.0}, {'J01': 8}, {'J01': 24}, 
4680.0, {'J01': -24.0}, {'J01': 8}, {'J01': 24}, 
4685.0, {'J01': -24.0}, {'J01': 8}, {'J01': 24}, 
4690.0, {'J01': -24.0}, {'J01': 8}, {'J01': 24}, 
4695.0, {'J01': -24.0}, {'J01': 8}, {'J01': 24}, 
4700.0, {'J01': -24.0}, {'J01': 8}, {'J01': 24}, 
4705.0, {'J01': -24.0}, {'J01': 8}, {'J01': 24}, 
4710.0, {'J01': -24.0}, {'J01': 8}, {'J01': 24}, 
4715.0, {'J01': -24.0}, {'J01': 8}, {'J01': 24}, 
4720.0, {'J01': -25.0}, {'J01': 8}, {'J01': 25}, 
4725.0, {'J01': -24.0}, {'J01': 8}, {'J01': 24}, 
4730.0, {'J01': -24.0}, {'J01': 8}, {'J01': 24}, 
4735.0, {'J01': -24.0}, {'J01': 8}, {'J01': 24}, 
4740.0, {'J01': -24.0}, {'J01': 8}, {'J01': 24}, 
4745.0, {'J01': -24.0}, {'J01': 8}, {'J01': 24}, 
4750.0, {'J01': -24.0}, {'J01': 8}, {'J01': 24}, 
4755.0, {'J01': -24.0}, {'J01': 8}, {'J01': 24}, 
4760.0, {'J01': -24.0}, {'J01': 8}, {'J01': 24}, 
4765.0, {'J01': -24.0}, {'J01': 8}, {'J01': 24}, 
4770.0, {'J01': -24.0}, {'J01': 8}, {'J01': 24}, 
4775.0, {'J01': -24.0}, {'J01': 8}, {'J01': 24}, 
4780.0, {'J01': -24.0}, {'J01': 8}, {'J01': 24}, 
4785.0, {'J01': -25.0}, {'J01': 8}, {'J01': 25}, 
4790.0, {'J01': -24.0}, {'J01': 8}, {'J01': 24}, 
4795.0, {'J01': -24.0}, {'J01': 8}, {'J01': 24}, 
4800.0, {'J01': -24.0}, {'J01': 8}, {'J01': 24}, 
4805.0, {'J01': -24.0}, {'J01': 8}, {'J01': 24}, 
4810.0, {'J01': -24.0}, {'J01': 8}, {'J01': 24}, 
4815.0, {'J01': -24.0}, {'J01': 8}, {'J01': 24}, 
4820.0, {'J01': -25.0}, {'J01': 8}, {'J01': 25}, 
4825.0, {'J01': -24.0}, {'J01': 8}, {'J01': 24}, 
4830.0, {'J01': -25.0}, {'J01': 8}, {'J01': 25}, 
4835.0, {'J01': -24.0}, {'J01': 8}, {'J01': 24}, 
4840.0, {'J01': -25.0}, {'J01': 8}, {'J01': 25}, 
4845.0, {'J01': -24.0}, {'J01': 8}, {'J01': 24}, 
4850.0, {'J01': -25.0}, {'J01': 8}, {'J01': 25}, 
4855.0, {'J01': -20.0}, {'J01': 7}, {'J01': 20}, 
4860.0, {'J01': -21.0}, {'J01': 7}, {'J01': 21}, 
4865.0, {'J01': -16.0}, {'J01': 5}, {'J01': 16}, 
4870.0, {'J01': -13.0}, {'J01': 4}, {'J01': 13}, 
4875.0, {'J01': -14.0}, {'J01': 4}, {'J01': 14}, 
4880.0, {'J01': -18.0}, {'J01': 6}, {'J01': 18}, 
4885.0, {'J01': -19.0}, {'J01': 7}, {'J01': 19}, 
4890.0, {'J01': -19.0}, {'J01': 7}, {'J01': 19}, 
4895.0, {'J01': -23.0}, {'J01': 7}, {'J01': 23}, 
4900.0, {'J01': -23.0}, {'J01': 7}, {'J01': 23}, 
4905.0, {'J01': -26.0}, {'J01': 8}, {'J01': 26}, 
4910.0, {'J01': -25.0}, {'J01': 8}, {'J01': 25}, 
4915.0, {'J01': -24.0}, {'J01': 8}, {'J01': 24}, 
4920.0, {'J01': -21.0}, {'J01': 7}, {'J01': 21}, 
4925.0, {'J01': -20.0}, {'J01': 7}, {'J01': 20}, 
4930.0, {'J01': -21.0}, {'J01': 7}, {'J01': 21}, 
4935.0, {'J01': -16.0}, {'J01': 6}, {'J01': 16}, 
4940.0, {'J01': -17.0}, {'J01': 6}, {'J01': 17}, 
4945.0, {'J01': -12.0}, {'J01': 5}, {'J01': 12}, 
4950.0, {'J01': -15.0}, {'J01': 5}, {'J01': 15}, 
4955.0, {'J01': -18.0}, {'J01': 5}, {'J01': 18}, 
4960.0, {'J01': -25.0}, {'J01': 8}, {'J01': 25}, 
4965.0, {'J01': -24.0}, {'J01': 8}, {'J01': 24}, 
4970.0, {'J01': -21.0}, {'J01': 7}, {'J01': 21}, 
4975.0, {'J01': -20.0}, {'J01': 7}, {'J01': 20}, 
4980.0, {'J01': -21.0}, {'J01': 7}, {'J01': 21}, 
4985.0, {'J01': -17.0}, {'J01': 6}, {'J01': 17}, 
4990.0, {'J01': -20.0}, {'J01': 6}, {'J01': 20}, 
4995.0, {'J01': -21.0}, {'J01': 6}, {'J01': 21}, 
5000.0, {'J01': -24.0}, {'J01': 8}, {'J01': 24}, 
5005.0, {'J01': -24.0}, {'J01': 8}, {'J01': 24}, 
5010.0, {'J01': -25.0}, {'J01': 8}, {'J01': 25}, 
5015.0, {'J01': -25.0}, {'J01': 8}, {'J01': 25}, 
5020.0, {'J01': -24.0}, {'J01': 8}, {'J01': 24}, 
5025.0, {'J01': -24.0}, {'J01': 8}, {'J01': 24}, 
5030.0, {'J01': -25.0}, {'J01': 8}, {'J01': 25}, 
5035.0, {'J01': -25.0}, {'J01': 8}, {'J01': 25}, 
5040.0, {'J01': -24.0}, {'J01': 8}, {'J01': 24}, 
5045.0, {'J01': -24.0}, {'J01': 8}, {'J01': 24}, 
5050.0, {'J01': -24.0}, {'J01': 8}, {'J01': 24}, 
5055.0, {'J01': -21.0}, {'J01': 7}, {'J01': 21}, 
5060.0, {'J01': -20.0}, {'J01': 7}, {'J01': 20}, 
5065.0, {'J01': -21.0}, {'J01': 7}, {'J01': 21}, 
5070.0, {'J01': -16.0}, {'J01': 6}, {'J01': 16}, 
5075.0, {'J01': -17.0}, {'J01': 6}, {'J01': 17}, 
5080.0, {'J01': -12.0}, {'J01': 5}, {'J01': 12}, 
5085.0, {'J01': -15.0}, {'J01': 5}, {'J01': 15}, 
5090.0, {'J01': -10.0}, {'J01': 4}, {'J01': 10}, 
5095.0, {'J01': -13.0}, {'J01': 4}, {'J01': 13}, 
5100.0, {'J01': -8.0}, {'J01': 3}, {'J01': 8}, 
5105.0, {'J01': -11.0}, {'J01': 3}, {'J01': 11}, 
5110.0, {'J01': -6.0}, {'J01': 2}, {'J01': 6}, 
5115.0, {'J01': -9.0}, {'J01': 2}, {'J01': 9}, 
5120.0, {'J01': -4.0}, {'J01': 1}, {'J01': 4}, 
5125.0, {'J01': -9.0}, {'J01': 2}, {'J01': 9}, 
5130.0, {'J01': -4.0}, {'J01': 1}, {'J01': 4}, 
5135.0, {'J01': -9.0}, {'J01': 2}, {'J01': 9}, 
5140.0, {'J01': -4.0}, {'J01': 1}, {'J01': 4}, 
5145.0, {'J01': -10.0}, {'J01': 2}, {'J01': 10}, 
5150.0, {'J01': -5.0}, {'J01': 1}, {'J01': 5}, 
5155.0, {'J01': -9.0}, {'J01': 2}, {'J01': 9}, 
5160.0, {'J01': -5.0}, {'J01': 1}, {'J01': 5}, 
5165.0, {'J01': -9.0}, {'J01': 2}, {'J01': 9}, 
5170.0, {'J01': -5.0}, {'J01': 1}, {'J01': 5}, 
5175.0, {'J01': -6.0}, {'J01': 1}, {'J01': 6}, 
5180.0, {'J01': -5.0}, {'J01': 4}, {'J01': 5}, 
5185.0, {'J01': -8.0}, {'J01': 2}, {'J01': 8}, 
5190.0, {'J01': -16.0}, {'J01': 4}, {'J01': 16}, 
5195.0, {'J01': -22.0}, {'J01': 7}, {'J01': 22}, 
5200.0, {'J01': -23.0}, {'J01': 8}, {'J01': 23}, 
5205.0, {'J01': -23.0}, {'J01': 8}, {'J01': 23}, 
5210.0, {'J01': -22.0}, {'J01': 8}, {'J01': 22}, 
5215.0, {'J01': -22.0}, {'J01': 8}, {'J01': 22}, 
5220.0, {'J01': -22.0}, {'J01': 8}, {'J01': 22}, 
5225.0, {'J01': -22.0}, {'J01': 8}, {'J01': 22}, 
5230.0, {'J01': -22.0}, {'J01': 8}, {'J01': 22}, 
5235.0, {'J01': -22.0}, {'J01': 8}, {'J01': 22}, 
5240.0, {'J01': -22.0}, {'J01': 8}, {'J01': 22}, 
5245.0, {'J01': -22.0}, {'J01': 8}, {'J01': 22}, 
5250.0, {'J01': -22.0}, {'J01': 8}, {'J01': 22}, 
5255.0, {'J01': -22.0}, {'J01': 8}, {'J01': 22}, 
5260.0, {'J01': -22.0}, {'J01': 8}, {'J01': 22}, 
5265.0, {'J01': -22.0}, {'J01': 8}, {'J01': 22}, 
5270.0, {'J01': -22.0}, {'J01': 8}, {'J01': 22}, 
5275.0, {'J01': -22.0}, {'J01': 8}, {'J01': 22}, 
5280.0, {'J01': -22.0}, {'J01': 8}, {'J01': 22}, 
5285.0, {'J01': -22.0}, {'J01': 8}, {'J01': 22}, 
5290.0, {'J01': -22.0}, {'J01': 8}, {'J01': 22}, 
5295.0, {'J01': -22.0}, {'J01': 8}, {'J01': 22}, 
5300.0, {'J01': -22.0}, {'J01': 8}, {'J01': 22}, 
5305.0, {'J01': -22.0}, {'J01': 8}, {'J01': 22}, 
5310.0, {'J01': -22.0}, {'J01': 8}, {'J01': 22}, 
5315.0, {'J01': -22.0}, {'J01': 8}, {'J01': 22}, 
5320.0, {'J01': -22.0}, {'J01': 8}, {'J01': 22}, 
5325.0, {'J01': -22.0}, {'J01': 8}, {'J01': 22}, 
5330.0, {'J01': -22.0}, {'J01': 8}, {'J01': 22}, 
5335.0, {'J01': -22.0}, {'J01': 8}, {'J01': 22}, 
5340.0, {'J01': -22.0}, {'J01': 8}, {'J01': 22}, 
5345.0, {'J01': -22.0}, {'J01': 8}, {'J01': 22}, 
5350.0, {'J01': -22.0}, {'J01': 8}, {'J01': 22}, 
5355.0, {'J01': -22.0}, {'J01': 8}, {'J01': 22}, 
5360.0, {'J01': -22.0}, {'J01': 8}, {'J01': 22}, 
5365.0, {'J01': -22.0}, {'J01': 8}, {'J01': 22}, 
5370.0, {'J01': -22.0}, {'J01': 8}, {'J01': 22}, 
5375.0, {'J01': -22.0}, {'J01': 8}, {'J01': 22}, 
5380.0, {'J01': -22.0}, {'J01': 8}, {'J01': 22}, 
5385.0, {'J01': -22.0}, {'J01': 8}, {'J01': 22}, 
5390.0, {'J01': -22.0}, {'J01': 8}, {'J01': 22}, 
5395.0, {'J01': -22.0}, {'J01': 8}, {'J01': 22}, 
5400.0, {'J01': -22.0}, {'J01': 8}, {'J01': 22}, 
