5.0, {'J01': -0.0, 'top_mgr': 0}, {'J01': 0}, {'J01': 0}, 
10.0, {'J01': -0.0, 'top_mgr': 0}, {'J01': 0}, {'J01': 0}, 
15.0, {'J01': -4.0, 'top_mgr': 0}, {'J01': 1}, {'J01': 2}, 
20.0, {'J01': -16.200000000000003, 'top_mgr': 3}, {'J01': 4}, {'J01': 6}, 
25.0, {'J01': -14.2, 'top_mgr': 2}, {'J01': 3}, {'J01': 4}, 
30.0, {'J01': -26.200000000000003, 'top_mgr': 1}, {'J01': 2}, {'J01': 6}, 
35.0, {'J01': -49.6, 'top_mgr': 0}, {'J01': 4}, {'J01': 12}, 
40.0, {'J01': -68.80000000000001, 'top_mgr': 3}, {'J01': 4}, {'J01': 13}, 
45.0, {'J01': -68.4, 'top_mgr': 4}, {'J01': 5}, {'J01': 13}, 
50.0, {'J01': -97.2, 'top_mgr': 1}, {'J01': 6}, {'J01': 21}, 
55.0, {'J01': -130.4, 'top_mgr': 3}, {'J01': 7}, {'J01': 25}, 
60.0, {'J01': -169.4, 'top_mgr': 2}, {'J01': 7}, {'J01': 28}, 
65.0, {'J01': -210.4, 'top_mgr': 0}, {'J01': 8}, {'J01': 33}, 
70.0, {'J01': -192.0, 'top_mgr': 7}, {'J01': 7}, {'J01': 27}, 
75.0, {'J01': -190.6, 'top_mgr': 4}, {'J01': 6}, {'J01': 25}, 
80.0, {'J01': -154.60000000000002, 'top_mgr': 6}, {'J01': 5}, {'J01': 20}, 
85.0, {'J01': -146.79999999999998, 'top_mgr': 8}, {'J01': 4}, {'J01': 17}, 
90.0, {'J01': -164.4, 'top_mgr': 2}, {'J01': 4}, {'J01': 18}, 
95.0, {'J01': -215.2, 'top_mgr': 0}, {'J01': 7}, {'J01': 31}, 
100.0, {'J01': -267.2, 'top_mgr': 0}, {'J01': 8}, {'J01': 35}, 
105.0, {'J01': -276.20000000000005, 'top_mgr': 7}, {'J01': 7}, {'J01': 30}, 
110.0, {'J01': -268.2, 'top_mgr': 8}, {'J01': 6}, {'J01': 25}, 
115.0, {'J01': -278.40000000000003, 'top_mgr': 2}, {'J01': 6}, {'J01': 29}, 
120.0, {'J01': -321.80000000000007, 'top_mgr': 0}, {'J01': 6}, {'J01': 32}, 
125.0, {'J01': -286.0, 'top_mgr': 8}, {'J01': 8}, {'J01': 29}, 
130.0, {'J01': -267.40000000000003, 'top_mgr': 2}, {'J01': 8}, {'J01': 32}, 
135.0, {'J01': -247.6, 'top_mgr': 4}, {'J01': 8}, {'J01': 32}, 
140.0, {'J01': -278.99999999999994, 'top_mgr': 4}, {'J01': 8}, {'J01': 33}, 
145.0, {'J01': -318.99999999999994, 'top_mgr': 2}, {'J01': 8}, {'J01': 36}, 
150.0, {'J01': -339.2, 'top_mgr': 2}, {'J01': 8}, {'J01': 37}, 
155.0, {'J01': -381.2, 'top_mgr': 0}, {'J01': 8}, {'J01': 39}, 
160.0, {'J01': -422.2, 'top_mgr': 0}, {'J01': 8}, {'J01': 40}, 
165.0, {'J01': -462.2, 'top_mgr': 1}, {'J01': 8}, {'J01': 40}, 
170.0, {'J01': -477.8, 'top_mgr': 3}, {'J01': 8}, {'J01': 40}, 
175.0, {'J01': -490.0, 'top_mgr': 1}, {'J01': 8}, {'J01': 41}, 
180.0, {'J01': -478.80000000000007, 'top_mgr': 4}, {'J01': 8}, {'J01': 40}, 
185.0, {'J01': -382.0, 'top_mgr': 11}, {'J01': 7}, {'J01': 32}, 
190.0, {'J01': -345.8, 'top_mgr': 15}, {'J01': 4}, {'J01': 21}, 
195.0, {'J01': -296.6, 'top_mgr': 12}, {'J01': 4}, {'J01': 13}, 
200.0, {'J01': -269.20000000000005, 'top_mgr': 3}, {'J01': 4}, {'J01': 16}, 
205.0, {'J01': -321.00000000000006, 'top_mgr': 0}, {'J01': 5}, {'J01': 26}, 
210.0, {'J01': -199.00000000000003, 'top_mgr': 7}, {'J01': 6}, {'J01': 25}, 
215.0, {'J01': -207.20000000000005, 'top_mgr': 2}, {'J01': 8}, {'J01': 30}, 
220.0, {'J01': -190.20000000000005, 'top_mgr': 6}, {'J01': 7}, {'J01': 29}, 
225.0, {'J01': -159.4, 'top_mgr': 8}, {'J01': 6}, {'J01': 22}, 
230.0, {'J01': -178.4, 'top_mgr': 6}, {'J01': 5}, {'J01': 22}, 
235.0, {'J01': -199.40000000000003, 'top_mgr': 4}, {'J01': 5}, {'J01': 20}, 
240.0, {'J01': -235.40000000000003, 'top_mgr': 6}, {'J01': 6}, {'J01': 22}, 
245.0, {'J01': -265.8, 'top_mgr': 7}, {'J01': 6}, {'J01': 23}, 
250.0, {'J01': -224.0, 'top_mgr': 6}, {'J01': 6}, {'J01': 22}, 
255.0, {'J01': -251.20000000000002, 'top_mgr': 1}, {'J01': 6}, {'J01': 25}, 
260.0, {'J01': -286.00000000000006, 'top_mgr': 1}, {'J01': 7}, {'J01': 28}, 
265.0, {'J01': -291.80000000000007, 'top_mgr': 2}, {'J01': 8}, {'J01': 28}, 
270.0, {'J01': -328.6, 'top_mgr': 1}, {'J01': 8}, {'J01': 32}, 
275.0, {'J01': -371.00000000000006, 'top_mgr': 0}, {'J01': 8}, {'J01': 35}, 
280.0, {'J01': -334.8000000000001, 'top_mgr': 5}, {'J01': 8}, {'J01': 31}, 
285.0, {'J01': -272.40000000000003, 'top_mgr': 4}, {'J01': 8}, {'J01': 28}, 
290.0, {'J01': -291.8, 'top_mgr': 1}, {'J01': 8}, {'J01': 29}, 
295.0, {'J01': -317.0, 'top_mgr': 3}, {'J01': 8}, {'J01': 30}, 
300.0, {'J01': -273.40000000000003, 'top_mgr': 3}, {'J01': 8}, {'J01': 30}, 
305.0, {'J01': -298.20000000000005, 'top_mgr': 4}, {'J01': 8}, {'J01': 32}, 
310.0, {'J01': -333.0, 'top_mgr': 2}, {'J01': 8}, {'J01': 35}, 
315.0, {'J01': -357.0, 'top_mgr': 4}, {'J01': 8}, {'J01': 36}, 
320.0, {'J01': -387.0, 'top_mgr': 4}, {'J01': 8}, {'J01': 38}, 
325.0, {'J01': -416.4, 'top_mgr': 6}, {'J01': 8}, {'J01': 36}, 
330.0, {'J01': -449.20000000000005, 'top_mgr': 1}, {'J01': 9}, {'J01': 40}, 
335.0, {'J01': -487.40000000000003, 'top_mgr': 1}, {'J01': 10}, {'J01': 42}, 
340.0, {'J01': -492.0, 'top_mgr': 3}, {'J01': 11}, {'J01': 42}, 
345.0, {'J01': -441.8, 'top_mgr': 3}, {'J01': 12}, {'J01': 41}, 
350.0, {'J01': -442.5999999999999, 'top_mgr': 7}, {'J01': 12}, {'J01': 39}, 
355.0, {'J01': -467.79999999999995, 'top_mgr': 1}, {'J01': 12}, {'J01': 44}, 
360.0, {'J01': -490.4, 'top_mgr': 2}, {'J01': 14}, {'J01': 45}, 
365.0, {'J01': -502.4, 'top_mgr': 1}, {'J01': 14}, {'J01': 45}, 
370.0, {'J01': -534.5999999999999, 'top_mgr': 1}, {'J01': 14}, {'J01': 46}, 
375.0, {'J01': -560.0000000000001, 'top_mgr': 1}, {'J01': 14}, {'J01': 47}, 
380.0, {'J01': -577.6, 'top_mgr': 2}, {'J01': 14}, {'J01': 46}, 
385.0, {'J01': -593.8000000000001, 'top_mgr': 4}, {'J01': 14}, {'J01': 42}, 
390.0, {'J01': -599.8000000000001, 'top_mgr': 2}, {'J01': 15}, {'J01': 41}, 
395.0, {'J01': -635.4000000000001, 'top_mgr': 3}, {'J01': 15}, {'J01': 43}, 
400.0, {'J01': -658.2000000000002, 'top_mgr': 2}, {'J01': 16}, {'J01': 46}, 
405.0, {'J01': -654.8000000000001, 'top_mgr': 2}, {'J01': 17}, {'J01': 45}, 
410.0, {'J01': -651.6000000000001, 'top_mgr': 9}, {'J01': 15}, {'J01': 39}, 
415.0, {'J01': -625.4000000000001, 'top_mgr': 12}, {'J01': 13}, {'J01': 32}, 
420.0, {'J01': -554.8000000000002, 'top_mgr': 6}, {'J01': 11}, {'J01': 29}, 
425.0, {'J01': -523.6000000000001, 'top_mgr': 8}, {'J01': 9}, {'J01': 23}, 
430.0, {'J01': -549.0000000000001, 'top_mgr': 2}, {'J01': 9}, {'J01': 25}, 
435.0, {'J01': -599.0000000000001, 'top_mgr': 0}, {'J01': 10}, {'J01': 37}, 
440.0, {'J01': -341.6, 'top_mgr': 11}, {'J01': 7}, {'J01': 30}, 
445.0, {'J01': -316.8, 'top_mgr': 14}, {'J01': 5}, {'J01': 19}, 
450.0, {'J01': -258.4, 'top_mgr': 12}, {'J01': 5}, {'J01': 14}, 
455.0, {'J01': -245.60000000000002, 'top_mgr': 7}, {'J01': 5}, {'J01': 14}, 
460.0, {'J01': -270.40000000000003, 'top_mgr': 2}, {'J01': 5}, {'J01': 16}, 
465.0, {'J01': -303.0, 'top_mgr': 2}, {'J01': 6}, {'J01': 24}, 
470.0, {'J01': -310.6, 'top_mgr': 4}, {'J01': 8}, {'J01': 29}, 
475.0, {'J01': -332.8, 'top_mgr': 4}, {'J01': 8}, {'J01': 28}, 
480.0, {'J01': -336.4, 'top_mgr': 6}, {'J01': 7}, {'J01': 25}, 
485.0, {'J01': -352.4, 'top_mgr': 3}, {'J01': 6}, {'J01': 25}, 
490.0, {'J01': -383.4, 'top_mgr': 0}, {'J01': 6}, {'J01': 27}, 
495.0, {'J01': -361.40000000000003, 'top_mgr': 5}, {'J01': 6}, {'J01': 26}, 
500.0, {'J01': -259.4, 'top_mgr': 3}, {'J01': 8}, {'J01': 29}, 
505.0, {'J01': -289.40000000000003, 'top_mgr': 1}, {'J01': 8}, {'J01': 33}, 
510.0, {'J01': -327.20000000000005, 'top_mgr': 1}, {'J01': 8}, {'J01': 38}, 
515.0, {'J01': -336.00000000000006, 'top_mgr': 3}, {'J01': 8}, {'J01': 35}, 
520.0, {'J01': -358.00000000000006, 'top_mgr': 2}, {'J01': 8}, {'J01': 36}, 
525.0, {'J01': -292.40000000000003, 'top_mgr': 2}, {'J01': 8}, {'J01': 38}, 
530.0, {'J01': -320.0, 'top_mgr': 2}, {'J01': 8}, {'J01': 40}, 
535.0, {'J01': -369.0, 'top_mgr': 1}, {'J01': 8}, {'J01': 44}, 
540.0, {'J01': -419.0, 'top_mgr': 0}, {'J01': 8}, {'J01': 46}, 
545.0, {'J01': -435.6, 'top_mgr': 3}, {'J01': 9}, {'J01': 47}, 
550.0, {'J01': -452.6, 'top_mgr': 3}, {'J01': 9}, {'J01': 46}, 
555.0, {'J01': -456.4, 'top_mgr': 8}, {'J01': 7}, {'J01': 38}, 
560.0, {'J01': -376.6, 'top_mgr': 11}, {'J01': 5}, {'J01': 28}, 
565.0, {'J01': -411.20000000000005, 'top_mgr': 6}, {'J01': 5}, {'J01': 24}, 
570.0, {'J01': -352.20000000000005, 'top_mgr': 9}, {'J01': 4}, {'J01': 19}, 
575.0, {'J01': -367.8, 'top_mgr': 5}, {'J01': 3}, {'J01': 24}, 
580.0, {'J01': -379.6000000000001, 'top_mgr': 2}, {'J01': 6}, {'J01': 33}, 
585.0, {'J01': -401.8, 'top_mgr': 2}, {'J01': 8}, {'J01': 38}, 
590.0, {'J01': -448.0, 'top_mgr': 1}, {'J01': 8}, {'J01': 39}, 
595.0, {'J01': -463.0, 'top_mgr': 6}, {'J01': 8}, {'J01': 38}, 
600.0, {'J01': -501.4000000000001, 'top_mgr': 3}, {'J01': 8}, {'J01': 35}, 
605.0, {'J01': -487.40000000000003, 'top_mgr': 4}, {'J01': 8}, {'J01': 36}, 
610.0, {'J01': -533.4000000000001, 'top_mgr': 0}, {'J01': 8}, {'J01': 42}, 
615.0, {'J01': -575.4000000000001, 'top_mgr': 1}, {'J01': 8}, {'J01': 44}, 
620.0, {'J01': -469.4, 'top_mgr': 4}, {'J01': 8}, {'J01': 44}, 
625.0, {'J01': -501.79999999999995, 'top_mgr': 1}, {'J01': 8}, {'J01': 44}, 
630.0, {'J01': -474.5999999999999, 'top_mgr': 7}, {'J01': 7}, {'J01': 41}, 
635.0, {'J01': -519.8, 'top_mgr': 3}, {'J01': 7}, {'J01': 40}, 
640.0, {'J01': -430.8, 'top_mgr': 9}, {'J01': 6}, {'J01': 33}, 
645.0, {'J01': -402.4, 'top_mgr': 13}, {'J01': 4}, {'J01': 23}, 
650.0, {'J01': -361.99999999999994, 'top_mgr': 12}, {'J01': 4}, {'J01': 17}, 
655.0, {'J01': -297.4, 'top_mgr': 5}, {'J01': 4}, {'J01': 20}, 
660.0, {'J01': -287.80000000000007, 'top_mgr': 4}, {'J01': 4}, {'J01': 27}, 
665.0, {'J01': -332.8, 'top_mgr': 0}, {'J01': 4}, {'J01': 28}, 
670.0, {'J01': -388.8, 'top_mgr': 1}, {'J01': 6}, {'J01': 40}, 
675.0, {'J01': -438.8, 'top_mgr': 0}, {'J01': 8}, {'J01': 46}, 
680.0, {'J01': -436.0, 'top_mgr': 13}, {'J01': 6}, {'J01': 35}, 
685.0, {'J01': -390.8, 'top_mgr': 16}, {'J01': 4}, {'J01': 24}, 
690.0, {'J01': -348.79999999999995, 'top_mgr': 9}, {'J01': 4}, {'J01': 18}, 
695.0, {'J01': -365.6, 'top_mgr': 2}, {'J01': 4}, {'J01': 22}, 
700.0, {'J01': -400.2, 'top_mgr': 4}, {'J01': 6}, {'J01': 27}, 
705.0, {'J01': -423.80000000000007, 'top_mgr': 4}, {'J01': 7}, {'J01': 27}, 
710.0, {'J01': -456.00000000000006, 'top_mgr': 2}, {'J01': 7}, {'J01': 30}, 
715.0, {'J01': -385.6000000000001, 'top_mgr': 5}, {'J01': 7}, {'J01': 27}, 
720.0, {'J01': -227.0, 'top_mgr': 4}, {'J01': 8}, {'J01': 31}, 
725.0, {'J01': -252.20000000000002, 'top_mgr': 2}, {'J01': 8}, {'J01': 34}, 
730.0, {'J01': -269.20000000000005, 'top_mgr': 6}, {'J01': 7}, {'J01': 30}, 
735.0, {'J01': -210.4, 'top_mgr': 9}, {'J01': 5}, {'J01': 24}, 
740.0, {'J01': -224.0, 'top_mgr': 4}, {'J01': 5}, {'J01': 24}, 
745.0, {'J01': -234.8, 'top_mgr': 6}, {'J01': 4}, {'J01': 21}, 
750.0, {'J01': -239.8, 'top_mgr': 9}, {'J01': 4}, {'J01': 17}, 
755.0, {'J01': -266.20000000000005, 'top_mgr': 3}, {'J01': 4}, {'J01': 22}, 
760.0, {'J01': -291.40000000000003, 'top_mgr': 4}, {'J01': 4}, {'J01': 26}, 
765.0, {'J01': -283.4, 'top_mgr': 5}, {'J01': 7}, {'J01': 28}, 
770.0, {'J01': -305.20000000000005, 'top_mgr': 5}, {'J01': 7}, {'J01': 30}, 
775.0, {'J01': -287.40000000000003, 'top_mgr': 7}, {'J01': 7}, {'J01': 26}, 
780.0, {'J01': -296.20000000000005, 'top_mgr': 2}, {'J01': 7}, {'J01': 27}, 
785.0, {'J01': -351.0, 'top_mgr': 0}, {'J01': 7}, {'J01': 35}, 
790.0, {'J01': -398.0, 'top_mgr': 2}, {'J01': 8}, {'J01': 36}, 
795.0, {'J01': -349.4, 'top_mgr': 9}, {'J01': 7}, {'J01': 32}, 
800.0, {'J01': -358.40000000000003, 'top_mgr': 8}, {'J01': 4}, {'J01': 26}, 
805.0, {'J01': -375.8, 'top_mgr': 9}, {'J01': 4}, {'J01': 25}, 
810.0, {'J01': -328.6000000000001, 'top_mgr': 13}, {'J01': 3}, {'J01': 18}, 
815.0, {'J01': -342.2, 'top_mgr': 3}, {'J01': 3}, {'J01': 23}, 
820.0, {'J01': -302.80000000000007, 'top_mgr': 5}, {'J01': 6}, {'J01': 28}, 
825.0, {'J01': -248.00000000000003, 'top_mgr': 2}, {'J01': 8}, {'J01': 32}, 
830.0, {'J01': -283.8, 'top_mgr': 0}, {'J01': 8}, {'J01': 34}, 
835.0, {'J01': -324.80000000000007, 'top_mgr': 0}, {'J01': 8}, {'J01': 38}, 
840.0, {'J01': -302.6, 'top_mgr': 6}, {'J01': 8}, {'J01': 34}, 
845.0, {'J01': -281.40000000000003, 'top_mgr': 5}, {'J01': 8}, {'J01': 33}, 
850.0, {'J01': -219.2, 'top_mgr': 7}, {'J01': 7}, {'J01': 28}, 
855.0, {'J01': -218.20000000000002, 'top_mgr': 6}, {'J01': 7}, {'J01': 27}, 
860.0, {'J01': -237.79999999999998, 'top_mgr': 3}, {'J01': 7}, {'J01': 30}, 
865.0, {'J01': -184.0, 'top_mgr': 7}, {'J01': 7}, {'J01': 26}, 
870.0, {'J01': -178.8, 'top_mgr': 3}, {'J01': 8}, {'J01': 29}, 
875.0, {'J01': -214.2, 'top_mgr': 1}, {'J01': 8}, {'J01': 33}, 
880.0, {'J01': -250.19999999999996, 'top_mgr': 2}, {'J01': 8}, {'J01': 37}, 
885.0, {'J01': -241.4, 'top_mgr': 10}, {'J01': 6}, {'J01': 29}, 
890.0, {'J01': -254.2, 'top_mgr': 3}, {'J01': 6}, {'J01': 29}, 
895.0, {'J01': -278.4, 'top_mgr': 4}, {'J01': 6}, {'J01': 29}, 
900.0, {'J01': -280.2, 'top_mgr': 3}, {'J01': 7}, {'J01': 29}, 
905.0, {'J01': -305.6, 'top_mgr': 2}, {'J01': 8}, {'J01': 34}, 
910.0, {'J01': -349.6000000000001, 'top_mgr': 0}, {'J01': 8}, {'J01': 38}, 
915.0, {'J01': -388.20000000000005, 'top_mgr': 1}, {'J01': 8}, {'J01': 39}, 
920.0, {'J01': -401.59999999999997, 'top_mgr': 9}, {'J01': 7}, {'J01': 33}, 
925.0, {'J01': -319.19999999999993, 'top_mgr': 12}, {'J01': 7}, {'J01': 25}, 
930.0, {'J01': -362.4, 'top_mgr': 0}, {'J01': 7}, {'J01': 30}, 
935.0, {'J01': -409.4, 'top_mgr': 0}, {'J01': 7}, {'J01': 33}, 
940.0, {'J01': -406.0, 'top_mgr': 3}, {'J01': 8}, {'J01': 34}, 
945.0, {'J01': -438.4, 'top_mgr': 2}, {'J01': 8}, {'J01': 33}, 
950.0, {'J01': -463.20000000000005, 'top_mgr': 4}, {'J01': 8}, {'J01': 35}, 
955.0, {'J01': -387.20000000000005, 'top_mgr': 12}, {'J01': 6}, {'J01': 24}, 
960.0, {'J01': -299.4, 'top_mgr': 12}, {'J01': 4}, {'J01': 19}, 
965.0, {'J01': -254.8, 'top_mgr': 8}, {'J01': 3}, {'J01': 18}, 
970.0, {'J01': -258.6, 'top_mgr': 3}, {'J01': 3}, {'J01': 25}, 
975.0, {'J01': -272.2, 'top_mgr': 2}, {'J01': 6}, {'J01': 31}, 
980.0, {'J01': -328.4, 'top_mgr': 0}, {'J01': 8}, {'J01': 38}, 
985.0, {'J01': -334.99999999999994, 'top_mgr': 1}, {'J01': 8}, {'J01': 41}, 
990.0, {'J01': -330.4, 'top_mgr': 2}, {'J01': 8}, {'J01': 41}, 
995.0, {'J01': -385.4, 'top_mgr': 0}, {'J01': 8}, {'J01': 44}, 
1000.0, {'J01': -306.8, 'top_mgr': 13}, {'J01': 7}, {'J01': 32}, 
1005.0, {'J01': -261.8, 'top_mgr': 9}, {'J01': 5}, {'J01': 29}, 
1010.0, {'J01': -292.20000000000005, 'top_mgr': 8}, {'J01': 5}, {'J01': 26}, 
1015.0, {'J01': -319.20000000000005, 'top_mgr': 7}, {'J01': 5}, {'J01': 24}, 
1020.0, {'J01': -264.2, 'top_mgr': 9}, {'J01': 5}, {'J01': 18}, 
1025.0, {'J01': -298.99999999999994, 'top_mgr': 4}, {'J01': 5}, {'J01': 22}, 
1030.0, {'J01': -334.8, 'top_mgr': 1}, {'J01': 5}, {'J01': 30}, 
1035.0, {'J01': -385.8, 'top_mgr': 1}, {'J01': 7}, {'J01': 37}, 
1040.0, {'J01': -386.40000000000003, 'top_mgr': 3}, {'J01': 8}, {'J01': 37}, 
1045.0, {'J01': -394.59999999999997, 'top_mgr': 4}, {'J01': 8}, {'J01': 33}, 
1050.0, {'J01': -427.0000000000001, 'top_mgr': 4}, {'J01': 8}, {'J01': 32}, 
1055.0, {'J01': -470.2000000000001, 'top_mgr': 0}, {'J01': 8}, {'J01': 39}, 
1060.0, {'J01': -463.80000000000007, 'top_mgr': 3}, {'J01': 8}, {'J01': 37}, 
1065.0, {'J01': -473.6, 'top_mgr': 4}, {'J01': 7}, {'J01': 35}, 
1070.0, {'J01': -493.2000000000001, 'top_mgr': 3}, {'J01': 7}, {'J01': 35}, 
1075.0, {'J01': -526.0, 'top_mgr': 1}, {'J01': 7}, {'J01': 39}, 
1080.0, {'J01': -571.2000000000002, 'top_mgr': 1}, {'J01': 8}, {'J01': 41}, 
1085.0, {'J01': -542.6, 'top_mgr': 9}, {'J01': 7}, {'J01': 34}, 
1090.0, {'J01': -424.59999999999997, 'top_mgr': 9}, {'J01': 6}, {'J01': 26}, 
1095.0, {'J01': -450.59999999999997, 'top_mgr': 2}, {'J01': 6}, {'J01': 24}, 
1100.0, {'J01': -496.59999999999997, 'top_mgr': 0}, {'J01': 7}, {'J01': 30}, 
1105.0, {'J01': -480.20000000000005, 'top_mgr': 9}, {'J01': 6}, {'J01': 26}, 
1110.0, {'J01': -482.80000000000007, 'top_mgr': 9}, {'J01': 5}, {'J01': 20}, 
1115.0, {'J01': -304.6000000000001, 'top_mgr': 9}, {'J01': 5}, {'J01': 17}, 
1120.0, {'J01': -311.40000000000003, 'top_mgr': 1}, {'J01': 4}, {'J01': 18}, 
1125.0, {'J01': -272.40000000000003, 'top_mgr': 3}, {'J01': 6}, {'J01': 25}, 
1130.0, {'J01': -169.8, 'top_mgr': 5}, {'J01': 7}, {'J01': 28}, 
1135.0, {'J01': -203.0, 'top_mgr': 1}, {'J01': 7}, {'J01': 30}, 
1140.0, {'J01': -212.79999999999998, 'top_mgr': 2}, {'J01': 7}, {'J01': 33}, 
1145.0, {'J01': -230.79999999999998, 'top_mgr': 3}, {'J01': 7}, {'J01': 32}, 
1150.0, {'J01': -265.0, 'top_mgr': 3}, {'J01': 7}, {'J01': 35}, 
1155.0, {'J01': -317.20000000000005, 'top_mgr': 1}, {'J01': 8}, {'J01': 39}, 
1160.0, {'J01': -346.6, 'top_mgr': 3}, {'J01': 8}, {'J01': 38}, 
1165.0, {'J01': -351.6000000000001, 'top_mgr': 5}, {'J01': 8}, {'J01': 35}, 
1170.0, {'J01': -339.80000000000007, 'top_mgr': 6}, {'J01': 7}, {'J01': 30}, 
1175.0, {'J01': -344.00000000000006, 'top_mgr': 7}, {'J01': 5}, {'J01': 28}, 
1180.0, {'J01': -374.80000000000007, 'top_mgr': 8}, {'J01': 4}, {'J01': 25}, 
1185.0, {'J01': -371.20000000000005, 'top_mgr': 6}, {'J01': 4}, {'J01': 22}, 
1190.0, {'J01': -297.8, 'top_mgr': 9}, {'J01': 4}, {'J01': 18}, 
1195.0, {'J01': -199.39999999999998, 'top_mgr': 5}, {'J01': 4}, {'J01': 23}, 
1200.0, {'J01': -252.6, 'top_mgr': 0}, {'J01': 6}, {'J01': 34}, 
1205.0, {'J01': -303.6, 'top_mgr': 0}, {'J01': 8}, {'J01': 37}, 
1210.0, {'J01': -278.00000000000006, 'top_mgr': 4}, {'J01': 8}, {'J01': 35}, 
1215.0, {'J01': -286.8, 'top_mgr': 3}, {'J01': 8}, {'J01': 34}, 
1220.0, {'J01': -299.40000000000003, 'top_mgr': 3}, {'J01': 8}, {'J01': 34}, 
1225.0, {'J01': -285.2, 'top_mgr': 4}, {'J01': 8}, {'J01': 31}, 
1230.0, {'J01': -278.20000000000005, 'top_mgr': 5}, {'J01': 7}, {'J01': 29}, 
1235.0, {'J01': -277.2, 'top_mgr': 6}, {'J01': 7}, {'J01': 25}, 
1240.0, {'J01': -292.40000000000003, 'top_mgr': 2}, {'J01': 7}, {'J01': 27}, 
1245.0, {'J01': -287.80000000000007, 'top_mgr': 4}, {'J01': 8}, {'J01': 29}, 
1250.0, {'J01': -306.80000000000007, 'top_mgr': 8}, {'J01': 7}, {'J01': 29}, 
1255.0, {'J01': -341.80000000000007, 'top_mgr': 3}, {'J01': 7}, {'J01': 29}, 
1260.0, {'J01': -362.80000000000007, 'top_mgr': 11}, {'J01': 5}, {'J01': 26}, 
1265.0, {'J01': -390.6000000000001, 'top_mgr': 9}, {'J01': 4}, {'J01': 25}, 
1270.0, {'J01': -346.6, 'top_mgr': 8}, {'J01': 4}, {'J01': 21}, 
1275.0, {'J01': -360.0, 'top_mgr': 8}, {'J01': 4}, {'J01': 20}, 
1280.0, {'J01': -396.0, 'top_mgr': 6}, {'J01': 4}, {'J01': 20}, 
1285.0, {'J01': -389.0, 'top_mgr': 5}, {'J01': 4}, {'J01': 20}, 
1290.0, {'J01': -433.0, 'top_mgr': 3}, {'J01': 3}, {'J01': 26}, 
1295.0, {'J01': -485.2, 'top_mgr': 1}, {'J01': 6}, {'J01': 35}, 
1300.0, {'J01': -448.0, 'top_mgr': 3}, {'J01': 7}, {'J01': 38}, 
1305.0, {'J01': -424.40000000000003, 'top_mgr': 3}, {'J01': 8}, {'J01': 41}, 
1310.0, {'J01': -335.99999999999994, 'top_mgr': 2}, {'J01': 8}, {'J01': 42}, 
1315.0, {'J01': -377.59999999999997, 'top_mgr': 1}, {'J01': 8}, {'J01': 43}, 
1320.0, {'J01': -424.59999999999997, 'top_mgr': 0}, {'J01': 8}, {'J01': 45}, 
1325.0, {'J01': -393.2, 'top_mgr': 6}, {'J01': 8}, {'J01': 41}, 
1330.0, {'J01': -355.2, 'top_mgr': 3}, {'J01': 8}, {'J01': 39}, 
1335.0, {'J01': -392.4, 'top_mgr': 1}, {'J01': 8}, {'J01': 40}, 
1340.0, {'J01': -391.8, 'top_mgr': 8}, {'J01': 8}, {'J01': 34}, 
1345.0, {'J01': -401.4, 'top_mgr': 2}, {'J01': 8}, {'J01': 33}, 
1350.0, {'J01': -437.4, 'top_mgr': 0}, {'J01': 8}, {'J01': 37}, 
1355.0, {'J01': -471.4, 'top_mgr': 0}, {'J01': 8}, {'J01': 39}, 
1360.0, {'J01': -382.20000000000005, 'top_mgr': 8}, {'J01': 7}, {'J01': 32}, 
1365.0, {'J01': -380.2, 'top_mgr': 7}, {'J01': 6}, {'J01': 26}, 
1370.0, {'J01': -423.6000000000001, 'top_mgr': 0}, {'J01': 6}, {'J01': 31}, 
1375.0, {'J01': -419.6, 'top_mgr': 10}, {'J01': 6}, {'J01': 24}, 
1380.0, {'J01': -351.8, 'top_mgr': 10}, {'J01': 4}, {'J01': 15}, 
1385.0, {'J01': -258.8, 'top_mgr': 9}, {'J01': 4}, {'J01': 11}, 
1390.0, {'J01': -225.59999999999997, 'top_mgr': 6}, {'J01': 4}, {'J01': 11}, 
1395.0, {'J01': -237.39999999999998, 'top_mgr': 6}, {'J01': 4}, {'J01': 11}, 
1400.0, {'J01': -263.6, 'top_mgr': 3}, {'J01': 4}, {'J01': 12}, 
1405.0, {'J01': -265.8, 'top_mgr': 6}, {'J01': 4}, {'J01': 8}, 
1410.0, {'J01': -287.00000000000006, 'top_mgr': 4}, {'J01': 4}, {'J01': 11}, 
1415.0, {'J01': -302.0, 'top_mgr': 7}, {'J01': 4}, {'J01': 10}, 
1420.0, {'J01': -184.0, 'top_mgr': 8}, {'J01': 4}, {'J01': 11}, 
1425.0, {'J01': -211.79999999999998, 'top_mgr': 2}, {'J01': 4}, {'J01': 19}, 
1430.0, {'J01': -250.2, 'top_mgr': 0}, {'J01': 7}, {'J01': 27}, 
1435.0, {'J01': -292.6, 'top_mgr': 0}, {'J01': 8}, {'J01': 32}, 
1440.0, {'J01': -318.40000000000003, 'top_mgr': 4}, {'J01': 8}, {'J01': 31}, 
1445.0, {'J01': -344.6, 'top_mgr': 3}, {'J01': 8}, {'J01': 32}, 
1450.0, {'J01': -378.00000000000006, 'top_mgr': 2}, {'J01': 8}, {'J01': 37}, 
1455.0, {'J01': -348.59999999999997, 'top_mgr': 8}, {'J01': 7}, {'J01': 30}, 
1460.0, {'J01': -247.0, 'top_mgr': 8}, {'J01': 6}, {'J01': 26}, 
1465.0, {'J01': -291.6, 'top_mgr': 2}, {'J01': 6}, {'J01': 33}, 
1470.0, {'J01': -346.6000000000001, 'top_mgr': 0}, {'J01': 7}, {'J01': 38}, 
1475.0, {'J01': -399.80000000000007, 'top_mgr': 1}, {'J01': 7}, {'J01': 40}, 
1480.0, {'J01': -425.8, 'top_mgr': 2}, {'J01': 8}, {'J01': 42}, 
1485.0, {'J01': -478.8, 'top_mgr': 0}, {'J01': 8}, {'J01': 43}, 
1490.0, {'J01': -462.4, 'top_mgr': 10}, {'J01': 7}, {'J01': 34}, 
1495.0, {'J01': -488.3999999999999, 'top_mgr': 2}, {'J01': 7}, {'J01': 38}, 
1500.0, {'J01': -508.19999999999993, 'top_mgr': 3}, {'J01': 7}, {'J01': 41}, 
1505.0, {'J01': -551.5999999999999, 'top_mgr': 3}, {'J01': 8}, {'J01': 41}, 
1510.0, {'J01': -591.0, 'top_mgr': 1}, {'J01': 8}, {'J01': 41}, 
1515.0, {'J01': -558.8, 'top_mgr': 1}, {'J01': 8}, {'J01': 45}, 
1520.0, {'J01': -459.19999999999993, 'top_mgr': 8}, {'J01': 8}, {'J01': 37}, 
1525.0, {'J01': -451.79999999999995, 'top_mgr': 4}, {'J01': 8}, {'J01': 38}, 
1530.0, {'J01': -474.19999999999993, 'top_mgr': 3}, {'J01': 8}, {'J01': 42}, 
1535.0, {'J01': -516.8, 'top_mgr': 0}, {'J01': 8}, {'J01': 44}, 
1540.0, {'J01': -564.1999999999999, 'top_mgr': 0}, {'J01': 8}, {'J01': 46}, 
1545.0, {'J01': -613.1999999999999, 'top_mgr': 0}, {'J01': 8}, {'J01': 47}, 
1550.0, {'J01': -664.1999999999999, 'top_mgr': 0}, {'J01': 8}, {'J01': 50}, 
1555.0, {'J01': -662.0, 'top_mgr': 7}, {'J01': 7}, {'J01': 44}, 
1560.0, {'J01': -598.2, 'top_mgr': 11}, {'J01': 7}, {'J01': 37}, 
1565.0, {'J01': -574.6, 'top_mgr': 7}, {'J01': 8}, {'J01': 34}, 
1570.0, {'J01': -578.6, 'top_mgr': 3}, {'J01': 8}, {'J01': 35}, 
1575.0, {'J01': -579.4000000000001, 'top_mgr': 4}, {'J01': 8}, {'J01': 36}, 
1580.0, {'J01': -615.2, 'top_mgr': 1}, {'J01': 8}, {'J01': 38}, 
1585.0, {'J01': -659.2, 'top_mgr': 0}, {'J01': 8}, {'J01': 41}, 
1590.0, {'J01': -600.2000000000002, 'top_mgr': 4}, {'J01': 9}, {'J01': 41}, 
1595.0, {'J01': -632.2000000000002, 'top_mgr': 2}, {'J01': 9}, {'J01': 41}, 
1600.0, {'J01': -595.8000000000001, 'top_mgr': 3}, {'J01': 8}, {'J01': 39}, 
1605.0, {'J01': -576.1999999999999, 'top_mgr': 6}, {'J01': 7}, {'J01': 34}, 
1610.0, {'J01': -478.20000000000005, 'top_mgr': 8}, {'J01': 6}, {'J01': 26}, 
1615.0, {'J01': -391.00000000000006, 'top_mgr': 7}, {'J01': 5}, {'J01': 23}, 
1620.0, {'J01': -434.40000000000003, 'top_mgr': 0}, {'J01': 5}, {'J01': 33}, 
1625.0, {'J01': -433.8, 'top_mgr': 3}, {'J01': 7}, {'J01': 33}, 
1630.0, {'J01': -434.40000000000003, 'top_mgr': 7}, {'J01': 8}, {'J01': 30}, 
1635.0, {'J01': -452.59999999999997, 'top_mgr': 2}, {'J01': 8}, {'J01': 32}, 
1640.0, {'J01': -493.59999999999997, 'top_mgr': 0}, {'J01': 8}, {'J01': 37}, 
1645.0, {'J01': -531.4, 'top_mgr': 1}, {'J01': 8}, {'J01': 38}, 
1650.0, {'J01': -524.4, 'top_mgr': 8}, {'J01': 7}, {'J01': 31}, 
1655.0, {'J01': -270.6000000000001, 'top_mgr': 13}, {'J01': 4}, {'J01': 20}, 
1660.0, {'J01': -249.40000000000003, 'top_mgr': 5}, {'J01': 4}, {'J01': 20}, 
1665.0, {'J01': -231.00000000000003, 'top_mgr': 8}, {'J01': 4}, {'J01': 17}, 
1670.0, {'J01': -249.20000000000002, 'top_mgr': 4}, {'J01': 4}, {'J01': 19}, 
1675.0, {'J01': -224.20000000000005, 'top_mgr': 7}, {'J01': 4}, {'J01': 21}, 
1680.0, {'J01': -236.4, 'top_mgr': 1}, {'J01': 8}, {'J01': 32}, 
1685.0, {'J01': -286.4000000000001, 'top_mgr': 0}, {'J01': 8}, {'J01': 36}, 
1690.0, {'J01': -307.80000000000007, 'top_mgr': 3}, {'J01': 8}, {'J01': 36}, 
1695.0, {'J01': -316.6000000000001, 'top_mgr': 6}, {'J01': 7}, {'J01': 31}, 
1700.0, {'J01': -243.8, 'top_mgr': 10}, {'J01': 6}, {'J01': 21}, 
1705.0, {'J01': -232.0, 'top_mgr': 1}, {'J01': 6}, {'J01': 22}, 
1710.0, {'J01': -256.0, 'top_mgr': 1}, {'J01': 6}, {'J01': 22}, 
1715.0, {'J01': -291.0, 'top_mgr': 0}, {'J01': 8}, {'J01': 29}, 
1720.0, {'J01': -324.00000000000006, 'top_mgr': 1}, {'J01': 8}, {'J01': 31}, 
1725.0, {'J01': -346.00000000000006, 'top_mgr': 2}, {'J01': 8}, {'J01': 30}, 
1730.0, {'J01': -309.6, 'top_mgr': 6}, {'J01': 7}, {'J01': 25}, 
1735.0, {'J01': -292.80000000000007, 'top_mgr': 4}, {'J01': 6}, {'J01': 24}, 
1740.0, {'J01': -262.79999999999995, 'top_mgr': 6}, {'J01': 5}, {'J01': 20}, 
1745.0, {'J01': -248.60000000000002, 'top_mgr': 7}, {'J01': 4}, {'J01': 20}, 
1750.0, {'J01': -252.0, 'top_mgr': 1}, {'J01': 4}, {'J01': 26}, 
1755.0, {'J01': -294.8, 'top_mgr': 2}, {'J01': 7}, {'J01': 34}, 
1760.0, {'J01': -268.00000000000006, 'top_mgr': 8}, {'J01': 6}, {'J01': 31}, 
1765.0, {'J01': -267.6, 'top_mgr': 4}, {'J01': 5}, {'J01': 28}, 
1770.0, {'J01': -302.20000000000005, 'top_mgr': 2}, {'J01': 5}, {'J01': 33}, 
1775.0, {'J01': -303.6, 'top_mgr': 6}, {'J01': 5}, {'J01': 27}, 
1780.0, {'J01': -292.8, 'top_mgr': 6}, {'J01': 5}, {'J01': 29}, 
1785.0, {'J01': -323.80000000000007, 'top_mgr': 8}, {'J01': 5}, {'J01': 28}, 
1790.0, {'J01': -321.20000000000005, 'top_mgr': 2}, {'J01': 5}, {'J01': 31}, 
1795.0, {'J01': -373.20000000000005, 'top_mgr': 1}, {'J01': 8}, {'J01': 38}, 
1800.0, {'J01': -412.80000000000007, 'top_mgr': 2}, {'J01': 8}, {'J01': 38}, 
1805.0, {'J01': -465.40000000000003, 'top_mgr': 1}, {'J01': 8}, {'J01': 40}, 
1810.0, {'J01': -448.40000000000015, 'top_mgr': 5}, {'J01': 8}, {'J01': 36}, 
1815.0, {'J01': -434.2000000000001, 'top_mgr': 5}, {'J01': 8}, {'J01': 34}, 
1820.0, {'J01': -465.0, 'top_mgr': 3}, {'J01': 8}, {'J01': 36}, 
1825.0, {'J01': -429.00000000000006, 'top_mgr': 9}, {'J01': 7}, {'J01': 31}, 
1830.0, {'J01': -440.00000000000006, 'top_mgr': 10}, {'J01': 5}, {'J01': 26}, 
1835.0, {'J01': -450.4, 'top_mgr': 6}, {'J01': 5}, {'J01': 26}, 
1840.0, {'J01': -500.40000000000003, 'top_mgr': 1}, {'J01': 5}, {'J01': 31}, 
1845.0, {'J01': -552.4000000000001, 'top_mgr': 2}, {'J01': 6}, {'J01': 35}, 
1850.0, {'J01': -446.4, 'top_mgr': 5}, {'J01': 8}, {'J01': 36}, 
1855.0, {'J01': -479.4, 'top_mgr': 1}, {'J01': 8}, {'J01': 37}, 
1860.0, {'J01': -345.79999999999995, 'top_mgr': 6}, {'J01': 8}, {'J01': 32}, 
1865.0, {'J01': -348.99999999999994, 'top_mgr': 1}, {'J01': 8}, {'J01': 32}, 
1870.0, {'J01': -365.4, 'top_mgr': 4}, {'J01': 8}, {'J01': 30}, 
1875.0, {'J01': -402.0, 'top_mgr': 2}, {'J01': 8}, {'J01': 30}, 
1880.0, {'J01': -353.4, 'top_mgr': 3}, {'J01': 8}, {'J01': 31}, 
1885.0, {'J01': -382.0, 'top_mgr': 1}, {'J01': 8}, {'J01': 32}, 
1890.0, {'J01': -410.4, 'top_mgr': 2}, {'J01': 8}, {'J01': 31}, 
1895.0, {'J01': -413.40000000000003, 'top_mgr': 2}, {'J01': 8}, {'J01': 31}, 
1900.0, {'J01': -413.8, 'top_mgr': 3}, {'J01': 8}, {'J01': 34}, 
1905.0, {'J01': -388.8, 'top_mgr': 9}, {'J01': 6}, {'J01': 32}, 
1910.0, {'J01': -305.79999999999995, 'top_mgr': 8}, {'J01': 6}, {'J01': 27}, 
1915.0, {'J01': -335.59999999999997, 'top_mgr': 3}, {'J01': 6}, {'J01': 31}, 
1920.0, {'J01': -376.0, 'top_mgr': 1}, {'J01': 7}, {'J01': 36}, 
1925.0, {'J01': -411.2, 'top_mgr': 1}, {'J01': 8}, {'J01': 40}, 
1930.0, {'J01': -435.99999999999994, 'top_mgr': 3}, {'J01': 8}, {'J01': 38}, 
1935.0, {'J01': -476.19999999999993, 'top_mgr': 0}, {'J01': 8}, {'J01': 41}, 
1940.0, {'J01': -513.4, 'top_mgr': 1}, {'J01': 8}, {'J01': 41}, 
1945.0, {'J01': -521.5999999999999, 'top_mgr': 2}, {'J01': 8}, {'J01': 39}, 
1950.0, {'J01': -502.4, 'top_mgr': 3}, {'J01': 8}, {'J01': 38}, 
1955.0, {'J01': -486.99999999999994, 'top_mgr': 3}, {'J01': 8}, {'J01': 35}, 
1960.0, {'J01': -518.2, 'top_mgr': 3}, {'J01': 8}, {'J01': 37}, 
1965.0, {'J01': -521.3999999999999, 'top_mgr': 6}, {'J01': 8}, {'J01': 35}, 
1970.0, {'J01': -479.0, 'top_mgr': 6}, {'J01': 8}, {'J01': 32}, 
1975.0, {'J01': -459.4000000000001, 'top_mgr': 5}, {'J01': 7}, {'J01': 29}, 
1980.0, {'J01': -372.4000000000001, 'top_mgr': 4}, {'J01': 7}, {'J01': 30}, 
1985.0, {'J01': -403.40000000000003, 'top_mgr': 4}, {'J01': 7}, {'J01': 33}, 
1990.0, {'J01': -379.80000000000007, 'top_mgr': 9}, {'J01': 7}, {'J01': 30}, 
1995.0, {'J01': -402.6, 'top_mgr': 3}, {'J01': 7}, {'J01': 32}, 
2000.0, {'J01': -389.4, 'top_mgr': 7}, {'J01': 6}, {'J01': 26}, 
2005.0, {'J01': -283.20000000000005, 'top_mgr': 13}, {'J01': 4}, {'J01': 19}, 
2010.0, {'J01': -238.2, 'top_mgr': 7}, {'J01': 4}, {'J01': 18}, 
2015.0, {'J01': -278.6, 'top_mgr': 0}, {'J01': 4}, {'J01': 26}, 
2020.0, {'J01': -315.20000000000005, 'top_mgr': 1}, {'J01': 7}, {'J01': 31}, 
2025.0, {'J01': -353.0, 'top_mgr': 0}, {'J01': 8}, {'J01': 36}, 
2030.0, {'J01': -368.0, 'top_mgr': 7}, {'J01': 7}, {'J01': 30}, 
2035.0, {'J01': -256.4, 'top_mgr': 10}, {'J01': 4}, {'J01': 21}, 
2040.0, {'J01': -252.6, 'top_mgr': 7}, {'J01': 3}, {'J01': 18}, 
2045.0, {'J01': -254.0, 'top_mgr': 2}, {'J01': 3}, {'J01': 20}, 
2050.0, {'J01': -294.4, 'top_mgr': 0}, {'J01': 6}, {'J01': 30}, 
2055.0, {'J01': -330.2, 'top_mgr': 2}, {'J01': 8}, {'J01': 34}, 
2060.0, {'J01': -362.6, 'top_mgr': 2}, {'J01': 8}, {'J01': 34}, 
2065.0, {'J01': -376.00000000000006, 'top_mgr': 4}, {'J01': 8}, {'J01': 32}, 
2070.0, {'J01': -359.0, 'top_mgr': 8}, {'J01': 8}, {'J01': 26}, 
2075.0, {'J01': -258.20000000000005, 'top_mgr': 4}, {'J01': 8}, {'J01': 29}, 
2080.0, {'J01': -298.8, 'top_mgr': 0}, {'J01': 8}, {'J01': 32}, 
2085.0, {'J01': -342.0, 'top_mgr': 1}, {'J01': 8}, {'J01': 34}, 
2090.0, {'J01': -308.40000000000003, 'top_mgr': 8}, {'J01': 7}, {'J01': 27}, 
2095.0, {'J01': -310.80000000000007, 'top_mgr': 6}, {'J01': 6}, {'J01': 24}, 
2100.0, {'J01': -273.6, 'top_mgr': 9}, {'J01': 5}, {'J01': 19}, 
2105.0, {'J01': -274.6, 'top_mgr': 7}, {'J01': 4}, {'J01': 18}, 
2110.0, {'J01': -221.0, 'top_mgr': 3}, {'J01': 4}, {'J01': 24}, 
2115.0, {'J01': -239.2, 'top_mgr': 2}, {'J01': 7}, {'J01': 30}, 
2120.0, {'J01': -288.4, 'top_mgr': 0}, {'J01': 8}, {'J01': 37}, 
2125.0, {'J01': -318.19999999999993, 'top_mgr': 2}, {'J01': 8}, {'J01': 38}, 
2130.0, {'J01': -369.6, 'top_mgr': 0}, {'J01': 8}, {'J01': 41}, 
2135.0, {'J01': -392.7999999999999, 'top_mgr': 7}, {'J01': 8}, {'J01': 37}, 
2140.0, {'J01': -434.99999999999994, 'top_mgr': 4}, {'J01': 8}, {'J01': 34}, 
2145.0, {'J01': -437.79999999999995, 'top_mgr': 3}, {'J01': 8}, {'J01': 36}, 
2150.0, {'J01': -455.0, 'top_mgr': 4}, {'J01': 8}, {'J01': 34}, 
2155.0, {'J01': -464.19999999999993, 'top_mgr': 4}, {'J01': 8}, {'J01': 33}, 
2160.0, {'J01': -473.79999999999995, 'top_mgr': 2}, {'J01': 8}, {'J01': 34}, 
2165.0, {'J01': -450.4, 'top_mgr': 6}, {'J01': 8}, {'J01': 29}, 
2170.0, {'J01': -378.0, 'top_mgr': 13}, {'J01': 6}, {'J01': 25}, 
2175.0, {'J01': -286.4, 'top_mgr': 8}, {'J01': 5}, {'J01': 25}, 
2180.0, {'J01': -277.40000000000003, 'top_mgr': 3}, {'J01': 5}, {'J01': 26}, 
2185.0, {'J01': -302.4, 'top_mgr': 7}, {'J01': 4}, {'J01': 23}, 
2190.0, {'J01': -288.6, 'top_mgr': 8}, {'J01': 4}, {'J01': 21}, 
2195.0, {'J01': -294.6, 'top_mgr': 7}, {'J01': 4}, {'J01': 16}, 
2200.0, {'J01': -201.4, 'top_mgr': 7}, {'J01': 4}, {'J01': 16}, 
2205.0, {'J01': -176.99999999999997, 'top_mgr': 3}, {'J01': 4}, {'J01': 20}, 
2210.0, {'J01': -190.59999999999997, 'top_mgr': 4}, {'J01': 4}, {'J01': 28}, 
2215.0, {'J01': -223.6, 'top_mgr': 2}, {'J01': 7}, {'J01': 33}, 
2220.0, {'J01': -271.4, 'top_mgr': 0}, {'J01': 8}, {'J01': 40}, 
2225.0, {'J01': -292.0, 'top_mgr': 4}, {'J01': 8}, {'J01': 38}, 
2230.0, {'J01': -325.00000000000006, 'top_mgr': 4}, {'J01': 8}, {'J01': 34}, 
2235.0, {'J01': -324.6000000000001, 'top_mgr': 5}, {'J01': 8}, {'J01': 34}, 
2240.0, {'J01': -362.6000000000001, 'top_mgr': 2}, {'J01': 8}, {'J01': 36}, 
2245.0, {'J01': -349.8, 'top_mgr': 5}, {'J01': 7}, {'J01': 32}, 
2250.0, {'J01': -372.59999999999997, 'top_mgr': 3}, {'J01': 7}, {'J01': 34}, 
2255.0, {'J01': -409.4, 'top_mgr': 1}, {'J01': 7}, {'J01': 34}, 
2260.0, {'J01': -454.4, 'top_mgr': 0}, {'J01': 8}, {'J01': 39}, 
2265.0, {'J01': -480.0, 'top_mgr': 7}, {'J01': 7}, {'J01': 38}, 
2270.0, {'J01': -404.40000000000003, 'top_mgr': 6}, {'J01': 7}, {'J01': 34}, 
2275.0, {'J01': -438.6, 'top_mgr': 1}, {'J01': 7}, {'J01': 37}, 
2280.0, {'J01': -477.6, 'top_mgr': 1}, {'J01': 8}, {'J01': 40}, 
2285.0, {'J01': -465.6, 'top_mgr': 1}, {'J01': 8}, {'J01': 41}, 
2290.0, {'J01': -480.6000000000001, 'top_mgr': 1}, {'J01': 8}, {'J01': 43}, 
2295.0, {'J01': -526.6, 'top_mgr': 0}, {'J01': 8}, {'J01': 45}, 
2300.0, {'J01': -553.8, 'top_mgr': 6}, {'J01': 7}, {'J01': 41}, 
2305.0, {'J01': -538.4, 'top_mgr': 7}, {'J01': 7}, {'J01': 36}, 
2310.0, {'J01': -519.4, 'top_mgr': 7}, {'J01': 8}, {'J01': 31}, 
2315.0, {'J01': -483.40000000000003, 'top_mgr': 11}, {'J01': 9}, {'J01': 25}, 
2320.0, {'J01': -416.0, 'top_mgr': 8}, {'J01': 9}, {'J01': 21}, 
2325.0, {'J01': -378.6, 'top_mgr': 8}, {'J01': 10}, {'J01': 20}, 
2330.0, {'J01': -399.4, 'top_mgr': 4}, {'J01': 10}, {'J01': 23}, 
2335.0, {'J01': -417.40000000000003, 'top_mgr': 7}, {'J01': 10}, {'J01': 20}, 
2340.0, {'J01': -285.8, 'top_mgr': 7}, {'J01': 8}, {'J01': 21}, 
2345.0, {'J01': -329.2000000000001, 'top_mgr': 1}, {'J01': 8}, {'J01': 28}, 
2350.0, {'J01': -378.2000000000001, 'top_mgr': 0}, {'J01': 8}, {'J01': 36}, 
2355.0, {'J01': -427.8, 'top_mgr': 1}, {'J01': 8}, {'J01': 41}, 
2360.0, {'J01': -472.8, 'top_mgr': 1}, {'J01': 8}, {'J01': 41}, 
2365.0, {'J01': -504.00000000000006, 'top_mgr': 2}, {'J01': 8}, {'J01': 42}, 
2370.0, {'J01': -515.4000000000001, 'top_mgr': 6}, {'J01': 9}, {'J01': 37}, 
2375.0, {'J01': -425.6000000000001, 'top_mgr': 6}, {'J01': 9}, {'J01': 34}, 
2380.0, {'J01': -449.00000000000006, 'top_mgr': 2}, {'J01': 9}, {'J01': 37}, 
2385.0, {'J01': -428.3999999999999, 'top_mgr': 3}, {'J01': 9}, {'J01': 36}, 
2390.0, {'J01': -375.00000000000006, 'top_mgr': 7}, {'J01': 7}, {'J01': 30}, 
2395.0, {'J01': -383.00000000000006, 'top_mgr': 3}, {'J01': 8}, {'J01': 33}, 
2400.0, {'J01': -392.0, 'top_mgr': 5}, {'J01': 8}, {'J01': 32}, 
2405.0, {'J01': -330.4, 'top_mgr': 4}, {'J01': 7}, {'J01': 33}, 
2410.0, {'J01': -372.59999999999997, 'top_mgr': 2}, {'J01': 7}, {'J01': 40}, 
2415.0, {'J01': -416.4, 'top_mgr': 0}, {'J01': 7}, {'J01': 42}, 
2420.0, {'J01': -420.2, 'top_mgr': 6}, {'J01': 8}, {'J01': 41}, 
2425.0, {'J01': -447.3999999999999, 'top_mgr': 5}, {'J01': 8}, {'J01': 38}, 
2430.0, {'J01': -440.0, 'top_mgr': 7}, {'J01': 8}, {'J01': 35}, 
2435.0, {'J01': -437.2, 'top_mgr': 12}, {'J01': 6}, {'J01': 30}, 
2440.0, {'J01': -448.0, 'top_mgr': 7}, {'J01': 6}, {'J01': 31}, 
2445.0, {'J01': -499.6, 'top_mgr': 1}, {'J01': 6}, {'J01': 38}, 
2450.0, {'J01': -552.6, 'top_mgr': 0}, {'J01': 7}, {'J01': 43}, 
2455.0, {'J01': -606.0000000000001, 'top_mgr': 0}, {'J01': 8}, {'J01': 48}, 
2460.0, {'J01': -558.6, 'top_mgr': 8}, {'J01': 8}, {'J01': 41}, 
2465.0, {'J01': -388.8, 'top_mgr': 8}, {'J01': 8}, {'J01': 33}, 
2470.0, {'J01': -437.40000000000003, 'top_mgr': 3}, {'J01': 8}, {'J01': 37}, 
2475.0, {'J01': -460.8, 'top_mgr': 3}, {'J01': 8}, {'J01': 35}, 
2480.0, {'J01': -426.80000000000007, 'top_mgr': 5}, {'J01': 8}, {'J01': 37}, 
2485.0, {'J01': -437.6, 'top_mgr': 2}, {'J01': 8}, {'J01': 41}, 
2490.0, {'J01': -454.40000000000003, 'top_mgr': 4}, {'J01': 8}, {'J01': 40}, 
2495.0, {'J01': -495.40000000000003, 'top_mgr': 2}, {'J01': 8}, {'J01': 40}, 
2500.0, {'J01': -551.6000000000001, 'top_mgr': 0}, {'J01': 8}, {'J01': 47}, 
2505.0, {'J01': -606.6000000000003, 'top_mgr': 0}, {'J01': 9}, {'J01': 50}, 
2510.0, {'J01': -620.0000000000001, 'top_mgr': 3}, {'J01': 9}, {'J01': 48}, 
2515.0, {'J01': -647.2, 'top_mgr': 3}, {'J01': 10}, {'J01': 47}, 
2520.0, {'J01': -667.0000000000001, 'top_mgr': 4}, {'J01': 10}, {'J01': 45}, 
2525.0, {'J01': -609.4000000000001, 'top_mgr': 12}, {'J01': 9}, {'J01': 37}, 
2530.0, {'J01': -429.40000000000003, 'top_mgr': 15}, {'J01': 5}, {'J01': 28}, 
2535.0, {'J01': -389.8, 'top_mgr': 13}, {'J01': 4}, {'J01': 21}, 
2540.0, {'J01': -374.80000000000007, 'top_mgr': 6}, {'J01': 4}, {'J01': 22}, 
2545.0, {'J01': -413.40000000000003, 'top_mgr': 3}, {'J01': 6}, {'J01': 29}, 
2550.0, {'J01': -281.2, 'top_mgr': 8}, {'J01': 4}, {'J01': 24}, 
2555.0, {'J01': -308.00000000000006, 'top_mgr': 6}, {'J01': 4}, {'J01': 19}, 
2560.0, {'J01': -294.00000000000006, 'top_mgr': 9}, {'J01': 4}, {'J01': 17}, 
2565.0, {'J01': -224.2, 'top_mgr': 5}, {'J01': 4}, {'J01': 21}, 
2570.0, {'J01': -271.40000000000003, 'top_mgr': 0}, {'J01': 7}, {'J01': 32}, 
2575.0, {'J01': -315.20000000000005, 'top_mgr': 0}, {'J01': 8}, {'J01': 35}, 
2580.0, {'J01': -292.0, 'top_mgr': 8}, {'J01': 7}, {'J01': 28}, 
2585.0, {'J01': -299.20000000000005, 'top_mgr': 11}, {'J01': 5}, {'J01': 21}, 
2590.0, {'J01': -309.2, 'top_mgr': 6}, {'J01': 4}, {'J01': 20}, 
2595.0, {'J01': -331.8, 'top_mgr': 1}, {'J01': 4}, {'J01': 20}, 
2600.0, {'J01': -289.2, 'top_mgr': 1}, {'J01': 7}, {'J01': 27}, 
2605.0, {'J01': -309.0, 'top_mgr': 6}, {'J01': 7}, {'J01': 27}, 
2610.0, {'J01': -264.80000000000007, 'top_mgr': 10}, {'J01': 4}, {'J01': 19}, 
2615.0, {'J01': -283.80000000000007, 'top_mgr': 7}, {'J01': 4}, {'J01': 17}, 
2620.0, {'J01': -272.20000000000005, 'top_mgr': 10}, {'J01': 3}, {'J01': 10}, 
2625.0, {'J01': -240.20000000000005, 'top_mgr': 2}, {'J01': 3}, {'J01': 13}, 
2630.0, {'J01': -216.60000000000002, 'top_mgr': 1}, {'J01': 6}, {'J01': 21}, 
2635.0, {'J01': -263.6, 'top_mgr': 0}, {'J01': 8}, {'J01': 28}, 
2640.0, {'J01': -311.40000000000003, 'top_mgr': 0}, {'J01': 8}, {'J01': 34}, 
2645.0, {'J01': -238.60000000000005, 'top_mgr': 6}, {'J01': 8}, {'J01': 30}, 
2650.0, {'J01': -250.60000000000002, 'top_mgr': 1}, {'J01': 8}, {'J01': 33}, 
2655.0, {'J01': -213.40000000000003, 'top_mgr': 10}, {'J01': 7}, {'J01': 28}, 
2660.0, {'J01': -218.00000000000003, 'top_mgr': 8}, {'J01': 4}, {'J01': 23}, 
2665.0, {'J01': -231.00000000000003, 'top_mgr': 9}, {'J01': 3}, {'J01': 19}, 
2670.0, {'J01': -278.59999999999997, 'top_mgr': 1}, {'J01': 3}, {'J01': 25}, 
2675.0, {'J01': -334.6, 'top_mgr': 0}, {'J01': 6}, {'J01': 33}, 
2680.0, {'J01': -331.00000000000006, 'top_mgr': 7}, {'J01': 8}, {'J01': 33}, 
2685.0, {'J01': -304.40000000000003, 'top_mgr': 4}, {'J01': 8}, {'J01': 31}, 
2690.0, {'J01': -272.4, 'top_mgr': 3}, {'J01': 8}, {'J01': 35}, 
2695.0, {'J01': -317.4, 'top_mgr': 0}, {'J01': 8}, {'J01': 36}, 
2700.0, {'J01': -324.20000000000005, 'top_mgr': 3}, {'J01': 8}, {'J01': 35}, 
2705.0, {'J01': -351.8, 'top_mgr': 2}, {'J01': 8}, {'J01': 36}, 
2710.0, {'J01': -392.6, 'top_mgr': 1}, {'J01': 8}, {'J01': 39}, 
2715.0, {'J01': -399.8, 'top_mgr': 4}, {'J01': 8}, {'J01': 36}, 
2720.0, {'J01': -387.6, 'top_mgr': 3}, {'J01': 8}, {'J01': 34}, 
2725.0, {'J01': -423.6, 'top_mgr': 1}, {'J01': 8}, {'J01': 34}, 
2730.0, {'J01': -424.2, 'top_mgr': 10}, {'J01': 6}, {'J01': 26}, 
2735.0, {'J01': -458.2, 'top_mgr': 2}, {'J01': 6}, {'J01': 27}, 
2740.0, {'J01': -367.20000000000005, 'top_mgr': 6}, {'J01': 5}, {'J01': 22}, 
2745.0, {'J01': -383.2, 'top_mgr': 9}, {'J01': 4}, {'J01': 17}, 
2750.0, {'J01': -292.0, 'top_mgr': 8}, {'J01': 4}, {'J01': 13}, 
2755.0, {'J01': -217.6, 'top_mgr': 9}, {'J01': 4}, {'J01': 12}, 
2760.0, {'J01': -232.79999999999998, 'top_mgr': 2}, {'J01': 3}, {'J01': 20}, 
2765.0, {'J01': -278.0, 'top_mgr': 1}, {'J01': 6}, {'J01': 28}, 
2770.0, {'J01': -306.20000000000005, 'top_mgr': 7}, {'J01': 7}, {'J01': 32}, 
2775.0, {'J01': -320.4, 'top_mgr': 5}, {'J01': 7}, {'J01': 28}, 
2780.0, {'J01': -307.0, 'top_mgr': 1}, {'J01': 7}, {'J01': 30}, 
2785.0, {'J01': -275.0, 'top_mgr': 2}, {'J01': 7}, {'J01': 34}, 
2790.0, {'J01': -308.4, 'top_mgr': 3}, {'J01': 8}, {'J01': 33}, 
2795.0, {'J01': -348.6, 'top_mgr': 2}, {'J01': 8}, {'J01': 36}, 
2800.0, {'J01': -397.6, 'top_mgr': 0}, {'J01': 8}, {'J01': 41}, 
2805.0, {'J01': -403.0, 'top_mgr': 7}, {'J01': 7}, {'J01': 36}, 
2810.0, {'J01': -374.00000000000006, 'top_mgr': 9}, {'J01': 6}, {'J01': 30}, 
2815.0, {'J01': -418.80000000000007, 'top_mgr': 0}, {'J01': 6}, {'J01': 33}, 
2820.0, {'J01': -473.80000000000007, 'top_mgr': 0}, {'J01': 6}, {'J01': 36}, 
2825.0, {'J01': -532.8000000000001, 'top_mgr': 0}, {'J01': 8}, {'J01': 43}, 
2830.0, {'J01': -538.8000000000001, 'top_mgr': 6}, {'J01': 7}, {'J01': 38}, 
2835.0, {'J01': -499.20000000000005, 'top_mgr': 8}, {'J01': 6}, {'J01': 30}, 
2840.0, {'J01': -513.4000000000001, 'top_mgr': 2}, {'J01': 6}, {'J01': 31}, 
2845.0, {'J01': -556.6, 'top_mgr': 4}, {'J01': 6}, {'J01': 33}, 
2850.0, {'J01': -604.6, 'top_mgr': 2}, {'J01': 8}, {'J01': 37}, 
2855.0, {'J01': -638.4, 'top_mgr': 3}, {'J01': 8}, {'J01': 36}, 
2860.0, {'J01': -684.4, 'top_mgr': 1}, {'J01': 8}, {'J01': 38}, 
2865.0, {'J01': -633.8, 'top_mgr': 5}, {'J01': 8}, {'J01': 34}, 
2870.0, {'J01': -637.1999999999999, 'top_mgr': 2}, {'J01': 8}, {'J01': 36}, 
2875.0, {'J01': -544.8, 'top_mgr': 3}, {'J01': 8}, {'J01': 34}, 
2880.0, {'J01': -571.4, 'top_mgr': 2}, {'J01': 8}, {'J01': 33}, 
2885.0, {'J01': -583.5999999999999, 'top_mgr': 4}, {'J01': 8}, {'J01': 30}, 
2890.0, {'J01': -590.8, 'top_mgr': 2}, {'J01': 8}, {'J01': 33}, 
2895.0, {'J01': -634.0, 'top_mgr': 0}, {'J01': 8}, {'J01': 36}, 
2900.0, {'J01': -685.4000000000001, 'top_mgr': 0}, {'J01': 8}, {'J01': 43}, 
2905.0, {'J01': -641.8000000000001, 'top_mgr': 2}, {'J01': 8}, {'J01': 46}, 
2910.0, {'J01': -672.2, 'top_mgr': 3}, {'J01': 8}, {'J01': 46}, 
2915.0, {'J01': -720.2, 'top_mgr': 2}, {'J01': 8}, {'J01': 50}, 
2920.0, {'J01': -765.2, 'top_mgr': 1}, {'J01': 8}, {'J01': 51}, 
2925.0, {'J01': -713.6, 'top_mgr': 12}, {'J01': 7}, {'J01': 39}, 
2930.0, {'J01': -615.4, 'top_mgr': 11}, {'J01': 5}, {'J01': 28}, 
2935.0, {'J01': -527.8, 'top_mgr': 9}, {'J01': 4}, {'J01': 23}, 
2940.0, {'J01': -480.19999999999993, 'top_mgr': 5}, {'J01': 4}, {'J01': 24}, 
2945.0, {'J01': -494.79999999999995, 'top_mgr': 3}, {'J01': 6}, {'J01': 30}, 
2950.0, {'J01': -467.99999999999994, 'top_mgr': 8}, {'J01': 7}, {'J01': 28}, 
2955.0, {'J01': -341.40000000000003, 'top_mgr': 11}, {'J01': 5}, {'J01': 21}, 
2960.0, {'J01': -378.40000000000003, 'top_mgr': 3}, {'J01': 4}, {'J01': 22}, 
2965.0, {'J01': -352.40000000000003, 'top_mgr': 9}, {'J01': 4}, {'J01': 17}, 
2970.0, {'J01': -351.00000000000006, 'top_mgr': 9}, {'J01': 4}, {'J01': 16}, 
2975.0, {'J01': -385.00000000000006, 'top_mgr': 8}, {'J01': 4}, {'J01': 18}, 
2980.0, {'J01': -419.00000000000006, 'top_mgr': 6}, {'J01': 4}, {'J01': 20}, 
2985.0, {'J01': -360.2, 'top_mgr': 9}, {'J01': 4}, {'J01': 15}, 
2990.0, {'J01': -388.40000000000003, 'top_mgr': 4}, {'J01': 4}, {'J01': 19}, 
2995.0, {'J01': -422.6000000000001, 'top_mgr': 2}, {'J01': 4}, {'J01': 23}, 
3000.0, {'J01': -452.40000000000003, 'top_mgr': 2}, {'J01': 4}, {'J01': 25}, 
3005.0, {'J01': -487.80000000000007, 'top_mgr': 2}, {'J01': 6}, {'J01': 28}, 
3010.0, {'J01': -504.6, 'top_mgr': 6}, {'J01': 6}, {'J01': 28}, 
3015.0, {'J01': -522.6, 'top_mgr': 5}, {'J01': 5}, {'J01': 28}, 
3020.0, {'J01': -528.8, 'top_mgr': 3}, {'J01': 5}, {'J01': 27}, 
3025.0, {'J01': -525.8, 'top_mgr': 3}, {'J01': 7}, {'J01': 32}, 
3030.0, {'J01': -363.8, 'top_mgr': 7}, {'J01': 8}, {'J01': 31}, 
3035.0, {'J01': -403.4000000000001, 'top_mgr': 1}, {'J01': 8}, {'J01': 34}, 
3040.0, {'J01': -411.6000000000001, 'top_mgr': 6}, {'J01': 7}, {'J01': 31}, 
3045.0, {'J01': -362.6, 'top_mgr': 14}, {'J01': 4}, {'J01': 21}, 
3050.0, {'J01': -361.0, 'top_mgr': 10}, {'J01': 4}, {'J01': 17}, 
3055.0, {'J01': -369.8, 'top_mgr': 3}, {'J01': 4}, {'J01': 17}, 
3060.0, {'J01': -293.2, 'top_mgr': 4}, {'J01': 3}, {'J01': 19}, 
3065.0, {'J01': -169.4, 'top_mgr': 3}, {'J01': 6}, {'J01': 25}, 
3070.0, {'J01': -169.0, 'top_mgr': 4}, {'J01': 8}, {'J01': 29}, 
3075.0, {'J01': -137.20000000000002, 'top_mgr': 7}, {'J01': 7}, {'J01': 27}, 
3080.0, {'J01': -152.8, 'top_mgr': 7}, {'J01': 6}, {'J01': 25}, 
3085.0, {'J01': -182.4, 'top_mgr': 5}, {'J01': 5}, {'J01': 24}, 
3090.0, {'J01': -198.39999999999998, 'top_mgr': 6}, {'J01': 4}, {'J01': 22}, 
3095.0, {'J01': -217.79999999999998, 'top_mgr': 3}, {'J01': 4}, {'J01': 23}, 
3100.0, {'J01': -252.2, 'top_mgr': 3}, {'J01': 7}, {'J01': 25}, 
3105.0, {'J01': -250.20000000000002, 'top_mgr': 4}, {'J01': 8}, {'J01': 25}, 
3110.0, {'J01': -252.39999999999998, 'top_mgr': 2}, {'J01': 8}, {'J01': 32}, 
3115.0, {'J01': -253.79999999999998, 'top_mgr': 4}, {'J01': 8}, {'J01': 30}, 
3120.0, {'J01': -258.20000000000005, 'top_mgr': 8}, {'J01': 6}, {'J01': 23}, 
3125.0, {'J01': -272.2, 'top_mgr': 4}, {'J01': 5}, {'J01': 22}, 
3130.0, {'J01': -233.79999999999998, 'top_mgr': 2}, {'J01': 5}, {'J01': 23}, 
3135.0, {'J01': -271.2, 'top_mgr': 1}, {'J01': 7}, {'J01': 28}, 
3140.0, {'J01': -219.8, 'top_mgr': 8}, {'J01': 7}, {'J01': 23}, 
3145.0, {'J01': -233.0, 'top_mgr': 4}, {'J01': 6}, {'J01': 24}, 
3150.0, {'J01': -264.0, 'top_mgr': 3}, {'J01': 6}, {'J01': 25}, 
3155.0, {'J01': -201.0, 'top_mgr': 7}, {'J01': 7}, {'J01': 26}, 
3160.0, {'J01': -199.79999999999995, 'top_mgr': 4}, {'J01': 8}, {'J01': 34}, 
3165.0, {'J01': -223.60000000000002, 'top_mgr': 6}, {'J01': 7}, {'J01': 32}, 
3170.0, {'J01': -263.40000000000003, 'top_mgr': 0}, {'J01': 7}, {'J01': 37}, 
3175.0, {'J01': -311.8, 'top_mgr': 2}, {'J01': 8}, {'J01': 46}, 
3180.0, {'J01': -358.0, 'top_mgr': 0}, {'J01': 9}, {'J01': 52}, 
3185.0, {'J01': -388.8, 'top_mgr': 6}, {'J01': 11}, {'J01': 50}, 
3190.0, {'J01': -369.0, 'top_mgr': 3}, {'J01': 12}, {'J01': 53}, 
3195.0, {'J01': -414.6, 'top_mgr': 2}, {'J01': 12}, {'J01': 56}, 
3200.0, {'J01': -438.00000000000006, 'top_mgr': 4}, {'J01': 13}, {'J01': 54}, 
3205.0, {'J01': -462.40000000000003, 'top_mgr': 4}, {'J01': 13}, {'J01': 50}, 
3210.0, {'J01': -490.2000000000001, 'top_mgr': 2}, {'J01': 14}, {'J01': 51}, 
3215.0, {'J01': -514.4000000000001, 'top_mgr': 2}, {'J01': 14}, {'J01': 51}, 
3220.0, {'J01': -510.2, 'top_mgr': 7}, {'J01': 14}, {'J01': 48}, 
3225.0, {'J01': -541.8000000000001, 'top_mgr': 2}, {'J01': 14}, {'J01': 49}, 
3230.0, {'J01': -564.2, 'top_mgr': 5}, {'J01': 15}, {'J01': 46}, 
3235.0, {'J01': -587.6000000000001, 'top_mgr': 2}, {'J01': 15}, {'J01': 47}, 
3240.0, {'J01': -629.6000000000001, 'top_mgr': 0}, {'J01': 15}, {'J01': 49}, 
3245.0, {'J01': -672.6000000000001, 'top_mgr': 0}, {'J01': 16}, {'J01': 52}, 
3250.0, {'J01': -664.6000000000001, 'top_mgr': 5}, {'J01': 17}, {'J01': 49}, 
3255.0, {'J01': -699.0000000000001, 'top_mgr': 1}, {'J01': 19}, {'J01': 53}, 
3260.0, {'J01': -605.4000000000001, 'top_mgr': 6}, {'J01': 20}, {'J01': 50}, 
3265.0, {'J01': -612.6, 'top_mgr': 5}, {'J01': 20}, {'J01': 46}, 
3270.0, {'J01': -644.4000000000001, 'top_mgr': 1}, {'J01': 20}, {'J01': 50}, 
3275.0, {'J01': -676.0, 'top_mgr': 3}, {'J01': 20}, {'J01': 51}, 
3280.0, {'J01': -703.0, 'top_mgr': 2}, {'J01': 20}, {'J01': 53}, 
3285.0, {'J01': -740.0, 'top_mgr': 0}, {'J01': 20}, {'J01': 54}, 
3290.0, {'J01': -668.0, 'top_mgr': 5}, {'J01': 21}, {'J01': 50}, 
3295.0, {'J01': -562.8, 'top_mgr': 6}, {'J01': 19}, {'J01': 44}, 
3300.0, {'J01': -549.0000000000001, 'top_mgr': 4}, {'J01': 19}, {'J01': 43}, 
3305.0, {'J01': -507.4000000000001, 'top_mgr': 6}, {'J01': 16}, {'J01': 39}, 
3310.0, {'J01': -537.8, 'top_mgr': 1}, {'J01': 16}, {'J01': 42}, 
3315.0, {'J01': -575.1999999999999, 'top_mgr': 0}, {'J01': 16}, {'J01': 46}, 
3320.0, {'J01': -583.9999999999999, 'top_mgr': 6}, {'J01': 18}, {'J01': 45}, 
3325.0, {'J01': -556.5999999999999, 'top_mgr': 2}, {'J01': 20}, {'J01': 47}, 
3330.0, {'J01': -590.5999999999999, 'top_mgr': 0}, {'J01': 20}, {'J01': 49}, 
3335.0, {'J01': -607.2, 'top_mgr': 5}, {'J01': 19}, {'J01': 44}, 
3340.0, {'J01': -531.4, 'top_mgr': 12}, {'J01': 18}, {'J01': 35}, 
3345.0, {'J01': -465.79999999999995, 'top_mgr': 13}, {'J01': 13}, {'J01': 27}, 
3350.0, {'J01': -262.2, 'top_mgr': 8}, {'J01': 10}, {'J01': 23}, 
3355.0, {'J01': -304.19999999999993, 'top_mgr': 0}, {'J01': 10}, {'J01': 29}, 
3360.0, {'J01': -344.79999999999995, 'top_mgr': 0}, {'J01': 11}, {'J01': 32}, 
3365.0, {'J01': -359.6, 'top_mgr': 1}, {'J01': 11}, {'J01': 38}, 
3370.0, {'J01': -365.59999999999997, 'top_mgr': 6}, {'J01': 11}, {'J01': 39}, 
3375.0, {'J01': -305.6, 'top_mgr': 5}, {'J01': 11}, {'J01': 35}, 
3380.0, {'J01': -341.6, 'top_mgr': 0}, {'J01': 12}, {'J01': 39}, 
3385.0, {'J01': -295.4, 'top_mgr': 8}, {'J01': 11}, {'J01': 33}, 
3390.0, {'J01': -243.60000000000002, 'top_mgr': 14}, {'J01': 8}, {'J01': 23}, 
3395.0, {'J01': -254.0, 'top_mgr': 8}, {'J01': 7}, {'J01': 19}, 
3400.0, {'J01': -225.40000000000003, 'top_mgr': 6}, {'J01': 6}, {'J01': 18}, 
3405.0, {'J01': -178.4, 'top_mgr': 10}, {'J01': 4}, {'J01': 11}, 
3410.0, {'J01': -139.8, 'top_mgr': 11}, {'J01': 4}, {'J01': 14}, 
3415.0, {'J01': -156.4, 'top_mgr': 7}, {'J01': 4}, {'J01': 14}, 
3420.0, {'J01': -200.4, 'top_mgr': 3}, {'J01': 5}, {'J01': 26}, 
3425.0, {'J01': -221.80000000000004, 'top_mgr': 4}, {'J01': 5}, {'J01': 23}, 
3430.0, {'J01': -224.0, 'top_mgr': 7}, {'J01': 5}, {'J01': 24}, 
3435.0, {'J01': -250.4, 'top_mgr': 2}, {'J01': 5}, {'J01': 26}, 
3440.0, {'J01': -294.80000000000007, 'top_mgr': 0}, {'J01': 5}, {'J01': 31}, 
3445.0, {'J01': -347.80000000000007, 'top_mgr': 0}, {'J01': 8}, {'J01': 40}, 
3450.0, {'J01': -298.2, 'top_mgr': 6}, {'J01': 8}, {'J01': 35}, 
3455.0, {'J01': -229.8, 'top_mgr': 6}, {'J01': 8}, {'J01': 34}, 
3460.0, {'J01': -264.20000000000005, 'top_mgr': 5}, {'J01': 8}, {'J01': 33}, 
3465.0, {'J01': -256.59999999999997, 'top_mgr': 7}, {'J01': 7}, {'J01': 30}, 
3470.0, {'J01': -242.40000000000003, 'top_mgr': 11}, {'J01': 6}, {'J01': 23}, 
3475.0, {'J01': -280.40000000000003, 'top_mgr': 0}, {'J01': 6}, {'J01': 27}, 
3480.0, {'J01': -318.0, 'top_mgr': 1}, {'J01': 7}, {'J01': 30}, 
3485.0, {'J01': -337.2, 'top_mgr': 4}, {'J01': 8}, {'J01': 33}, 
3490.0, {'J01': -328.40000000000003, 'top_mgr': 6}, {'J01': 8}, {'J01': 30}, 
3495.0, {'J01': -317.20000000000005, 'top_mgr': 6}, {'J01': 7}, {'J01': 28}, 
3500.0, {'J01': -279.0, 'top_mgr': 11}, {'J01': 4}, {'J01': 22}, 
3505.0, {'J01': -247.4, 'top_mgr': 8}, {'J01': 4}, {'J01': 18}, 
3510.0, {'J01': -274.20000000000005, 'top_mgr': 3}, {'J01': 4}, {'J01': 16}, 
3515.0, {'J01': -289.00000000000006, 'top_mgr': 2}, {'J01': 4}, {'J01': 21}, 
3520.0, {'J01': -292.6, 'top_mgr': 6}, {'J01': 4}, {'J01': 17}, 
3525.0, {'J01': -271.0, 'top_mgr': 6}, {'J01': 5}, {'J01': 18}, 
3530.0, {'J01': -207.0, 'top_mgr': 4}, {'J01': 4}, {'J01': 22}, 
3535.0, {'J01': -243.19999999999996, 'top_mgr': 1}, {'J01': 7}, {'J01': 29}, 
3540.0, {'J01': -281.2, 'top_mgr': 0}, {'J01': 8}, {'J01': 35}, 
3545.0, {'J01': -287.99999999999994, 'top_mgr': 6}, {'J01': 7}, {'J01': 29}, 
3550.0, {'J01': -281.19999999999993, 'top_mgr': 5}, {'J01': 6}, {'J01': 25}, 
3555.0, {'J01': -299.0, 'top_mgr': 4}, {'J01': 6}, {'J01': 27}, 
3560.0, {'J01': -284.0, 'top_mgr': 1}, {'J01': 7}, {'J01': 28}, 
3565.0, {'J01': -327.2, 'top_mgr': 0}, {'J01': 8}, {'J01': 35}, 
3570.0, {'J01': -311.40000000000003, 'top_mgr': 9}, {'J01': 7}, {'J01': 28}, 
3575.0, {'J01': -339.6, 'top_mgr': 6}, {'J01': 6}, {'J01': 24}, 
3580.0, {'J01': -336.0, 'top_mgr': 4}, {'J01': 6}, {'J01': 26}, 
3585.0, {'J01': -377.4, 'top_mgr': 0}, {'J01': 7}, {'J01': 30}, 
3590.0, {'J01': -311.40000000000003, 'top_mgr': 5}, {'J01': 8}, {'J01': 32}, 
3595.0, {'J01': -337.2000000000001, 'top_mgr': 2}, {'J01': 8}, {'J01': 32}, 
3600.0, {'J01': -353.6000000000001, 'top_mgr': 1}, {'J01': 8}, {'J01': 36}, 
3605.0, {'J01': -345.40000000000003, 'top_mgr': 5}, {'J01': 7}, {'J01': 33}, 
3610.0, {'J01': -379.20000000000005, 'top_mgr': 2}, {'J01': 7}, {'J01': 32}, 
3615.0, {'J01': -358.6000000000001, 'top_mgr': 7}, {'J01': 6}, {'J01': 26}, 
3620.0, {'J01': -254.80000000000004, 'top_mgr': 9}, {'J01': 5}, {'J01': 23}, 
3625.0, {'J01': -282.0, 'top_mgr': 2}, {'J01': 5}, {'J01': 27}, 
3630.0, {'J01': -305.6000000000001, 'top_mgr': 4}, {'J01': 7}, {'J01': 30}, 
3635.0, {'J01': -347.00000000000006, 'top_mgr': 2}, {'J01': 8}, {'J01': 32}, 
3640.0, {'J01': -386.4000000000001, 'top_mgr': 1}, {'J01': 8}, {'J01': 34}, 
3645.0, {'J01': -405.6000000000001, 'top_mgr': 1}, {'J01': 8}, {'J01': 34}, 
3650.0, {'J01': -446.6000000000001, 'top_mgr': 0}, {'J01': 8}, {'J01': 35}, 
3655.0, {'J01': -418.80000000000007, 'top_mgr': 5}, {'J01': 7}, {'J01': 30}, 
3660.0, {'J01': -421.6, 'top_mgr': 5}, {'J01': 6}, {'J01': 27}, 
3665.0, {'J01': -391.2000000000001, 'top_mgr': 2}, {'J01': 6}, {'J01': 27}, 
3670.0, {'J01': -427.2000000000001, 'top_mgr': 0}, {'J01': 6}, {'J01': 27}, 
3675.0, {'J01': -469.2000000000001, 'top_mgr': 0}, {'J01': 8}, {'J01': 33}, 
3680.0, {'J01': -395.6, 'top_mgr': 7}, {'J01': 7}, {'J01': 26}, 
3685.0, {'J01': -431.6, 'top_mgr': 0}, {'J01': 7}, {'J01': 26}, 
3690.0, {'J01': -398.80000000000007, 'top_mgr': 6}, {'J01': 6}, {'J01': 21}, 
3695.0, {'J01': -337.00000000000006, 'top_mgr': 8}, {'J01': 4}, {'J01': 15}, 
3700.0, {'J01': -289.8, 'top_mgr': 6}, {'J01': 4}, {'J01': 14}, 
3705.0, {'J01': -234.39999999999998, 'top_mgr': 3}, {'J01': 3}, {'J01': 18}, 
3710.0, {'J01': -212.2, 'top_mgr': 2}, {'J01': 6}, {'J01': 23}, 
3715.0, {'J01': -252.2, 'top_mgr': 1}, {'J01': 8}, {'J01': 31}, 
3720.0, {'J01': -232.0, 'top_mgr': 7}, {'J01': 7}, {'J01': 27}, 
3725.0, {'J01': -199.60000000000002, 'top_mgr': 2}, {'J01': 7}, {'J01': 25}, 
3730.0, {'J01': -183.60000000000002, 'top_mgr': 4}, {'J01': 6}, {'J01': 21}, 
3735.0, {'J01': -172.20000000000005, 'top_mgr': 4}, {'J01': 5}, {'J01': 20}, 
3740.0, {'J01': -186.0, 'top_mgr': 4}, {'J01': 4}, {'J01': 17}, 
3745.0, {'J01': -194.0, 'top_mgr': 10}, {'J01': 4}, {'J01': 12}, 
3750.0, {'J01': -157.8, 'top_mgr': 8}, {'J01': 4}, {'J01': 10}, 
3755.0, {'J01': -173.8, 'top_mgr': 9}, {'J01': 4}, {'J01': 10}, 
3760.0, {'J01': -167.79999999999998, 'top_mgr': 5}, {'J01': 4}, {'J01': 11}, 
3765.0, {'J01': -175.00000000000003, 'top_mgr': 6}, {'J01': 4}, {'J01': 10}, 
3770.0, {'J01': -201.00000000000003, 'top_mgr': 1}, {'J01': 4}, {'J01': 12}, 
3775.0, {'J01': -206.60000000000002, 'top_mgr': 5}, {'J01': 4}, {'J01': 10}, 
3780.0, {'J01': -222.60000000000002, 'top_mgr': 6}, {'J01': 4}, {'J01': 10}, 
3785.0, {'J01': -198.4, 'top_mgr': 5}, {'J01': 4}, {'J01': 10}, 
3790.0, {'J01': -207.20000000000002, 'top_mgr': 5}, {'J01': 4}, {'J01': 8}, 
3795.0, {'J01': -220.0, 'top_mgr': 4}, {'J01': 4}, {'J01': 9}, 
3800.0, {'J01': -210.99999999999997, 'top_mgr': 4}, {'J01': 4}, {'J01': 11}, 
3805.0, {'J01': -205.2, 'top_mgr': 1}, {'J01': 4}, {'J01': 15}, 
3810.0, {'J01': -213.00000000000003, 'top_mgr': 4}, {'J01': 4}, {'J01': 12}, 
3815.0, {'J01': -221.8, 'top_mgr': 3}, {'J01': 4}, {'J01': 11}, 
3820.0, {'J01': -225.4, 'top_mgr': 7}, {'J01': 4}, {'J01': 11}, 
3825.0, {'J01': -235.20000000000002, 'top_mgr': 3}, {'J01': 4}, {'J01': 10}, 
3830.0, {'J01': -76.4, 'top_mgr': 4}, {'J01': 4}, {'J01': 11}, 
3835.0, {'J01': -104.4, 'top_mgr': 2}, {'J01': 4}, {'J01': 15}, 
3840.0, {'J01': -130.4, 'top_mgr': 2}, {'J01': 4}, {'J01': 17}, 
3845.0, {'J01': -160.0, 'top_mgr': 1}, {'J01': 5}, {'J01': 21}, 
3850.0, {'J01': -157.0, 'top_mgr': 5}, {'J01': 5}, {'J01': 19}, 
3855.0, {'J01': -172.4, 'top_mgr': 5}, {'J01': 4}, {'J01': 17}, 
3860.0, {'J01': -189.60000000000002, 'top_mgr': 3}, {'J01': 4}, {'J01': 20}, 
3865.0, {'J01': -201.39999999999998, 'top_mgr': 3}, {'J01': 6}, {'J01': 27}, 
3870.0, {'J01': -221.8, 'top_mgr': 1}, {'J01': 7}, {'J01': 28}, 
3875.0, {'J01': -257.8, 'top_mgr': 0}, {'J01': 8}, {'J01': 32}, 
3880.0, {'J01': -267.2, 'top_mgr': 3}, {'J01': 8}, {'J01': 29}, 
3885.0, {'J01': -296.4, 'top_mgr': 1}, {'J01': 8}, {'J01': 30}, 
3890.0, {'J01': -330.4, 'top_mgr': 0}, {'J01': 8}, {'J01': 32}, 
3895.0, {'J01': -363.40000000000003, 'top_mgr': 0}, {'J01': 8}, {'J01': 33}, 
3900.0, {'J01': -387.20000000000005, 'top_mgr': 2}, {'J01': 8}, {'J01': 31}, 
3905.0, {'J01': -388.20000000000005, 'top_mgr': 2}, {'J01': 8}, {'J01': 30}, 
3910.0, {'J01': -303.00000000000006, 'top_mgr': 3}, {'J01': 8}, {'J01': 29}, 
3915.0, {'J01': -280.0, 'top_mgr': 5}, {'J01': 7}, {'J01': 25}, 
3920.0, {'J01': -195.20000000000002, 'top_mgr': 7}, {'J01': 5}, {'J01': 19}, 
3925.0, {'J01': -204.60000000000002, 'top_mgr': 4}, {'J01': 5}, {'J01': 19}, 
3930.0, {'J01': -192.4, 'top_mgr': 3}, {'J01': 5}, {'J01': 20}, 
3935.0, {'J01': -212.20000000000002, 'top_mgr': 1}, {'J01': 7}, {'J01': 25}, 
3940.0, {'J01': -231.0, 'top_mgr': 2}, {'J01': 8}, {'J01': 28}, 
3945.0, {'J01': -230.20000000000002, 'top_mgr': 2}, {'J01': 8}, {'J01': 26}, 
3950.0, {'J01': -225.0, 'top_mgr': 5}, {'J01': 7}, {'J01': 23}, 
3955.0, {'J01': -244.60000000000002, 'top_mgr': 1}, {'J01': 7}, {'J01': 26}, 
3960.0, {'J01': -263.40000000000003, 'top_mgr': 2}, {'J01': 7}, {'J01': 26}, 
3965.0, {'J01': -289.8, 'top_mgr': 1}, {'J01': 7}, {'J01': 28}, 
3970.0, {'J01': -321.8, 'top_mgr': 0}, {'J01': 8}, {'J01': 32}, 
3975.0, {'J01': -345.6, 'top_mgr': 1}, {'J01': 8}, {'J01': 31}, 
3980.0, {'J01': -362.40000000000003, 'top_mgr': 5}, {'J01': 7}, {'J01': 26}, 
3985.0, {'J01': -327.80000000000007, 'top_mgr': 3}, {'J01': 7}, {'J01': 23}, 
3990.0, {'J01': -281.40000000000003, 'top_mgr': 6}, {'J01': 6}, {'J01': 19}, 
3995.0, {'J01': -260.0, 'top_mgr': 7}, {'J01': 5}, {'J01': 19}, 
4000.0, {'J01': -225.79999999999998, 'top_mgr': 6}, {'J01': 4}, {'J01': 17}, 
4005.0, {'J01': -231.99999999999997, 'top_mgr': 2}, {'J01': 4}, {'J01': 18}, 
4010.0, {'J01': -267.2, 'top_mgr': 1}, {'J01': 7}, {'J01': 26}, 
4015.0, {'J01': -287.20000000000005, 'top_mgr': 1}, {'J01': 8}, {'J01': 29}, 
4020.0, {'J01': -296.40000000000003, 'top_mgr': 6}, {'J01': 7}, {'J01': 24}, 
4025.0, {'J01': -237.80000000000004, 'top_mgr': 7}, {'J01': 5}, {'J01': 19}, 
4030.0, {'J01': -215.40000000000003, 'top_mgr': 4}, {'J01': 5}, {'J01': 19}, 
4035.0, {'J01': -195.8, 'top_mgr': 6}, {'J01': 4}, {'J01': 14}, 
4040.0, {'J01': -205.8, 'top_mgr': 2}, {'J01': 4}, {'J01': 15}, 
4045.0, {'J01': -214.60000000000002, 'top_mgr': 4}, {'J01': 4}, {'J01': 11}, 
4050.0, {'J01': -228.80000000000004, 'top_mgr': 4}, {'J01': 4}, {'J01': 11}, 
4055.0, {'J01': -259.8, 'top_mgr': 0}, {'J01': 4}, {'J01': 18}, 
4060.0, {'J01': -289.8, 'top_mgr': 0}, {'J01': 6}, {'J01': 24}, 
4065.0, {'J01': -317.8, 'top_mgr': 0}, {'J01': 8}, {'J01': 28}, 
4070.0, {'J01': -296.19999999999993, 'top_mgr': 4}, {'J01': 7}, {'J01': 24}, 
4075.0, {'J01': -281.20000000000005, 'top_mgr': 4}, {'J01': 6}, {'J01': 20}, 
4080.0, {'J01': -254.40000000000003, 'top_mgr': 4}, {'J01': 5}, {'J01': 16}, 
4085.0, {'J01': -256.40000000000003, 'top_mgr': 11}, {'J01': 4}, {'J01': 10}, 
4090.0, {'J01': -272.40000000000003, 'top_mgr': 4}, {'J01': 4}, {'J01': 10}, 
4095.0, {'J01': -234.20000000000002, 'top_mgr': 4}, {'J01': 4}, {'J01': 7}, 
4100.0, {'J01': -248.4, 'top_mgr': 10}, {'J01': 4}, {'J01': 8}, 
4105.0, {'J01': -264.40000000000003, 'top_mgr': 8}, {'J01': 4}, {'J01': 8}, 
4110.0, {'J01': -280.40000000000003, 'top_mgr': 8}, {'J01': 4}, {'J01': 8}, 
4115.0, {'J01': -303.00000000000006, 'top_mgr': 1}, {'J01': 4}, {'J01': 12}, 
4120.0, {'J01': -337.40000000000003, 'top_mgr': 0}, {'J01': 4}, {'J01': 18}, 
4125.0, {'J01': -320.40000000000003, 'top_mgr': 2}, {'J01': 4}, {'J01': 18}, 
4130.0, {'J01': -119.80000000000001, 'top_mgr': 4}, {'J01': 5}, {'J01': 19}, 
4135.0, {'J01': -146.8, 'top_mgr': 3}, {'J01': 7}, {'J01': 22}, 
4140.0, {'J01': -172.79999999999998, 'top_mgr': 2}, {'J01': 7}, {'J01': 24}, 
4145.0, {'J01': -174.0, 'top_mgr': 5}, {'J01': 7}, {'J01': 22}, 
4150.0, {'J01': -182.39999999999998, 'top_mgr': 5}, {'J01': 6}, {'J01': 21}, 
4155.0, {'J01': -176.4, 'top_mgr': 3}, {'J01': 5}, {'J01': 22}, 
4160.0, {'J01': -203.0, 'top_mgr': 3}, {'J01': 5}, {'J01': 23}, 
4165.0, {'J01': -210.2, 'top_mgr': 5}, {'J01': 6}, {'J01': 23}, 
4170.0, {'J01': -222.6, 'top_mgr': 5}, {'J01': 5}, {'J01': 20}, 
4175.0, {'J01': -234.20000000000005, 'top_mgr': 3}, {'J01': 4}, {'J01': 20}, 
4180.0, {'J01': -225.20000000000005, 'top_mgr': 5}, {'J01': 4}, {'J01': 15}, 
4185.0, {'J01': -142.2, 'top_mgr': 6}, {'J01': 4}, {'J01': 13}, 
4190.0, {'J01': -155.60000000000002, 'top_mgr': 4}, {'J01': 4}, {'J01': 9}, 
4195.0, {'J01': -183.0, 'top_mgr': 2}, {'J01': 4}, {'J01': 14}, 
4200.0, {'J01': -225.00000000000006, 'top_mgr': 0}, {'J01': 4}, {'J01': 24}, 
4205.0, {'J01': -194.6, 'top_mgr': 5}, {'J01': 5}, {'J01': 22}, 
4210.0, {'J01': -189.0, 'top_mgr': 10}, {'J01': 4}, {'J01': 13}, 
4215.0, {'J01': -138.6, 'top_mgr': 5}, {'J01': 4}, {'J01': 14}, 
4220.0, {'J01': -144.39999999999998, 'top_mgr': 3}, {'J01': 4}, {'J01': 16}, 
4225.0, {'J01': -159.39999999999998, 'top_mgr': 4}, {'J01': 7}, {'J01': 22}, 
4230.0, {'J01': -179.4, 'top_mgr': 4}, {'J01': 7}, {'J01': 21}, 
4235.0, {'J01': -206.2, 'top_mgr': 1}, {'J01': 7}, {'J01': 23}, 
4240.0, {'J01': -172.20000000000002, 'top_mgr': 3}, {'J01': 7}, {'J01': 24}, 
4245.0, {'J01': -145.4, 'top_mgr': 2}, {'J01': 7}, {'J01': 23}, 
4250.0, {'J01': -173.4, 'top_mgr': 1}, {'J01': 8}, {'J01': 27}, 
4255.0, {'J01': -164.4, 'top_mgr': 5}, {'J01': 7}, {'J01': 23}, 
4260.0, {'J01': -113.8, 'top_mgr': 9}, {'J01': 4}, {'J01': 14}, 
4265.0, {'J01': -128.20000000000002, 'top_mgr': 3}, {'J01': 4}, {'J01': 15}, 
4270.0, {'J01': -141.20000000000002, 'top_mgr': 2}, {'J01': 4}, {'J01': 17}, 
4275.0, {'J01': -137.0, 'top_mgr': 3}, {'J01': 7}, {'J01': 21}, 
4280.0, {'J01': -168.00000000000003, 'top_mgr': 1}, {'J01': 8}, {'J01': 28}, 
4285.0, {'J01': -161.8, 'top_mgr': 3}, {'J01': 8}, {'J01': 25}, 
4290.0, {'J01': -153.2, 'top_mgr': 5}, {'J01': 7}, {'J01': 21}, 
4295.0, {'J01': -180.80000000000004, 'top_mgr': 0}, {'J01': 7}, {'J01': 24}, 
4300.0, {'J01': -192.79999999999998, 'top_mgr': 3}, {'J01': 7}, {'J01': 23}, 
4305.0, {'J01': -201.20000000000002, 'top_mgr': 5}, {'J01': 6}, {'J01': 19}, 
4310.0, {'J01': -210.8, 'top_mgr': 2}, {'J01': 6}, {'J01': 18}, 
4315.0, {'J01': -222.40000000000006, 'top_mgr': 3}, {'J01': 6}, {'J01': 20}, 
4320.0, {'J01': -194.20000000000005, 'top_mgr': 3}, {'J01': 7}, {'J01': 23}, 
4325.0, {'J01': -112.80000000000001, 'top_mgr': 10}, {'J01': 5}, {'J01': 16}, 
4330.0, {'J01': -119.60000000000002, 'top_mgr': 6}, {'J01': 4}, {'J01': 14}, 
4335.0, {'J01': -146.8, 'top_mgr': 1}, {'J01': 4}, {'J01': 18}, 
4340.0, {'J01': -160.4, 'top_mgr': 4}, {'J01': 3}, {'J01': 15}, 
4345.0, {'J01': -159.39999999999998, 'top_mgr': 6}, {'J01': 2}, {'J01': 10}, 
4350.0, {'J01': -157.6, 'top_mgr': 4}, {'J01': 4}, {'J01': 14}, 
4355.0, {'J01': -93.80000000000001, 'top_mgr': 6}, {'J01': 5}, {'J01': 16}, 
4360.0, {'J01': -50.800000000000004, 'top_mgr': 8}, {'J01': 3}, {'J01': 12}, 
4365.0, {'J01': -63.00000000000001, 'top_mgr': 4}, {'J01': 4}, {'J01': 11}, 
4370.0, {'J01': -71.2, 'top_mgr': 4}, {'J01': 3}, {'J01': 7}, 
4375.0, {'J01': -69.20000000000002, 'top_mgr': 2}, {'J01': 3}, {'J01': 10}, 
4380.0, {'J01': -57.2, 'top_mgr': 3}, {'J01': 3}, {'J01': 9}, 
4385.0, {'J01': -57.60000000000001, 'top_mgr': 5}, {'J01': 4}, {'J01': 7}, 
4390.0, {'J01': -72.4, 'top_mgr': 2}, {'J01': 4}, {'J01': 9}, 
4395.0, {'J01': -96.4, 'top_mgr': 0}, {'J01': 4}, {'J01': 13}, 
4400.0, {'J01': -110.4, 'top_mgr': 2}, {'J01': 4}, {'J01': 12}, 
4405.0, {'J01': -96.60000000000001, 'top_mgr': 5}, {'J01': 2}, {'J01': 7}, 
4410.0, {'J01': -70.80000000000001, 'top_mgr': 3}, {'J01': 2}, {'J01': 7}, 
4415.0, {'J01': -87.4, 'top_mgr': 2}, {'J01': 4}, {'J01': 8}, 
4420.0, {'J01': -51.00000000000001, 'top_mgr': 4}, {'J01': 4}, {'J01': 8}, 
4425.0, {'J01': -66.0, 'top_mgr': 2}, {'J01': 4}, {'J01': 12}, 
4430.0, {'J01': -52.2, 'top_mgr': 2}, {'J01': 7}, {'J01': 16}, 
4435.0, {'J01': -65.2, 'top_mgr': 4}, {'J01': 6}, {'J01': 16}, 
4440.0, {'J01': -78.60000000000001, 'top_mgr': 3}, {'J01': 5}, {'J01': 14}, 
4445.0, {'J01': -99.6, 'top_mgr': 0}, {'J01': 5}, {'J01': 15}, 
4450.0, {'J01': -101.8, 'top_mgr': 1}, {'J01': 6}, {'J01': 18}, 
4455.0, {'J01': -121.80000000000001, 'top_mgr': 0}, {'J01': 8}, {'J01': 22}, 
4460.0, {'J01': -137.8, 'top_mgr': 0}, {'J01': 8}, {'J01': 22}, 
4465.0, {'J01': -146.0, 'top_mgr': 3}, {'J01': 7}, {'J01': 19}, 
4470.0, {'J01': -161.00000000000003, 'top_mgr': 1}, {'J01': 6}, {'J01': 18}, 
4475.0, {'J01': -171.2, 'top_mgr': 2}, {'J01': 6}, {'J01': 16}, 
4480.0, {'J01': -135.8, 'top_mgr': 2}, {'J01': 7}, {'J01': 17}, 
4485.0, {'J01': -134.6, 'top_mgr': 3}, {'J01': 7}, {'J01': 18}, 
4490.0, {'J01': -127.4, 'top_mgr': 5}, {'J01': 4}, {'J01': 14}, 
4495.0, {'J01': -134.0, 'top_mgr': 4}, {'J01': 3}, {'J01': 11}, 
4500.0, {'J01': -117.0, 'top_mgr': 1}, {'J01': 3}, {'J01': 11}, 
4505.0, {'J01': -74.80000000000001, 'top_mgr': 4}, {'J01': 2}, {'J01': 7}, 
4510.0, {'J01': -72.4, 'top_mgr': 3}, {'J01': 1}, {'J01': 6}, 
4515.0, {'J01': -86.2, 'top_mgr': 1}, {'J01': 3}, {'J01': 8}, 
4520.0, {'J01': -113.19999999999999, 'top_mgr': 0}, {'J01': 4}, {'J01': 15}, 
4525.0, {'J01': -130.8, 'top_mgr': 2}, {'J01': 7}, {'J01': 19}, 
4530.0, {'J01': -138.00000000000003, 'top_mgr': 2}, {'J01': 8}, {'J01': 20}, 
4535.0, {'J01': -127.2, 'top_mgr': 1}, {'J01': 8}, {'J01': 22}, 
4540.0, {'J01': -143.20000000000002, 'top_mgr': 0}, {'J01': 8}, {'J01': 22}, 
4545.0, {'J01': -100.4, 'top_mgr': 2}, {'J01': 7}, {'J01': 20}, 
4550.0, {'J01': -113.0, 'top_mgr': 2}, {'J01': 6}, {'J01': 18}, 
4555.0, {'J01': -126.0, 'top_mgr': 2}, {'J01': 5}, {'J01': 16}, 
4560.0, {'J01': -134.4, 'top_mgr': 2}, {'J01': 4}, {'J01': 14}, 
4565.0, {'J01': -142.6, 'top_mgr': 2}, {'J01': 4}, {'J01': 12}, 
4570.0, {'J01': -116.6, 'top_mgr': 4}, {'J01': 5}, {'J01': 13}, 
4575.0, {'J01': -131.4, 'top_mgr': 2}, {'J01': 4}, {'J01': 13}, 
4580.0, {'J01': -141.00000000000003, 'top_mgr': 2}, {'J01': 4}, {'J01': 12}, 
4585.0, {'J01': -89.20000000000002, 'top_mgr': 2}, {'J01': 4}, {'J01': 10}, 
4590.0, {'J01': -107.80000000000001, 'top_mgr': 2}, {'J01': 4}, {'J01': 11}, 
4595.0, {'J01': -124.20000000000002, 'top_mgr': 1}, {'J01': 4}, {'J01': 13}, 
4600.0, {'J01': -148.79999999999998, 'top_mgr': 1}, {'J01': 7}, {'J01': 21}, 
4605.0, {'J01': -167.6, 'top_mgr': 2}, {'J01': 7}, {'J01': 21}, 
4610.0, {'J01': -146.8, 'top_mgr': 2}, {'J01': 6}, {'J01': 19}, 
4615.0, {'J01': -153.2, 'top_mgr': 1}, {'J01': 6}, {'J01': 18}, 
4620.0, {'J01': -132.8, 'top_mgr': 3}, {'J01': 7}, {'J01': 17}, 
4625.0, {'J01': -65.6, 'top_mgr': 3}, {'J01': 8}, {'J01': 16}, 
4630.0, {'J01': -76.4, 'top_mgr': 2}, {'J01': 8}, {'J01': 18}, 
4635.0, {'J01': -95.4, 'top_mgr': 0}, {'J01': 8}, {'J01': 21}, 
4640.0, {'J01': -107.0, 'top_mgr': 2}, {'J01': 7}, {'J01': 20}, 
4645.0, {'J01': -111.20000000000002, 'top_mgr': 6}, {'J01': 4}, {'J01': 14}, 
4650.0, {'J01': -119.80000000000001, 'top_mgr': 2}, {'J01': 4}, {'J01': 12}, 
4655.0, {'J01': -107.4, 'top_mgr': 2}, {'J01': 4}, {'J01': 10}, 
4660.0, {'J01': -116.20000000000002, 'top_mgr': 2}, {'J01': 4}, {'J01': 8}, 
4665.0, {'J01': -138.20000000000002, 'top_mgr': 0}, {'J01': 4}, {'J01': 14}, 
4670.0, {'J01': -159.20000000000002, 'top_mgr': 0}, {'J01': 7}, {'J01': 19}, 
4675.0, {'J01': -178.20000000000002, 'top_mgr': 0}, {'J01': 8}, {'J01': 22}, 
4680.0, {'J01': -126.0, 'top_mgr': 3}, {'J01': 7}, {'J01': 19}, 
4685.0, {'J01': -129.8, 'top_mgr': 5}, {'J01': 4}, {'J01': 14}, 
4690.0, {'J01': -135.8, 'top_mgr': 3}, {'J01': 4}, {'J01': 11}, 
4695.0, {'J01': -144.60000000000002, 'top_mgr': 3}, {'J01': 3}, {'J01': 8}, 
4700.0, {'J01': -156.0, 'top_mgr': 3}, {'J01': 3}, {'J01': 7}, 
4705.0, {'J01': -91.0, 'top_mgr': 3}, {'J01': 2}, {'J01': 5}, 
4710.0, {'J01': -52.60000000000001, 'top_mgr': 2}, {'J01': 4}, {'J01': 9}, 
4715.0, {'J01': -79.60000000000001, 'top_mgr': 0}, {'J01': 7}, {'J01': 20}, 
4720.0, {'J01': -81.19999999999999, 'top_mgr': 2}, {'J01': 8}, {'J01': 20}, 
4725.0, {'J01': -75.80000000000001, 'top_mgr': 4}, {'J01': 8}, {'J01': 17}, 
4730.0, {'J01': -85.20000000000002, 'top_mgr': 3}, {'J01': 8}, {'J01': 18}, 
4735.0, {'J01': -104.20000000000002, 'top_mgr': 0}, {'J01': 8}, {'J01': 21}, 
4740.0, {'J01': -105.4, 'top_mgr': 3}, {'J01': 8}, {'J01': 18}, 
4745.0, {'J01': -117.80000000000001, 'top_mgr': 1}, {'J01': 8}, {'J01': 18}, 
4750.0, {'J01': -103.0, 'top_mgr': 3}, {'J01': 7}, {'J01': 19}, 
4755.0, {'J01': -106.4, 'top_mgr': 5}, {'J01': 4}, {'J01': 14}, 
4760.0, {'J01': -118.6, 'top_mgr': 4}, {'J01': 4}, {'J01': 11}, 
4765.0, {'J01': -131.0, 'top_mgr': 2}, {'J01': 4}, {'J01': 9}, 
4770.0, {'J01': -155.0, 'top_mgr': 0}, {'J01': 4}, {'J01': 13}, 
4775.0, {'J01': -90.4, 'top_mgr': 3}, {'J01': 4}, {'J01': 10}, 
4780.0, {'J01': -92.80000000000001, 'top_mgr': 5}, {'J01': 4}, {'J01': 8}, 
4785.0, {'J01': -108.80000000000001, 'top_mgr': 4}, {'J01': 4}, {'J01': 8}, 
4790.0, {'J01': -124.80000000000001, 'top_mgr': 6}, {'J01': 4}, {'J01': 8}, 
4795.0, {'J01': -126.6, 'top_mgr': 3}, {'J01': 2}, {'J01': 7}, 
4800.0, {'J01': -78.80000000000001, 'top_mgr': 2}, {'J01': 3}, {'J01': 10}, 
4805.0, {'J01': -49.8, 'top_mgr': 3}, {'J01': 4}, {'J01': 10}, 
4810.0, {'J01': -49.0, 'top_mgr': 2}, {'J01': 5}, {'J01': 13}, 
4815.0, {'J01': -69.60000000000001, 'top_mgr': 1}, {'J01': 5}, {'J01': 17}, 
4820.0, {'J01': -84.4, 'top_mgr': 2}, {'J01': 7}, {'J01': 18}, 
4825.0, {'J01': -76.6, 'top_mgr': 3}, {'J01': 8}, {'J01': 17}, 
4830.0, {'J01': -94.6, 'top_mgr': 0}, {'J01': 8}, {'J01': 19}, 
4835.0, {'J01': -100.6, 'top_mgr': 3}, {'J01': 6}, {'J01': 17}, 
4840.0, {'J01': -106.60000000000001, 'top_mgr': 3}, {'J01': 6}, {'J01': 14}, 
4845.0, {'J01': -97.0, 'top_mgr': 2}, {'J01': 6}, {'J01': 13}, 
4850.0, {'J01': -92.80000000000001, 'top_mgr': 3}, {'J01': 7}, {'J01': 14}, 
4855.0, {'J01': -102.80000000000001, 'top_mgr': 3}, {'J01': 8}, {'J01': 16}, 
4860.0, {'J01': -102.8, 'top_mgr': 4}, {'J01': 7}, {'J01': 16}, 
4865.0, {'J01': -121.80000000000001, 'top_mgr': 0}, {'J01': 7}, {'J01': 19}, 
4870.0, {'J01': -124.60000000000001, 'top_mgr': 2}, {'J01': 6}, {'J01': 18}, 
4875.0, {'J01': -131.8, 'top_mgr': 2}, {'J01': 5}, {'J01': 16}, 
4880.0, {'J01': -122.8, 'top_mgr': 2}, {'J01': 4}, {'J01': 14}, 
4885.0, {'J01': -134.60000000000002, 'top_mgr': 2}, {'J01': 4}, {'J01': 12}, 
4890.0, {'J01': -123.8, 'top_mgr': 2}, {'J01': 4}, {'J01': 10}, 
4895.0, {'J01': -125.4, 'top_mgr': 4}, {'J01': 3}, {'J01': 7}, 
4900.0, {'J01': -113.80000000000001, 'top_mgr': 3}, {'J01': 4}, {'J01': 10}, 
4905.0, {'J01': -61.0, 'top_mgr': 2}, {'J01': 5}, {'J01': 13}, 
4910.0, {'J01': -65.0, 'top_mgr': 6}, {'J01': 4}, {'J01': 10}, 
4915.0, {'J01': -86.0, 'top_mgr': 1}, {'J01': 4}, {'J01': 11}, 
4920.0, {'J01': -97.80000000000001, 'top_mgr': 1}, {'J01': 4}, {'J01': 12}, 
4925.0, {'J01': -112.0, 'top_mgr': 3}, {'J01': 7}, {'J01': 16}, 
4930.0, {'J01': -77.60000000000001, 'top_mgr': 4}, {'J01': 7}, {'J01': 16}, 
4935.0, {'J01': -87.2, 'top_mgr': 2}, {'J01': 7}, {'J01': 15}, 
4940.0, {'J01': -74.6, 'top_mgr': 2}, {'J01': 7}, {'J01': 16}, 
4945.0, {'J01': -94.6, 'top_mgr': 0}, {'J01': 7}, {'J01': 20}, 
4950.0, {'J01': -97.19999999999999, 'top_mgr': 3}, {'J01': 8}, {'J01': 19}, 
4955.0, {'J01': -109.2, 'top_mgr': 1}, {'J01': 8}, {'J01': 19}, 
4960.0, {'J01': -127.2, 'top_mgr': 0}, {'J01': 8}, {'J01': 21}, 
4965.0, {'J01': -144.20000000000002, 'top_mgr': 0}, {'J01': 8}, {'J01': 22}, 
4970.0, {'J01': -160.20000000000002, 'top_mgr': 0}, {'J01': 8}, {'J01': 22}, 
4975.0, {'J01': -159.8, 'top_mgr': 2}, {'J01': 7}, {'J01': 20}, 
4980.0, {'J01': -150.60000000000002, 'top_mgr': 6}, {'J01': 4}, {'J01': 14}, 
4985.0, {'J01': -146.0, 'top_mgr': 4}, {'J01': 4}, {'J01': 10}, 
4990.0, {'J01': -141.4, 'top_mgr': 2}, {'J01': 4}, {'J01': 8}, 
4995.0, {'J01': -155.60000000000002, 'top_mgr': 2}, {'J01': 3}, {'J01': 10}, 
5000.0, {'J01': -51.800000000000004, 'top_mgr': 4}, {'J01': 3}, {'J01': 8}, 
5005.0, {'J01': -71.4, 'top_mgr': 0}, {'J01': 3}, {'J01': 11}, 
5010.0, {'J01': -87.60000000000001, 'top_mgr': 2}, {'J01': 5}, {'J01': 13}, 
5015.0, {'J01': -58.0, 'top_mgr': 4}, {'J01': 7}, {'J01': 15}, 
5020.0, {'J01': -61.2, 'top_mgr': 3}, {'J01': 8}, {'J01': 18}, 
5025.0, {'J01': -80.20000000000002, 'top_mgr': 1}, {'J01': 8}, {'J01': 21}, 
5030.0, {'J01': -88.60000000000001, 'top_mgr': 3}, {'J01': 7}, {'J01': 19}, 
5035.0, {'J01': -93.4, 'top_mgr': 1}, {'J01': 6}, {'J01': 19}, 
5040.0, {'J01': -110.80000000000001, 'top_mgr': 2}, {'J01': 5}, {'J01': 17}, 
5045.0, {'J01': -116.80000000000001, 'top_mgr': 3}, {'J01': 4}, {'J01': 14}, 
5050.0, {'J01': -132.8, 'top_mgr': 0}, {'J01': 4}, {'J01': 14}, 
5055.0, {'J01': -137.8, 'top_mgr': 2}, {'J01': 5}, {'J01': 15}, 
5060.0, {'J01': -82.80000000000001, 'top_mgr': 6}, {'J01': 4}, {'J01': 9}, 
5065.0, {'J01': -97.2, 'top_mgr': 4}, {'J01': 4}, {'J01': 8}, 
5070.0, {'J01': -88.4, 'top_mgr': 5}, {'J01': 4}, {'J01': 7}, 
5075.0, {'J01': -106.60000000000002, 'top_mgr': 0}, {'J01': 4}, {'J01': 11}, 
5080.0, {'J01': -130.60000000000002, 'top_mgr': 0}, {'J01': 4}, {'J01': 15}, 
5085.0, {'J01': -155.60000000000002, 'top_mgr': 0}, {'J01': 6}, {'J01': 20}, 
5090.0, {'J01': -171.20000000000002, 'top_mgr': 1}, {'J01': 6}, {'J01': 19}, 
5095.0, {'J01': -182.60000000000002, 'top_mgr': 4}, {'J01': 6}, {'J01': 19}, 
5100.0, {'J01': -191.8, 'top_mgr': 3}, {'J01': 6}, {'J01': 16}, 
5105.0, {'J01': -77.80000000000001, 'top_mgr': 4}, {'J01': 6}, {'J01': 12}, 
5110.0, {'J01': -87.80000000000001, 'top_mgr': 3}, {'J01': 6}, {'J01': 15}, 
5115.0, {'J01': -110.80000000000001, 'top_mgr': 0}, {'J01': 6}, {'J01': 18}, 
5120.0, {'J01': -128.60000000000002, 'top_mgr': 2}, {'J01': 5}, {'J01': 17}, 
5125.0, {'J01': -140.2, 'top_mgr': 2}, {'J01': 5}, {'J01': 15}, 
5130.0, {'J01': -146.00000000000003, 'top_mgr': 2}, {'J01': 5}, {'J01': 14}, 
5135.0, {'J01': -154.4, 'top_mgr': 3}, {'J01': 6}, {'J01': 18}, 
5140.0, {'J01': -120.0, 'top_mgr': 2}, {'J01': 6}, {'J01': 17}, 
5145.0, {'J01': -123.2, 'top_mgr': 2}, {'J01': 5}, {'J01': 16}, 
5150.0, {'J01': -86.2, 'top_mgr': 6}, {'J01': 4}, {'J01': 11}, 
5155.0, {'J01': -68.6, 'top_mgr': 4}, {'J01': 4}, {'J01': 7}, 
5160.0, {'J01': -83.2, 'top_mgr': 2}, {'J01': 4}, {'J01': 9}, 
5165.0, {'J01': -92.60000000000001, 'top_mgr': 2}, {'J01': 4}, {'J01': 7}, 
5170.0, {'J01': -104.60000000000001, 'top_mgr': 6}, {'J01': 4}, {'J01': 7}, 
5175.0, {'J01': -116.60000000000001, 'top_mgr': 4}, {'J01': 4}, {'J01': 7}, 
5180.0, {'J01': -109.60000000000002, 'top_mgr': 5}, {'J01': 2}, {'J01': 6}, 
5185.0, {'J01': -118.80000000000001, 'top_mgr': 2}, {'J01': 2}, {'J01': 4}, 
5190.0, {'J01': -137.4, 'top_mgr': 0}, {'J01': 4}, {'J01': 9}, 
5195.0, {'J01': -120.80000000000001, 'top_mgr': 1}, {'J01': 4}, {'J01': 13}, 
5200.0, {'J01': -140.8, 'top_mgr': 0}, {'J01': 6}, {'J01': 17}, 
5205.0, {'J01': -158.8, 'top_mgr': 0}, {'J01': 7}, {'J01': 19}, 
5210.0, {'J01': -168.4, 'top_mgr': 2}, {'J01': 7}, {'J01': 19}, 
5215.0, {'J01': -181.0, 'top_mgr': 2}, {'J01': 6}, {'J01': 17}, 
5220.0, {'J01': -191.2, 'top_mgr': 2}, {'J01': 5}, {'J01': 15}, 
5225.0, {'J01': -184.4, 'top_mgr': 6}, {'J01': 4}, {'J01': 9}, 
5230.0, {'J01': -91.20000000000002, 'top_mgr': 5}, {'J01': 2}, {'J01': 6}, 
5235.0, {'J01': -109.4, 'top_mgr': 1}, {'J01': 3}, {'J01': 9}, 
5240.0, {'J01': -102.80000000000001, 'top_mgr': 3}, {'J01': 4}, {'J01': 10}, 
5245.0, {'J01': -96.80000000000001, 'top_mgr': 6}, {'J01': 4}, {'J01': 6}, 
5250.0, {'J01': -104.80000000000001, 'top_mgr': 4}, {'J01': 4}, {'J01': 6}, 
5255.0, {'J01': -112.80000000000001, 'top_mgr': 4}, {'J01': 4}, {'J01': 6}, 
5260.0, {'J01': -120.80000000000001, 'top_mgr': 2}, {'J01': 4}, {'J01': 6}, 
5265.0, {'J01': -128.8, 'top_mgr': 2}, {'J01': 4}, {'J01': 6}, 
5270.0, {'J01': -53.6, 'top_mgr': 4}, {'J01': 2}, {'J01': 3}, 
5275.0, {'J01': -34.4, 'top_mgr': 2}, {'J01': 2}, {'J01': 4}, 
5280.0, {'J01': -50.2, 'top_mgr': 0}, {'J01': 3}, {'J01': 7}, 
5285.0, {'J01': -61.00000000000001, 'top_mgr': 1}, {'J01': 4}, {'J01': 9}, 
5290.0, {'J01': -73.4, 'top_mgr': 2}, {'J01': 3}, {'J01': 9}, 
5295.0, {'J01': -47.599999999999994, 'top_mgr': 2}, {'J01': 4}, {'J01': 11}, 
5300.0, {'J01': -71.6, 'top_mgr': 0}, {'J01': 5}, {'J01': 15}, 
5305.0, {'J01': -76.2, 'top_mgr': 3}, {'J01': 4}, {'J01': 13}, 
5310.0, {'J01': -91.2, 'top_mgr': 1}, {'J01': 4}, {'J01': 12}, 
5315.0, {'J01': -114.2, 'top_mgr': 0}, {'J01': 4}, {'J01': 15}, 
5320.0, {'J01': -128.2, 'top_mgr': 2}, {'J01': 4}, {'J01': 14}, 
5325.0, {'J01': -98.80000000000001, 'top_mgr': 6}, {'J01': 4}, {'J01': 8}, 
5330.0, {'J01': -109.6, 'top_mgr': 4}, {'J01': 3}, {'J01': 8}, 
5335.0, {'J01': -111.20000000000002, 'top_mgr': 3}, {'J01': 2}, {'J01': 7}, 
5340.0, {'J01': -126.80000000000001, 'top_mgr': 2}, {'J01': 3}, {'J01': 7}, 
5345.0, {'J01': -143.8, 'top_mgr': 5}, {'J01': 4}, {'J01': 8}, 
5350.0, {'J01': -117.6, 'top_mgr': 3}, {'J01': 4}, {'J01': 9}, 
5355.0, {'J01': -101.8, 'top_mgr': 2}, {'J01': 3}, {'J01': 8}, 
5360.0, {'J01': -77.2, 'top_mgr': 2}, {'J01': 3}, {'J01': 10}, 
5365.0, {'J01': -89.0, 'top_mgr': 2}, {'J01': 3}, {'J01': 9}, 
5370.0, {'J01': -69.2, 'top_mgr': 4}, {'J01': 2}, {'J01': 8}, 
5375.0, {'J01': -93.2, 'top_mgr': 0}, {'J01': 4}, {'J01': 12}, 
5380.0, {'J01': -117.2, 'top_mgr': 0}, {'J01': 4}, {'J01': 16}, 
5385.0, {'J01': -112.0, 'top_mgr': 1}, {'J01': 7}, {'J01': 19}, 
5390.0, {'J01': -105.2, 'top_mgr': 1}, {'J01': 8}, {'J01': 21}, 
5395.0, {'J01': -122.2, 'top_mgr': 0}, {'J01': 8}, {'J01': 22}, 
5400.0, {'J01': -138.20000000000002, 'top_mgr': 0}, {'J01': 8}, {'J01': 22}, 
