5.0, {'J8': np.float32(0.0)}, {'J8': 0}, {'J8': 0}, 
10.0, {'J8': np.float32(0.0)}, {'J8': 0}, {'J8': 0}, 
15.0, {'J8': np.float32(-0.009090909)}, {'J8': 1}, {'J8': 1}, 
20.0, {'J8': np.float32(-0.18181819)}, {'J8': 1}, {'J8': 1}, 
25.0, {'J8': np.float32(-0.18181819)}, {'J8': 1}, {'J8': 1}, 
30.0, {'J8': np.float32(-0.18181819)}, {'J8': 1}, {'J8': 1}, 
35.0, {'J8': np.float32(-0.18181819)}, {'J8': 1}, {'J8': 1}, 
40.0, {'J8': np.float32(-0.3090909)}, {'J8': 2}, {'J8': 3}, 
45.0, {'J8': np.float32(-0.54545456)}, {'J8': 2}, {'J8': 3}, 
50.0, {'J8': np.float32(-0.59090906)}, {'J8': 3}, {'J8': 4}, 
55.0, {'J8': np.float32(-0.8090909)}, {'J8': 4}, {'J8': 5}, 
60.0, {'J8': np.float32(-1.0272727)}, {'J8': 4}, {'J8': 7}, 
65.0, {'J8': np.float32(-1.3545455)}, {'J8': 4}, {'J8': 8}, 
70.0, {'J8': np.float32(-1.4545455)}, {'J8': 4}, {'J8': 8}, 
75.0, {'J8': np.float32(-1.4545455)}, {'J8': 4}, {'J8': 8}, 
80.0, {'J8': np.float32(-1.4545455)}, {'J8': 4}, {'J8': 8}, 
85.0, {'J8': np.float32(-1.4545455)}, {'J8': 4}, {'J8': 8}, 
90.0, {'J8': np.float32(2.290909)}, {'J8': 4}, {'J8': 7}, 
95.0, {'J8': np.float32(2.1454546)}, {'J8': 4}, {'J8': 4}, 
100.0, {'J8': np.float32(-0.8)}, {'J8': 4}, {'J8': 5}, 
105.0, {'J8': np.float32(-1.1181818)}, {'J8': 5}, {'J8': 8}, 
110.0, {'J8': np.float32(-1.0272727)}, {'J8': 5}, {'J8': 8}, 
115.0, {'J8': np.float32(-0.6454545)}, {'J8': 5}, {'J8': 8}, 
120.0, {'J8': np.float32(-1.5636364)}, {'J8': 5}, {'J8': 10}, 
125.0, {'J8': np.float32(-1.3272728)}, {'J8': 5}, {'J8': 10}, 
130.0, {'J8': np.float32(-0.8090909)}, {'J8': 5}, {'J8': 8}, 
135.0, {'J8': np.float32(-1.1)}, {'J8': 5}, {'J8': 9}, 
140.0, {'J8': np.float32(-1.5090909)}, {'J8': 5}, {'J8': 9}, 
145.0, {'J8': np.float32(-1.6363636)}, {'J8': 5}, {'J8': 9}, 
150.0, {'J8': np.float32(-1.6363636)}, {'J8': 5}, {'J8': 9}, 
155.0, {'J8': np.float32(-1.6363636)}, {'J8': 5}, {'J8': 9}, 
160.0, {'J8': np.float32(-1.6363636)}, {'J8': 5}, {'J8': 9}, 
165.0, {'J8': np.float32(-1.6363636)}, {'J8': 5}, {'J8': 9}, 
170.0, {'J8': np.float32(-1.6363636)}, {'J8': 5}, {'J8': 9}, 
175.0, {'J8': np.float32(-1.6363636)}, {'J8': 5}, {'J8': 9}, 
180.0, {'J8': np.float32(-1.6363636)}, {'J8': 5}, {'J8': 9}, 
185.0, {'J8': np.float32(-1.6363636)}, {'J8': 5}, {'J8': 9}, 
190.0, {'J8': np.float32(1.0909091)}, {'J8': 5}, {'J8': 9}, 
195.0, {'J8': np.float32(4.0)}, {'J8': 5}, {'J8': 5}, 
200.0, {'J8': np.float32(-1.0090909)}, {'J8': 5}, {'J8': 7}, 
205.0, {'J8': np.float32(-1.2818182)}, {'J8': 5}, {'J8': 8}, 
210.0, {'J8': np.float32(-1.4727273)}, {'J8': 5}, {'J8': 9}, 
215.0, {'J8': np.float32(-1.6363636)}, {'J8': 5}, {'J8': 9}, 
220.0, {'J8': np.float32(-1.709091)}, {'J8': 6}, {'J8': 11}, 
225.0, {'J8': np.float32(-2.0)}, {'J8': 6}, {'J8': 11}, 
230.0, {'J8': np.float32(-2.090909)}, {'J8': 7}, {'J8': 12}, 
235.0, {'J8': np.float32(-0.8818182)}, {'J8': 7}, {'J8': 13}, 
240.0, {'J8': np.float32(1.5)}, {'J8': 5}, {'J8': 10}, 
245.0, {'J8': np.float32(0.07272727)}, {'J8': 5}, {'J8': 8}, 
250.0, {'J8': np.float32(-0.1)}, {'J8': 5}, {'J8': 7}, 
255.0, {'J8': np.float32(-1.3454546)}, {'J8': 5}, {'J8': 8}, 
260.0, {'J8': np.float32(-1.5090909)}, {'J8': 5}, {'J8': 9}, 
265.0, {'J8': np.float32(-1.6363636)}, {'J8': 5}, {'J8': 9}, 
270.0, {'J8': np.float32(-1.6363636)}, {'J8': 5}, {'J8': 9}, 
275.0, {'J8': np.float32(-1.6363636)}, {'J8': 5}, {'J8': 9}, 
280.0, {'J8': np.float32(-1.6363636)}, {'J8': 5}, {'J8': 9}, 
285.0, {'J8': np.float32(-1.6363636)}, {'J8': 5}, {'J8': 9}, 
290.0, {'J8': np.float32(-1.6363636)}, {'J8': 5}, {'J8': 9}, 
295.0, {'J8': np.float32(-1.7272727)}, {'J8': 5}, {'J8': 11}, 
300.0, {'J8': np.float32(-2.009091)}, {'J8': 5}, {'J8': 12}, 
305.0, {'J8': np.float32(-2.209091)}, {'J8': 5}, {'J8': 13}, 
310.0, {'J8': np.float32(0.38181818)}, {'J8': 5}, {'J8': 12}, 
315.0, {'J8': np.float32(4.0)}, {'J8': 6}, {'J8': 11}, 
320.0, {'J8': np.float32(-2.0454545)}, {'J8': 7}, {'J8': 12}, 
325.0, {'J8': np.float32(-2.1818182)}, {'J8': 7}, {'J8': 12}, 
330.0, {'J8': np.float32(-2.2545455)}, {'J8': 8}, {'J8': 13}, 
335.0, {'J8': np.float32(-2.3636363)}, {'J8': 8}, {'J8': 13}, 
340.0, {'J8': np.float32(-2.3636363)}, {'J8': 8}, {'J8': 13}, 
345.0, {'J8': np.float32(-2.3636363)}, {'J8': 8}, {'J8': 13}, 
350.0, {'J8': np.float32(-2.3636363)}, {'J8': 8}, {'J8': 13}, 
355.0, {'J8': np.float32(-2.3636363)}, {'J8': 8}, {'J8': 13}, 
360.0, {'J8': np.float32(-2.3636363)}, {'J8': 8}, {'J8': 13}, 
365.0, {'J8': np.float32(-2.3636363)}, {'J8': 8}, {'J8': 13}, 
370.0, {'J8': np.float32(0.44545454)}, {'J8': 7}, {'J8': 12}, 
375.0, {'J8': np.float32(0.73636365)}, {'J8': 6}, {'J8': 11}, 
380.0, {'J8': np.float32(-2.0)}, {'J8': 6}, {'J8': 11}, 
385.0, {'J8': np.float32(-2.0)}, {'J8': 6}, {'J8': 11}, 
390.0, {'J8': np.float32(4.0)}, {'J8': 5}, {'J8': 10}, 
395.0, {'J8': np.float32(-1.8181819)}, {'J8': 5}, {'J8': 10}, 
400.0, {'J8': np.float32(-1.8181819)}, {'J8': 5}, {'J8': 10}, 
405.0, {'J8': np.float32(-1.8727273)}, {'J8': 6}, {'J8': 11}, 
410.0, {'J8': np.float32(-2.1545455)}, {'J8': 7}, {'J8': 14}, 
415.0, {'J8': np.float32(-2.5454545)}, {'J8': 7}, {'J8': 14}, 
420.0, {'J8': np.float32(-2.590909)}, {'J8': 7}, {'J8': 15}, 
425.0, {'J8': np.float32(1.2545455)}, {'J8': 6}, {'J8': 15}, 
430.0, {'J8': np.float32(1.4909091)}, {'J8': 5}, {'J8': 14}, 
435.0, {'J8': np.float32(4.0)}, {'J8': 5}, {'J8': 11}, 
440.0, {'J8': np.float32(-2.0363636)}, {'J8': 5}, {'J8': 12}, 
445.0, {'J8': np.float32(-2.2181818)}, {'J8': 5}, {'J8': 13}, 
450.0, {'J8': np.float32(-1.9636364)}, {'J8': 5}, {'J8': 12}, 
455.0, {'J8': np.float32(2.5363636)}, {'J8': 5}, {'J8': 9}, 
460.0, {'J8': np.float32(0.26363635)}, {'J8': 5}, {'J8': 9}, 
465.0, {'J8': np.float32(3.5545454)}, {'J8': 5}, {'J8': 8}, 
470.0, {'J8': np.float32(-1.5090909)}, {'J8': 5}, {'J8': 9}, 
475.0, {'J8': np.float32(-1.2727273)}, {'J8': 5}, {'J8': 9}, 
480.0, {'J8': np.float32(-1.709091)}, {'J8': 5}, {'J8': 10}, 
485.0, {'J8': np.float32(-2.2727273)}, {'J8': 7}, {'J8': 12}, 
490.0, {'J8': np.float32(-2.2181818)}, {'J8': 8}, {'J8': 13}, 
495.0, {'J8': np.float32(-1.6272727)}, {'J8': 7}, {'J8': 12}, 
500.0, {'J8': np.float32(-2.2545455)}, {'J8': 7}, {'J8': 14}, 
505.0, {'J8': np.float32(-2.8454545)}, {'J8': 8}, {'J8': 13}, 
510.0, {'J8': np.float32(-1.4454546)}, {'J8': 7}, {'J8': 12}, 
515.0, {'J8': np.float32(-0.17272727)}, {'J8': 6}, {'J8': 11}, 
520.0, {'J8': np.float32(1.9090909)}, {'J8': 5}, {'J8': 9}, 
525.0, {'J8': np.float32(1.8)}, {'J8': 5}, {'J8': 9}, 
530.0, {'J8': np.float32(-1.7272727)}, {'J8': 5}, {'J8': 11}, 
535.0, {'J8': np.float32(1.5727273)}, {'J8': 5}, {'J8': 9}, 
540.0, {'J8': np.float32(-1.6363636)}, {'J8': 5}, {'J8': 9}, 
545.0, {'J8': np.float32(-1.6363636)}, {'J8': 5}, {'J8': 9}, 
550.0, {'J8': np.float32(-1.6363636)}, {'J8': 5}, {'J8': 9}, 
555.0, {'J8': np.float32(-1.6363636)}, {'J8': 5}, {'J8': 9}, 
560.0, {'J8': np.float32(-1.6363636)}, {'J8': 5}, {'J8': 9}, 
565.0, {'J8': np.float32(-1.6363636)}, {'J8': 5}, {'J8': 9}, 
570.0, {'J8': np.float32(-1.6363636)}, {'J8': 5}, {'J8': 9}, 
575.0, {'J8': np.float32(-1.6363636)}, {'J8': 5}, {'J8': 9}, 
580.0, {'J8': np.float32(-1.6363636)}, {'J8': 5}, {'J8': 9}, 
585.0, {'J8': np.float32(-1.6363636)}, {'J8': 5}, {'J8': 9}, 
590.0, {'J8': np.float32(-1.6363636)}, {'J8': 5}, {'J8': 9}, 
595.0, {'J8': np.float32(-1.7363636)}, {'J8': 5}, {'J8': 11}, 
600.0, {'J8': np.float32(-2.0)}, {'J8': 5}, {'J8': 11}, 
605.0, {'J8': np.float32(-2.0545454)}, {'J8': 5}, {'J8': 12}, 
610.0, {'J8': np.float32(-2.4272728)}, {'J8': 5}, {'J8': 14}, 
615.0, {'J8': np.float32(-2.6)}, {'J8': 6}, {'J8': 15}, 
620.0, {'J8': np.float32(-2.1727273)}, {'J8': 6}, {'J8': 15}, 
625.0, {'J8': np.float32(0.9818182)}, {'J8': 6}, {'J8': 14}, 
630.0, {'J8': np.float32(4.0)}, {'J8': 8}, {'J8': 13}, 
635.0, {'J8': np.float32(-2.3818183)}, {'J8': 8}, {'J8': 14}, 
640.0, {'J8': np.float32(-1.3818182)}, {'J8': 7}, {'J8': 12}, 
645.0, {'J8': np.float32(-2.1818182)}, {'J8': 7}, {'J8': 12}, 
650.0, {'J8': np.float32(-3.1454546)}, {'J8': 8}, {'J8': 13}, 
655.0, {'J8': np.float32(-2.3636363)}, {'J8': 8}, {'J8': 13}, 
660.0, {'J8': np.float32(-1.0363636)}, {'J8': 7}, {'J8': 12}, 
665.0, {'J8': np.float32(-2.1818182)}, {'J8': 7}, {'J8': 12}, 
670.0, {'J8': np.float32(-3.509091)}, {'J8': 8}, {'J8': 13}, 
675.0, {'J8': np.float32(-2.3636363)}, {'J8': 8}, {'J8': 13}, 
680.0, {'J8': np.float32(-0.6727273)}, {'J8': 7}, {'J8': 12}, 
685.0, {'J8': np.float32(-2.1818182)}, {'J8': 7}, {'J8': 12}, 
690.0, {'J8': np.float32(-3.8727272)}, {'J8': 8}, {'J8': 13}, 
695.0, {'J8': np.float32(3.2363636)}, {'J8': 6}, {'J8': 11}, 
700.0, {'J8': np.float32(1.8272728)}, {'J8': 5}, {'J8': 10}, 
705.0, {'J8': np.float32(-1.8181819)}, {'J8': 5}, {'J8': 10}, 
710.0, {'J8': np.float32(-1.8363637)}, {'J8': 6}, {'J8': 11}, 
715.0, {'J8': np.float32(-2.0454545)}, {'J8': 7}, {'J8': 12}, 
720.0, {'J8': np.float32(2.0545454)}, {'J8': 6}, {'J8': 11}, 
725.0, {'J8': np.float32(2.1636364)}, {'J8': 6}, {'J8': 11}, 
730.0, {'J8': np.float32(-1.790909)}, {'J8': 5}, {'J8': 10}, 
735.0, {'J8': np.float32(-0.92727274)}, {'J8': 5}, {'J8': 10}, 
740.0, {'J8': np.float32(-1.8181819)}, {'J8': 5}, {'J8': 10}, 
745.0, {'J8': np.float32(-1.8636364)}, {'J8': 6}, {'J8': 11}, 
750.0, {'J8': np.float32(-2.0727272)}, {'J8': 7}, {'J8': 12}, 
755.0, {'J8': np.float32(-2.2636364)}, {'J8': 8}, {'J8': 13}, 
760.0, {'J8': np.float32(-2.5363636)}, {'J8': 9}, {'J8': 16}, 
765.0, {'J8': np.float32(2.5)}, {'J8': 8}, {'J8': 17}, 
770.0, {'J8': np.float32(-1.7818182)}, {'J8': 7}, {'J8': 16}, 
775.0, {'J8': np.float32(2.7727273)}, {'J8': 6}, {'J8': 15}, 
780.0, {'J8': np.float32(4.0)}, {'J8': 5}, {'J8': 11}, 
785.0, {'J8': np.float32(0.5181818)}, {'J8': 5}, {'J8': 9}, 
790.0, {'J8': np.float32(-1.6363636)}, {'J8': 5}, {'J8': 9}, 
795.0, {'J8': np.float32(-1.6363636)}, {'J8': 5}, {'J8': 9}, 
800.0, {'J8': np.float32(-1.6363636)}, {'J8': 5}, {'J8': 9}, 
805.0, {'J8': np.float32(-1.6363636)}, {'J8': 5}, {'J8': 9}, 
810.0, {'J8': np.float32(0.25454545)}, {'J8': 5}, {'J8': 9}, 
815.0, {'J8': np.float32(4.0)}, {'J8': 5}, {'J8': 6}, 
820.0, {'J8': np.float32(-1.2181818)}, {'J8': 5}, {'J8': 8}, 
825.0, {'J8': np.float32(-1.7454545)}, {'J8': 5}, {'J8': 10}, 
830.0, {'J8': np.float32(-1.8181819)}, {'J8': 5}, {'J8': 10}, 
835.0, {'J8': np.float32(-1.9090909)}, {'J8': 6}, {'J8': 11}, 
840.0, {'J8': np.float32(-2.081818)}, {'J8': 7}, {'J8': 12}, 
845.0, {'J8': np.float32(-2.209091)}, {'J8': 8}, {'J8': 13}, 
850.0, {'J8': np.float32(-2.1545455)}, {'J8': 7}, {'J8': 12}, 
855.0, {'J8': np.float32(-2.2)}, {'J8': 8}, {'J8': 13}, 
860.0, {'J8': np.float32(-2.3636363)}, {'J8': 8}, {'J8': 13}, 
865.0, {'J8': np.float32(-2.3636363)}, {'J8': 8}, {'J8': 13}, 
870.0, {'J8': np.float32(-2.3636363)}, {'J8': 8}, {'J8': 13}, 
875.0, {'J8': np.float32(-2.3636363)}, {'J8': 8}, {'J8': 13}, 
880.0, {'J8': np.float32(-2.3636363)}, {'J8': 8}, {'J8': 13}, 
885.0, {'J8': np.float32(0.3272727)}, {'J8': 7}, {'J8': 13}, 
890.0, {'J8': np.float32(4.0)}, {'J8': 5}, {'J8': 10}, 
895.0, {'J8': np.float32(3.081818)}, {'J8': 5}, {'J8': 8}, 
900.0, {'J8': np.float32(2.4636364)}, {'J8': 5}, {'J8': 6}, 
905.0, {'J8': np.float32(-1.1454545)}, {'J8': 5}, {'J8': 8}, 
910.0, {'J8': np.float32(-1.5272727)}, {'J8': 5}, {'J8': 9}, 
915.0, {'J8': np.float32(-1.6363636)}, {'J8': 5}, {'J8': 9}, 
920.0, {'J8': np.float32(-1.6363636)}, {'J8': 5}, {'J8': 9}, 
925.0, {'J8': np.float32(-1.6363636)}, {'J8': 5}, {'J8': 9}, 
930.0, {'J8': np.float32(-1.6363636)}, {'J8': 5}, {'J8': 9}, 
935.0, {'J8': np.float32(1.3727273)}, {'J8': 5}, {'J8': 7}, 
940.0, {'J8': np.float32(1.1727272)}, {'J8': 5}, {'J8': 5}, 
945.0, {'J8': np.float32(-1.0181818)}, {'J8': 5}, {'J8': 7}, 
950.0, {'J8': np.float32(-1.2727273)}, {'J8': 5}, {'J8': 7}, 
955.0, {'J8': np.float32(-1.3090909)}, {'J8': 5}, {'J8': 8}, 
960.0, {'J8': np.float32(-1.5545454)}, {'J8': 5}, {'J8': 10}, 
965.0, {'J8': np.float32(-1.0)}, {'J8': 5}, {'J8': 9}, 
970.0, {'J8': np.float32(0.3272727)}, {'J8': 5}, {'J8': 6}, 
975.0, {'J8': np.float32(-0.6454545)}, {'J8': 5}, {'J8': 7}, 
980.0, {'J8': np.float32(-1.3636364)}, {'J8': 5}, {'J8': 8}, 
985.0, {'J8': np.float32(-1.0181818)}, {'J8': 5}, {'J8': 7}, 
990.0, {'J8': np.float32(-0.26363635)}, {'J8': 5}, {'J8': 6}, 
995.0, {'J8': np.float32(-1.1454545)}, {'J8': 5}, {'J8': 8}, 
1000.0, {'J8': np.float32(-1.4636364)}, {'J8': 5}, {'J8': 9}, 
1005.0, {'J8': np.float32(-1.6454545)}, {'J8': 5}, {'J8': 10}, 
1010.0, {'J8': np.float32(-1.8181819)}, {'J8': 5}, {'J8': 10}, 
1015.0, {'J8': np.float32(-1.9090909)}, {'J8': 6}, {'J8': 11}, 
1020.0, {'J8': np.float32(-2.090909)}, {'J8': 7}, {'J8': 12}, 
1025.0, {'J8': np.float32(-2.209091)}, {'J8': 8}, {'J8': 13}, 
1030.0, {'J8': np.float32(-2.3636363)}, {'J8': 8}, {'J8': 13}, 
1035.0, {'J8': np.float32(-2.3636363)}, {'J8': 8}, {'J8': 13}, 
1040.0, {'J8': np.float32(-2.3636363)}, {'J8': 8}, {'J8': 13}, 
1045.0, {'J8': np.float32(1.5272727)}, {'J8': 6}, {'J8': 11}, 
1050.0, {'J8': np.float32(1.8272728)}, {'J8': 5}, {'J8': 10}, 
1055.0, {'J8': np.float32(0.009090909)}, {'J8': 5}, {'J8': 9}, 
1060.0, {'J8': np.float32(-1.709091)}, {'J8': 5}, {'J8': 10}, 
1065.0, {'J8': np.float32(-1.9545455)}, {'J8': 5}, {'J8': 13}, 
1070.0, {'J8': np.float32(-0.35454544)}, {'J8': 5}, {'J8': 14}, 
1075.0, {'J8': np.float32(0.45454547)}, {'J8': 5}, {'J8': 13}, 
1080.0, {'J8': np.float32(-1.6181818)}, {'J8': 5}, {'J8': 12}, 
1085.0, {'J8': np.float32(-2.290909)}, {'J8': 6}, {'J8': 14}, 
1090.0, {'J8': np.float32(-2.6363637)}, {'J8': 6}, {'J8': 15}, 
1095.0, {'J8': np.float32(-2.8090909)}, {'J8': 7}, {'J8': 16}, 
1100.0, {'J8': np.float32(-2.909091)}, {'J8': 7}, {'J8': 16}, 
1105.0, {'J8': np.float32(-2.909091)}, {'J8': 7}, {'J8': 16}, 
1110.0, {'J8': np.float32(-1.0181818)}, {'J8': 7}, {'J8': 15}, 
1115.0, {'J8': np.float32(1.0727273)}, {'J8': 7}, {'J8': 12}, 
1120.0, {'J8': np.float32(-2.1818182)}, {'J8': 7}, {'J8': 12}, 
1125.0, {'J8': np.float32(-2.1818182)}, {'J8': 7}, {'J8': 12}, 
1130.0, {'J8': np.float32(-2.1818182)}, {'J8': 7}, {'J8': 12}, 
1135.0, {'J8': np.float32(-2.1818182)}, {'J8': 7}, {'J8': 12}, 
1140.0, {'J8': np.float32(2.0272727)}, {'J8': 6}, {'J8': 11}, 
1145.0, {'J8': np.float32(0.9818182)}, {'J8': 5}, {'J8': 10}, 
1150.0, {'J8': np.float32(0.26363635)}, {'J8': 5}, {'J8': 9}, 
1155.0, {'J8': np.float32(-1.7454545)}, {'J8': 6}, {'J8': 11}, 
1160.0, {'J8': np.float32(0.95454544)}, {'J8': 5}, {'J8': 10}, 
1165.0, {'J8': np.float32(4.0)}, {'J8': 5}, {'J8': 7}, 
1170.0, {'J8': np.float32(-0.6545454)}, {'J8': 5}, {'J8': 6}, 
1175.0, {'J8': np.float32(-1.1636363)}, {'J8': 5}, {'J8': 8}, 
1180.0, {'J8': np.float32(-1.4818182)}, {'J8': 5}, {'J8': 9}, 
1185.0, {'J8': np.float32(-1.8363637)}, {'J8': 6}, {'J8': 11}, 
1190.0, {'J8': np.float32(-2.0545454)}, {'J8': 7}, {'J8': 12}, 
1195.0, {'J8': np.float32(-1.6818181)}, {'J8': 7}, {'J8': 12}, 
1200.0, {'J8': np.float32(-2.1818182)}, {'J8': 7}, {'J8': 12}, 
1205.0, {'J8': np.float32(-2.7)}, {'J8': 8}, {'J8': 13}, 
1210.0, {'J8': np.float32(-2.3636363)}, {'J8': 8}, {'J8': 13}, 
1215.0, {'J8': np.float32(-1.5909091)}, {'J8': 7}, {'J8': 14}, 
1220.0, {'J8': np.float32(-2.6727273)}, {'J8': 7}, {'J8': 16}, 
1225.0, {'J8': np.float32(-0.3272727)}, {'J8': 6}, {'J8': 15}, 
1230.0, {'J8': np.float32(1.3454546)}, {'J8': 5}, {'J8': 13}, 
1235.0, {'J8': np.float32(0.43636364)}, {'J8': 5}, {'J8': 12}, 
1240.0, {'J8': np.float32(1.9545455)}, {'J8': 5}, {'J8': 9}, 
1245.0, {'J8': np.float32(-1.7181818)}, {'J8': 5}, {'J8': 10}, 
1250.0, {'J8': np.float32(-1.8454546)}, {'J8': 6}, {'J8': 11}, 
1255.0, {'J8': np.float32(-2.009091)}, {'J8': 7}, {'J8': 12}, 
1260.0, {'J8': np.float32(-2.1818182)}, {'J8': 7}, {'J8': 12}, 
1265.0, {'J8': np.float32(-2.1818182)}, {'J8': 7}, {'J8': 12}, 
1270.0, {'J8': np.float32(-2.1818182)}, {'J8': 7}, {'J8': 12}, 
1275.0, {'J8': np.float32(-2.1818182)}, {'J8': 7}, {'J8': 12}, 
1280.0, {'J8': np.float32(-2.1818182)}, {'J8': 7}, {'J8': 12}, 
1285.0, {'J8': np.float32(-2.1818182)}, {'J8': 7}, {'J8': 12}, 
1290.0, {'J8': np.float32(-0.14545454)}, {'J8': 6}, {'J8': 11}, 
1295.0, {'J8': np.float32(0.036363635)}, {'J8': 5}, {'J8': 10}, 
1300.0, {'J8': np.float32(0.2090909)}, {'J8': 5}, {'J8': 10}, 
1305.0, {'J8': np.float32(4.0)}, {'J8': 5}, {'J8': 8}, 
1310.0, {'J8': np.float32(-1.5454545)}, {'J8': 5}, {'J8': 9}, 
1315.0, {'J8': np.float32(-1.6363636)}, {'J8': 5}, {'J8': 9}, 
1320.0, {'J8': np.float32(-1.6363636)}, {'J8': 5}, {'J8': 9}, 
1325.0, {'J8': np.float32(-1.6363636)}, {'J8': 5}, {'J8': 9}, 
1330.0, {'J8': np.float32(-1.6363636)}, {'J8': 5}, {'J8': 9}, 
1335.0, {'J8': np.float32(-1.6363636)}, {'J8': 5}, {'J8': 9}, 
1340.0, {'J8': np.float32(-1.6363636)}, {'J8': 5}, {'J8': 9}, 
1345.0, {'J8': np.float32(-1.6363636)}, {'J8': 5}, {'J8': 9}, 
1350.0, {'J8': np.float32(1.9636364)}, {'J8': 5}, {'J8': 7}, 
1355.0, {'J8': np.float32(2.3181818)}, {'J8': 5}, {'J8': 6}, 
1360.0, {'J8': np.float32(-1.1181818)}, {'J8': 5}, {'J8': 7}, 
1365.0, {'J8': np.float32(-1.2727273)}, {'J8': 5}, {'J8': 7}, 
1370.0, {'J8': np.float32(-1.3272728)}, {'J8': 5}, {'J8': 9}, 
1375.0, {'J8': np.float32(-1.6636363)}, {'J8': 5}, {'J8': 10}, 
1380.0, {'J8': np.float32(-1.8545455)}, {'J8': 6}, {'J8': 11}, 
1385.0, {'J8': np.float32(-2.009091)}, {'J8': 7}, {'J8': 12}, 
1390.0, {'J8': np.float32(-2.1818182)}, {'J8': 7}, {'J8': 12}, 
1395.0, {'J8': np.float32(-2.2272727)}, {'J8': 8}, {'J8': 13}, 
1400.0, {'J8': np.float32(-2.3636363)}, {'J8': 8}, {'J8': 13}, 
1405.0, {'J8': np.float32(-2.3636363)}, {'J8': 8}, {'J8': 13}, 
1410.0, {'J8': np.float32(-2.3636363)}, {'J8': 8}, {'J8': 13}, 
1415.0, {'J8': np.float32(-0.17272727)}, {'J8': 7}, {'J8': 12}, 
1420.0, {'J8': np.float32(3.7181818)}, {'J8': 5}, {'J8': 9}, 
1425.0, {'J8': np.float32(1.7363636)}, {'J8': 5}, {'J8': 10}, 
1430.0, {'J8': np.float32(1.1454545)}, {'J8': 5}, {'J8': 8}, 
1435.0, {'J8': np.float32(-1.4545455)}, {'J8': 5}, {'J8': 8}, 
1440.0, {'J8': np.float32(-1.5363636)}, {'J8': 5}, {'J8': 9}, 
1445.0, {'J8': np.float32(-1.6363636)}, {'J8': 5}, {'J8': 9}, 
1450.0, {'J8': np.float32(-1.6363636)}, {'J8': 5}, {'J8': 9}, 
1455.0, {'J8': np.float32(-1.6363636)}, {'J8': 5}, {'J8': 9}, 
1460.0, {'J8': np.float32(-1.6363636)}, {'J8': 5}, {'J8': 9}, 
1465.0, {'J8': np.float32(-1.6363636)}, {'J8': 5}, {'J8': 9}, 
1470.0, {'J8': np.float32(-1.6363636)}, {'J8': 5}, {'J8': 9}, 
1475.0, {'J8': np.float32(-1.6363636)}, {'J8': 5}, {'J8': 9}, 
1480.0, {'J8': np.float32(-1.6363636)}, {'J8': 5}, {'J8': 9}, 
1485.0, {'J8': np.float32(-1.6363636)}, {'J8': 5}, {'J8': 9}, 
1490.0, {'J8': np.float32(-1.6363636)}, {'J8': 5}, {'J8': 9}, 
1495.0, {'J8': np.float32(-1.6363636)}, {'J8': 5}, {'J8': 9}, 
1500.0, {'J8': np.float32(1.1636363)}, {'J8': 5}, {'J8': 9}, 
1505.0, {'J8': np.float32(4.0)}, {'J8': 5}, {'J8': 5}, 
1510.0, {'J8': np.float32(-0.94545454)}, {'J8': 5}, {'J8': 6}, 
1515.0, {'J8': np.float32(-1.1909091)}, {'J8': 5}, {'J8': 9}, 
1520.0, {'J8': np.float32(-1.7181818)}, {'J8': 5}, {'J8': 12}, 
1525.0, {'J8': np.float32(-2.2454545)}, {'J8': 5}, {'J8': 13}, 
1530.0, {'J8': np.float32(-2.6181817)}, {'J8': 6}, {'J8': 15}, 
1535.0, {'J8': np.float32(-2.0727272)}, {'J8': 7}, {'J8': 15}, 
1540.0, {'J8': np.float32(-0.09090909)}, {'J8': 7}, {'J8': 12}, 
1545.0, {'J8': np.float32(-0.8909091)}, {'J8': 6}, {'J8': 12}, 
1550.0, {'J8': np.float32(1.5090909)}, {'J8': 5}, {'J8': 11}, 
1555.0, {'J8': np.float32(-2.0727272)}, {'J8': 5}, {'J8': 12}, 
1560.0, {'J8': np.float32(-2.1818182)}, {'J8': 5}, {'J8': 12}, 
1565.0, {'J8': np.float32(-2.3090909)}, {'J8': 5}, {'J8': 14}, 
1570.0, {'J8': np.float32(0.23636363)}, {'J8': 5}, {'J8': 14}, 
1575.0, {'J8': np.float32(-0.8)}, {'J8': 5}, {'J8': 12}, 
1580.0, {'J8': np.float32(-1.2)}, {'J8': 5}, {'J8': 10}, 
1585.0, {'J8': np.float32(-1.2)}, {'J8': 5}, {'J8': 9}, 
1590.0, {'J8': np.float32(-1.6363636)}, {'J8': 5}, {'J8': 9}, 
1595.0, {'J8': np.float32(-1.6363636)}, {'J8': 5}, {'J8': 9}, 
1600.0, {'J8': np.float32(-1.6363636)}, {'J8': 5}, {'J8': 9}, 
1605.0, {'J8': np.float32(0.56363636)}, {'J8': 5}, {'J8': 8}, 
1610.0, {'J8': np.float32(4.0)}, {'J8': 5}, {'J8': 7}, 
1615.0, {'J8': np.float32(-1.2727273)}, {'J8': 5}, {'J8': 7}, 
1620.0, {'J8': np.float32(-1.3)}, {'J8': 5}, {'J8': 8}, 
1625.0, {'J8': np.float32(-1.5636364)}, {'J8': 5}, {'J8': 10}, 
1630.0, {'J8': np.float32(-1.8181819)}, {'J8': 5}, {'J8': 10}, 
1635.0, {'J8': np.float32(-1.9181818)}, {'J8': 7}, {'J8': 12}, 
1640.0, {'J8': np.float32(-2.1818182)}, {'J8': 7}, {'J8': 12}, 
1645.0, {'J8': np.float32(-2.2545455)}, {'J8': 8}, {'J8': 13}, 
1650.0, {'J8': np.float32(-2.3636363)}, {'J8': 8}, {'J8': 13}, 
1655.0, {'J8': np.float32(-2.3636363)}, {'J8': 8}, {'J8': 13}, 
1660.0, {'J8': np.float32(-2.3636363)}, {'J8': 8}, {'J8': 13}, 
1665.0, {'J8': np.float32(-0.3090909)}, {'J8': 7}, {'J8': 12}, 
1670.0, {'J8': np.float32(0.018181818)}, {'J8': 6}, {'J8': 11}, 
1675.0, {'J8': np.float32(0.027272727)}, {'J8': 5}, {'J8': 10}, 
1680.0, {'J8': np.float32(3.990909)}, {'J8': 5}, {'J8': 8}, 
1685.0, {'J8': np.float32(1.8727273)}, {'J8': 5}, {'J8': 7}, 
1690.0, {'J8': np.float32(-1.3636364)}, {'J8': 5}, {'J8': 8}, 
1695.0, {'J8': np.float32(-1.4636364)}, {'J8': 5}, {'J8': 9}, 
1700.0, {'J8': np.float32(-1.6363636)}, {'J8': 5}, {'J8': 9}, 
1705.0, {'J8': np.float32(-1.6363636)}, {'J8': 5}, {'J8': 9}, 
1710.0, {'J8': np.float32(-1.6363636)}, {'J8': 5}, {'J8': 9}, 
1715.0, {'J8': np.float32(-1.6545454)}, {'J8': 5}, {'J8': 10}, 
1720.0, {'J8': np.float32(-1.6181818)}, {'J8': 5}, {'J8': 9}, 
1725.0, {'J8': np.float32(-1.6363636)}, {'J8': 5}, {'J8': 9}, 
1730.0, {'J8': np.float32(-1.6363636)}, {'J8': 5}, {'J8': 9}, 
1735.0, {'J8': np.float32(-1.6363636)}, {'J8': 5}, {'J8': 9}, 
1740.0, {'J8': np.float32(-1.6363636)}, {'J8': 5}, {'J8': 9}, 
1745.0, {'J8': np.float32(-1.6363636)}, {'J8': 5}, {'J8': 9}, 
1750.0, {'J8': np.float32(-1.6363636)}, {'J8': 5}, {'J8': 9}, 
1755.0, {'J8': np.float32(-1.6363636)}, {'J8': 5}, {'J8': 9}, 
1760.0, {'J8': np.float32(4.0)}, {'J8': 5}, {'J8': 7}, 
1765.0, {'J8': np.float32(4.0)}, {'J8': 5}, {'J8': 5}, 
1770.0, {'J8': np.float32(-0.9818182)}, {'J8': 5}, {'J8': 7}, 
1775.0, {'J8': np.float32(-1.2727273)}, {'J8': 5}, {'J8': 7}, 
1780.0, {'J8': np.float32(-1.1363636)}, {'J8': 5}, {'J8': 8}, 
1785.0, {'J8': np.float32(-1.5545454)}, {'J8': 5}, {'J8': 10}, 
1790.0, {'J8': np.float32(-1.6818181)}, {'J8': 5}, {'J8': 10}, 
1795.0, {'J8': np.float32(-1.9090909)}, {'J8': 6}, {'J8': 11}, 
1800.0, {'J8': np.float32(-1.8090909)}, {'J8': 7}, {'J8': 12}, 
1805.0, {'J8': np.float32(-2.1818182)}, {'J8': 7}, {'J8': 12}, 
1810.0, {'J8': np.float32(0.15454546)}, {'J8': 5}, {'J8': 11}, 
1815.0, {'J8': np.float32(0.54545456)}, {'J8': 5}, {'J8': 9}, 
1820.0, {'J8': np.float32(0.6454545)}, {'J8': 5}, {'J8': 7}, 
1825.0, {'J8': np.float32(-0.54545456)}, {'J8': 5}, {'J8': 8}, 
1830.0, {'J8': np.float32(-1.5363636)}, {'J8': 5}, {'J8': 9}, 
1835.0, {'J8': np.float32(-1.1818181)}, {'J8': 5}, {'J8': 8}, 
1840.0, {'J8': np.float32(-1.5181818)}, {'J8': 5}, {'J8': 9}, 
1845.0, {'J8': np.float32(-1.6363636)}, {'J8': 5}, {'J8': 9}, 
1850.0, {'J8': np.float32(-1.6363636)}, {'J8': 5}, {'J8': 9}, 
1855.0, {'J8': np.float32(-1.6363636)}, {'J8': 5}, {'J8': 9}, 
1860.0, {'J8': np.float32(-1.6363636)}, {'J8': 5}, {'J8': 9}, 
1865.0, {'J8': np.float32(-1.6363636)}, {'J8': 5}, {'J8': 9}, 
1870.0, {'J8': np.float32(-1.6363636)}, {'J8': 5}, {'J8': 9}, 
1875.0, {'J8': np.float32(2.4636364)}, {'J8': 5}, {'J8': 8}, 
1880.0, {'J8': np.float32(2.1909091)}, {'J8': 5}, {'J8': 6}, 
1885.0, {'J8': np.float32(-1.1636363)}, {'J8': 5}, {'J8': 7}, 
1890.0, {'J8': np.float32(-1.4727273)}, {'J8': 5}, {'J8': 9}, 
1895.0, {'J8': np.float32(-1.6363636)}, {'J8': 5}, {'J8': 9}, 
1900.0, {'J8': np.float32(-1.6636363)}, {'J8': 5}, {'J8': 10}, 
1905.0, {'J8': np.float32(-1.9)}, {'J8': 6}, {'J8': 11}, 
1910.0, {'J8': np.float32(-2.090909)}, {'J8': 7}, {'J8': 12}, 
1915.0, {'J8': np.float32(-2.209091)}, {'J8': 8}, {'J8': 13}, 
1920.0, {'J8': np.float32(-0.23636363)}, {'J8': 6}, {'J8': 11}, 
1925.0, {'J8': np.float32(2.2727273)}, {'J8': 5}, {'J8': 8}, 
1930.0, {'J8': np.float32(0.55454546)}, {'J8': 5}, {'J8': 8}, 
1935.0, {'J8': np.float32(-0.7)}, {'J8': 5}, {'J8': 7}, 
1940.0, {'J8': np.float32(-1.2727273)}, {'J8': 5}, {'J8': 7}, 
1945.0, {'J8': np.float32(-1.4090909)}, {'J8': 5}, {'J8': 9}, 
1950.0, {'J8': np.float32(-1.6363636)}, {'J8': 5}, {'J8': 9}, 
1955.0, {'J8': np.float32(-0.6545454)}, {'J8': 5}, {'J8': 8}, 
1960.0, {'J8': np.float32(0.8727273)}, {'J8': 5}, {'J8': 6}, 
1965.0, {'J8': np.float32(-1.1636363)}, {'J8': 5}, {'J8': 7}, 
1970.0, {'J8': np.float32(-1.4181818)}, {'J8': 5}, {'J8': 9}, 
1975.0, {'J8': np.float32(-1.7272727)}, {'J8': 5}, {'J8': 10}, 
1980.0, {'J8': np.float32(-1.8363637)}, {'J8': 6}, {'J8': 11}, 
1985.0, {'J8': np.float32(-2.0727272)}, {'J8': 7}, {'J8': 12}, 
1990.0, {'J8': np.float32(-2.2)}, {'J8': 8}, {'J8': 13}, 
1995.0, {'J8': np.float32(-2.3636363)}, {'J8': 8}, {'J8': 13}, 
2000.0, {'J8': np.float32(-2.3636363)}, {'J8': 8}, {'J8': 13}, 
2005.0, {'J8': np.float32(-2.3636363)}, {'J8': 8}, {'J8': 13}, 
2010.0, {'J8': np.float32(-2.3636363)}, {'J8': 8}, {'J8': 13}, 
2015.0, {'J8': np.float32(-2.3636363)}, {'J8': 8}, {'J8': 13}, 
2020.0, {'J8': np.float32(-0.2)}, {'J8': 7}, {'J8': 13}, 
2025.0, {'J8': np.float32(3.9727273)}, {'J8': 5}, {'J8': 11}, 
2030.0, {'J8': np.float32(0.73636365)}, {'J8': 5}, {'J8': 8}, 
2035.0, {'J8': np.float32(-1.4545455)}, {'J8': 5}, {'J8': 8}, 
2040.0, {'J8': np.float32(-1.5)}, {'J8': 5}, {'J8': 9}, 
2045.0, {'J8': np.float32(-1.7727273)}, {'J8': 6}, {'J8': 11}, 
2050.0, {'J8': np.float32(-2.0545454)}, {'J8': 7}, {'J8': 12}, 
2055.0, {'J8': np.float32(0.56363636)}, {'J8': 6}, {'J8': 11}, 
2060.0, {'J8': np.float32(4.0)}, {'J8': 5}, {'J8': 9}, 
2065.0, {'J8': np.float32(-0.8636364)}, {'J8': 5}, {'J8': 9}, 
2070.0, {'J8': np.float32(0.1)}, {'J8': 5}, {'J8': 7}, 
2075.0, {'J8': np.float32(-1.2727273)}, {'J8': 5}, {'J8': 7}, 
2080.0, {'J8': np.float32(-1.4)}, {'J8': 5}, {'J8': 9}, 
2085.0, {'J8': np.float32(-1.6363636)}, {'J8': 5}, {'J8': 9}, 
2090.0, {'J8': np.float32(-1.6363636)}, {'J8': 5}, {'J8': 9}, 
2095.0, {'J8': np.float32(-1.6363636)}, {'J8': 5}, {'J8': 9}, 
2100.0, {'J8': np.float32(-1.6363636)}, {'J8': 5}, {'J8': 9}, 
2105.0, {'J8': np.float32(0.018181818)}, {'J8': 5}, {'J8': 9}, 
2110.0, {'J8': np.float32(2.3545454)}, {'J8': 5}, {'J8': 6}, 
2115.0, {'J8': np.float32(-1.1181818)}, {'J8': 5}, {'J8': 7}, 
2120.0, {'J8': np.float32(-1.3454546)}, {'J8': 5}, {'J8': 9}, 
2125.0, {'J8': np.float32(-1.9545455)}, {'J8': 5}, {'J8': 13}, 
2130.0, {'J8': np.float32(-2.4454546)}, {'J8': 5}, {'J8': 14}, 
2135.0, {'J8': np.float32(-2.581818)}, {'J8': 6}, {'J8': 15}, 
2140.0, {'J8': np.float32(-2.7727273)}, {'J8': 7}, {'J8': 16}, 
2145.0, {'J8': np.float32(-2.909091)}, {'J8': 7}, {'J8': 16}, 
2150.0, {'J8': np.float32(-2.9818182)}, {'J8': 8}, {'J8': 17}, 
2155.0, {'J8': np.float32(-3.090909)}, {'J8': 8}, {'J8': 17}, 
2160.0, {'J8': np.float32(-3.090909)}, {'J8': 8}, {'J8': 17}, 
2165.0, {'J8': np.float32(-0.9)}, {'J8': 7}, {'J8': 16}, 
2170.0, {'J8': np.float32(-0.8818182)}, {'J8': 6}, {'J8': 15}, 
2175.0, {'J8': np.float32(-2.7272727)}, {'J8': 6}, {'J8': 15}, 
2180.0, {'J8': np.float32(-0.5181818)}, {'J8': 6}, {'J8': 14}, 
2185.0, {'J8': np.float32(1.9818182)}, {'J8': 6}, {'J8': 13}, 
2190.0, {'J8': np.float32(4.0)}, {'J8': 5}, {'J8': 12}, 
2195.0, {'J8': np.float32(2.8272727)}, {'J8': 5}, {'J8': 10}, 
2200.0, {'J8': np.float32(-1.0545454)}, {'J8': 5}, {'J8': 9}, 
2205.0, {'J8': np.float32(-1.6636363)}, {'J8': 5}, {'J8': 10}, 
2210.0, {'J8': np.float32(-1.9090909)}, {'J8': 6}, {'J8': 11}, 
2215.0, {'J8': np.float32(0.6545454)}, {'J8': 6}, {'J8': 12}, 
2220.0, {'J8': np.float32(0.6454545)}, {'J8': 5}, {'J8': 10}, 
2225.0, {'J8': np.float32(-1.8181819)}, {'J8': 5}, {'J8': 10}, 
2230.0, {'J8': np.float32(-1.8181819)}, {'J8': 5}, {'J8': 10}, 
2235.0, {'J8': np.float32(-1.8909091)}, {'J8': 7}, {'J8': 12}, 
2240.0, {'J8': np.float32(-2.1818182)}, {'J8': 7}, {'J8': 12}, 
2245.0, {'J8': np.float32(0.009090909)}, {'J8': 7}, {'J8': 12}, 
2250.0, {'J8': np.float32(2.8545454)}, {'J8': 5}, {'J8': 9}, 
2255.0, {'J8': np.float32(0.6181818)}, {'J8': 5}, {'J8': 9}, 
2260.0, {'J8': np.float32(-0.15454546)}, {'J8': 5}, {'J8': 8}, 
2265.0, {'J8': np.float32(-1.5363636)}, {'J8': 5}, {'J8': 9}, 
2270.0, {'J8': np.float32(-1.6363636)}, {'J8': 5}, {'J8': 9}, 
2275.0, {'J8': np.float32(-1.6363636)}, {'J8': 5}, {'J8': 9}, 
2280.0, {'J8': np.float32(-1.6363636)}, {'J8': 5}, {'J8': 9}, 
2285.0, {'J8': np.float32(-1.6363636)}, {'J8': 5}, {'J8': 9}, 
2290.0, {'J8': np.float32(-1.6363636)}, {'J8': 5}, {'J8': 9}, 
2295.0, {'J8': np.float32(-1.6363636)}, {'J8': 5}, {'J8': 9}, 
2300.0, {'J8': np.float32(-1.6363636)}, {'J8': 5}, {'J8': 9}, 
2305.0, {'J8': np.float32(-1.6363636)}, {'J8': 5}, {'J8': 9}, 
2310.0, {'J8': np.float32(0.42727274)}, {'J8': 5}, {'J8': 8}, 
2315.0, {'J8': np.float32(4.0)}, {'J8': 5}, {'J8': 5}, 
2320.0, {'J8': np.float32(-0.9909091)}, {'J8': 5}, {'J8': 6}, 
2325.0, {'J8': np.float32(-1.1636363)}, {'J8': 5}, {'J8': 9}, 
2330.0, {'J8': np.float32(-1.7)}, {'J8': 5}, {'J8': 12}, 
2335.0, {'J8': np.float32(-2.2454545)}, {'J8': 5}, {'J8': 13}, 
2340.0, {'J8': np.float32(-2.4363637)}, {'J8': 6}, {'J8': 15}, 
2345.0, {'J8': np.float32(-2.7454545)}, {'J8': 7}, {'J8': 16}, 
2350.0, {'J8': np.float32(-2.909091)}, {'J8': 7}, {'J8': 16}, 
2355.0, {'J8': np.float32(-1.8545455)}, {'J8': 8}, {'J8': 16}, 
2360.0, {'J8': np.float32(-0.23636363)}, {'J8': 7}, {'J8': 14}, 
2365.0, {'J8': np.float32(1.6545454)}, {'J8': 5}, {'J8': 13}, 
2370.0, {'J8': np.float32(-0.10909091)}, {'J8': 5}, {'J8': 11}, 
2375.0, {'J8': np.float32(-0.10909091)}, {'J8': 5}, {'J8': 9}, 
2380.0, {'J8': np.float32(-1.6363636)}, {'J8': 5}, {'J8': 9}, 
2385.0, {'J8': np.float32(-1.6363636)}, {'J8': 5}, {'J8': 9}, 
2390.0, {'J8': np.float32(-1.6363636)}, {'J8': 5}, {'J8': 9}, 
2395.0, {'J8': np.float32(-1.6363636)}, {'J8': 5}, {'J8': 9}, 
2400.0, {'J8': np.float32(-1.6363636)}, {'J8': 5}, {'J8': 9}, 
2405.0, {'J8': np.float32(-1.6363636)}, {'J8': 5}, {'J8': 9}, 
2410.0, {'J8': np.float32(-1.6363636)}, {'J8': 5}, {'J8': 9}, 
2415.0, {'J8': np.float32(-1.6363636)}, {'J8': 5}, {'J8': 9}, 
2420.0, {'J8': np.float32(-1.6363636)}, {'J8': 5}, {'J8': 9}, 
2425.0, {'J8': np.float32(-1.709091)}, {'J8': 5}, {'J8': 10}, 
2430.0, {'J8': np.float32(-1.5636364)}, {'J8': 5}, {'J8': 9}, 
2435.0, {'J8': np.float32(-1.6363636)}, {'J8': 5}, {'J8': 9}, 
2440.0, {'J8': np.float32(-1.6363636)}, {'J8': 5}, {'J8': 9}, 
2445.0, {'J8': np.float32(-1.6363636)}, {'J8': 5}, {'J8': 9}, 
2450.0, {'J8': np.float32(-1.6363636)}, {'J8': 5}, {'J8': 9}, 
2455.0, {'J8': np.float32(2.918182)}, {'J8': 5}, {'J8': 8}, 
2460.0, {'J8': np.float32(4.0)}, {'J8': 5}, {'J8': 5}, 
2465.0, {'J8': np.float32(-1.0272727)}, {'J8': 5}, {'J8': 8}, 
2470.0, {'J8': np.float32(-1.6)}, {'J8': 5}, {'J8': 11}, 
2475.0, {'J8': np.float32(-1.4454546)}, {'J8': 5}, {'J8': 10}, 
2480.0, {'J8': np.float32(-2.2)}, {'J8': 5}, {'J8': 13}, 
2485.0, {'J8': np.float32(-2.081818)}, {'J8': 6}, {'J8': 14}, 
2490.0, {'J8': np.float32(-0.48181817)}, {'J8': 7}, {'J8': 12}, 
2495.0, {'J8': np.float32(-1.0272727)}, {'J8': 6}, {'J8': 12}, 
2500.0, {'J8': np.float32(0.4909091)}, {'J8': 5}, {'J8': 11}, 
2505.0, {'J8': np.float32(-0.3)}, {'J8': 5}, {'J8': 10}, 
2510.0, {'J8': np.float32(-1.0)}, {'J8': 5}, {'J8': 9}, 
2515.0, {'J8': np.float32(-1.6363636)}, {'J8': 5}, {'J8': 9}, 
2520.0, {'J8': np.float32(-1.6363636)}, {'J8': 5}, {'J8': 9}, 
2525.0, {'J8': np.float32(-1.6363636)}, {'J8': 5}, {'J8': 9}, 
2530.0, {'J8': np.float32(-1.6363636)}, {'J8': 5}, {'J8': 9}, 
2535.0, {'J8': np.float32(-1.6363636)}, {'J8': 5}, {'J8': 9}, 
2540.0, {'J8': np.float32(-1.6363636)}, {'J8': 5}, {'J8': 9}, 
2545.0, {'J8': np.float32(-1.6363636)}, {'J8': 5}, {'J8': 9}, 
2550.0, {'J8': np.float32(0.37272727)}, {'J8': 5}, {'J8': 8}, 
2555.0, {'J8': np.float32(4.0)}, {'J8': 5}, {'J8': 6}, 
2560.0, {'J8': np.float32(-1.0909091)}, {'J8': 5}, {'J8': 6}, 
2565.0, {'J8': np.float32(-1.1818181)}, {'J8': 5}, {'J8': 7}, 
2570.0, {'J8': np.float32(-1.3272728)}, {'J8': 5}, {'J8': 9}, 
2575.0, {'J8': np.float32(-1.6909091)}, {'J8': 5}, {'J8': 11}, 
2580.0, {'J8': np.float32(-2.1181817)}, {'J8': 6}, {'J8': 14}, 
2585.0, {'J8': np.float32(-2.6545455)}, {'J8': 7}, {'J8': 16}, 
2590.0, {'J8': np.float32(-2.909091)}, {'J8': 7}, {'J8': 16}, 
2595.0, {'J8': np.float32(-2.9636364)}, {'J8': 8}, {'J8': 17}, 
2600.0, {'J8': np.float32(-3.090909)}, {'J8': 8}, {'J8': 17}, 
2605.0, {'J8': np.float32(-3.090909)}, {'J8': 8}, {'J8': 17}, 
2610.0, {'J8': np.float32(-1.0818182)}, {'J8': 7}, {'J8': 16}, 
2615.0, {'J8': np.float32(2.3272727)}, {'J8': 5}, {'J8': 13}, 
2620.0, {'J8': np.float32(0.96363634)}, {'J8': 5}, {'J8': 11}, 
2625.0, {'J8': np.float32(2.909091)}, {'J8': 5}, {'J8': 8}, 
2630.0, {'J8': np.float32(-1.4909091)}, {'J8': 5}, {'J8': 9}, 
2635.0, {'J8': np.float32(-1.8)}, {'J8': 7}, {'J8': 12}, 
2640.0, {'J8': np.float32(-2.1818182)}, {'J8': 7}, {'J8': 12}, 
2645.0, {'J8': np.float32(0.15454546)}, {'J8': 6}, {'J8': 12}, 
2650.0, {'J8': np.float32(2.9272728)}, {'J8': 5}, {'J8': 11}, 
2655.0, {'J8': np.float32(-0.58181816)}, {'J8': 5}, {'J8': 8}, 
2660.0, {'J8': np.float32(-1.1181818)}, {'J8': 5}, {'J8': 8}, 
2665.0, {'J8': np.float32(0.73636365)}, {'J8': 5}, {'J8': 9}, 
2670.0, {'J8': np.float32(-1.4272727)}, {'J8': 5}, {'J8': 8}, 
2675.0, {'J8': np.float32(-0.8909091)}, {'J8': 5}, {'J8': 8}, 
2680.0, {'J8': np.float32(-0.33636364)}, {'J8': 5}, {'J8': 7}, 
2685.0, {'J8': np.float32(-1.2727273)}, {'J8': 5}, {'J8': 7}, 
2690.0, {'J8': np.float32(-1.2727273)}, {'J8': 5}, {'J8': 7}, 
2695.0, {'J8': np.float32(-1.3727273)}, {'J8': 5}, {'J8': 9}, 
2700.0, {'J8': np.float32(-1.6363636)}, {'J8': 5}, {'J8': 9}, 
2705.0, {'J8': np.float32(-1.6363636)}, {'J8': 5}, {'J8': 9}, 
2710.0, {'J8': np.float32(-1.6363636)}, {'J8': 5}, {'J8': 9}, 
2715.0, {'J8': np.float32(-1.6363636)}, {'J8': 5}, {'J8': 9}, 
2720.0, {'J8': np.float32(-1.6363636)}, {'J8': 5}, {'J8': 9}, 
2725.0, {'J8': np.float32(0.2090909)}, {'J8': 5}, {'J8': 9}, 
2730.0, {'J8': np.float32(0.25454545)}, {'J8': 5}, {'J8': 8}, 
2735.0, {'J8': np.float32(-1.4909091)}, {'J8': 5}, {'J8': 9}, 
2740.0, {'J8': np.float32(-0.054545455)}, {'J8': 5}, {'J8': 10}, 
2745.0, {'J8': np.float32(0.43636364)}, {'J8': 5}, {'J8': 8}, 
2750.0, {'J8': np.float32(-1.7181818)}, {'J8': 6}, {'J8': 12}, 
2755.0, {'J8': np.float32(-2.2636364)}, {'J8': 6}, {'J8': 14}, 
2760.0, {'J8': np.float32(-0.6090909)}, {'J8': 5}, {'J8': 14}, 
2765.0, {'J8': np.float32(-0.8727273)}, {'J8': 5}, {'J8': 12}, 
2770.0, {'J8': np.float32(-0.6545454)}, {'J8': 5}, {'J8': 10}, 
2775.0, {'J8': np.float32(0.3272727)}, {'J8': 5}, {'J8': 8}, 
2780.0, {'J8': np.float32(-1.5454545)}, {'J8': 5}, {'J8': 10}, 
2785.0, {'J8': np.float32(-1.9909091)}, {'J8': 6}, {'J8': 14}, 
2790.0, {'J8': np.float32(-2.6363637)}, {'J8': 7}, {'J8': 16}, 
2795.0, {'J8': np.float32(-2.909091)}, {'J8': 7}, {'J8': 16}, 
2800.0, {'J8': np.float32(-1.1363636)}, {'J8': 7}, {'J8': 16}, 
2805.0, {'J8': np.float32(0.8818182)}, {'J8': 5}, {'J8': 13}, 
2810.0, {'J8': np.float32(-1.3636364)}, {'J8': 5}, {'J8': 12}, 
2815.0, {'J8': np.float32(-0.8818182)}, {'J8': 5}, {'J8': 11}, 
2820.0, {'J8': np.float32(1.7181818)}, {'J8': 5}, {'J8': 9}, 
2825.0, {'J8': np.float32(-1.6818181)}, {'J8': 5}, {'J8': 10}, 
2830.0, {'J8': np.float32(-0.27272728)}, {'J8': 6}, {'J8': 12}, 
2835.0, {'J8': np.float32(-0.3272727)}, {'J8': 5}, {'J8': 10}, 
2840.0, {'J8': np.float32(-1.4909091)}, {'J8': 5}, {'J8': 10}, 
2845.0, {'J8': np.float32(-0.14545454)}, {'J8': 5}, {'J8': 10}, 
2850.0, {'J8': np.float32(-0.47272727)}, {'J8': 5}, {'J8': 8}, 
2855.0, {'J8': np.float32(-1.5272727)}, {'J8': 5}, {'J8': 9}, 
2860.0, {'J8': np.float32(-1.8090909)}, {'J8': 7}, {'J8': 12}, 
2865.0, {'J8': np.float32(-2.2363636)}, {'J8': 7}, {'J8': 13}, 
2870.0, {'J8': np.float32(-2.5181818)}, {'J8': 8}, {'J8': 15}, 
2875.0, {'J8': np.float32(-1.4545455)}, {'J8': 7}, {'J8': 15}, 
2880.0, {'J8': np.float32(3.009091)}, {'J8': 5}, {'J8': 12}, 
2885.0, {'J8': np.float32(-1.6090909)}, {'J8': 5}, {'J8': 12}, 
2890.0, {'J8': np.float32(-2.2272727)}, {'J8': 5}, {'J8': 13}, 
2895.0, {'J8': np.float32(-1.9454546)}, {'J8': 5}, {'J8': 12}, 
2900.0, {'J8': np.float32(1.2181818)}, {'J8': 5}, {'J8': 9}, 
2905.0, {'J8': np.float32(-1.6454545)}, {'J8': 5}, {'J8': 10}, 
2910.0, {'J8': np.float32(-1.8636364)}, {'J8': 5}, {'J8': 11}, 
2915.0, {'J8': np.float32(-1.6272727)}, {'J8': 5}, {'J8': 10}, 
2920.0, {'J8': np.float32(-1.4090909)}, {'J8': 5}, {'J8': 9}, 
2925.0, {'J8': np.float32(-1.6363636)}, {'J8': 5}, {'J8': 9}, 
2930.0, {'J8': np.float32(-1.6363636)}, {'J8': 5}, {'J8': 9}, 
2935.0, {'J8': np.float32(-1.6363636)}, {'J8': 5}, {'J8': 9}, 
2940.0, {'J8': np.float32(-1.6363636)}, {'J8': 5}, {'J8': 9}, 
2945.0, {'J8': np.float32(-1.6363636)}, {'J8': 5}, {'J8': 9}, 
2950.0, {'J8': np.float32(-1.6363636)}, {'J8': 5}, {'J8': 9}, 
2955.0, {'J8': np.float32(-1.6363636)}, {'J8': 5}, {'J8': 9}, 
2960.0, {'J8': np.float32(4.0)}, {'J8': 5}, {'J8': 7}, 
2965.0, {'J8': np.float32(4.0)}, {'J8': 5}, {'J8': 6}, 
2970.0, {'J8': np.float32(-1.1181818)}, {'J8': 5}, {'J8': 7}, 
2975.0, {'J8': np.float32(-1.2727273)}, {'J8': 5}, {'J8': 7}, 
2980.0, {'J8': np.float32(-1.2818182)}, {'J8': 5}, {'J8': 8}, 
2985.0, {'J8': np.float32(-1.5454545)}, {'J8': 5}, {'J8': 10}, 
2990.0, {'J8': np.float32(-1.8454546)}, {'J8': 6}, {'J8': 11}, 
2995.0, {'J8': np.float32(-0.90909094)}, {'J8': 6}, {'J8': 11}, 
3000.0, {'J8': np.float32(0.46363637)}, {'J8': 5}, {'J8': 8}, 
3005.0, {'J8': np.float32(-0.7)}, {'J8': 5}, {'J8': 7}, 
3010.0, {'J8': np.float32(-1.2818182)}, {'J8': 5}, {'J8': 8}, 
3015.0, {'J8': np.float32(-1.5090909)}, {'J8': 5}, {'J8': 9}, 
3020.0, {'J8': np.float32(-1.6909091)}, {'J8': 5}, {'J8': 10}, 
3025.0, {'J8': np.float32(-0.56363636)}, {'J8': 5}, {'J8': 10}, 
3030.0, {'J8': np.float32(0.8090909)}, {'J8': 5}, {'J8': 7}, 
3035.0, {'J8': np.float32(-1.3909091)}, {'J8': 5}, {'J8': 9}, 
3040.0, {'J8': np.float32(-1.790909)}, {'J8': 5}, {'J8': 12}, 
3045.0, {'J8': np.float32(-2.1818182)}, {'J8': 5}, {'J8': 12}, 
3050.0, {'J8': np.float32(-2.2454545)}, {'J8': 5}, {'J8': 13}, 
3055.0, {'J8': np.float32(-2.509091)}, {'J8': 6}, {'J8': 15}, 
3060.0, {'J8': np.float32(-2.8)}, {'J8': 7}, {'J8': 16}, 
3065.0, {'J8': np.float32(-1.2363636)}, {'J8': 7}, {'J8': 16}, 
3070.0, {'J8': np.float32(0.6636364)}, {'J8': 5}, {'J8': 13}, 
3075.0, {'J8': np.float32(-1.5454545)}, {'J8': 5}, {'J8': 12}, 
3080.0, {'J8': np.float32(-0.4181818)}, {'J8': 5}, {'J8': 10}, 
3085.0, {'J8': np.float32(0.08181818)}, {'J8': 5}, {'J8': 9}, 
3090.0, {'J8': np.float32(4.0)}, {'J8': 5}, {'J8': 8}, 
3095.0, {'J8': np.float32(-1.5909091)}, {'J8': 5}, {'J8': 10}, 
3100.0, {'J8': np.float32(-1.8181819)}, {'J8': 5}, {'J8': 10}, 
3105.0, {'J8': np.float32(-1.9909091)}, {'J8': 8}, {'J8': 13}, 
3110.0, {'J8': np.float32(-2.3636363)}, {'J8': 8}, {'J8': 13}, 
3115.0, {'J8': np.float32(-0.5272727)}, {'J8': 7}, {'J8': 12}, 
3120.0, {'J8': np.float32(1.6636363)}, {'J8': 5}, {'J8': 8}, 
3125.0, {'J8': np.float32(0.34545454)}, {'J8': 5}, {'J8': 8}, 
3130.0, {'J8': np.float32(-0.24545455)}, {'J8': 5}, {'J8': 7}, 
3135.0, {'J8': np.float32(-0.8545455)}, {'J8': 5}, {'J8': 7}, 
3140.0, {'J8': np.float32(-0.8818182)}, {'J8': 5}, {'J8': 6}, 
3145.0, {'J8': np.float32(-0.7)}, {'J8': 5}, {'J8': 5}, 
3150.0, {'J8': np.float32(-1.0363636)}, {'J8': 5}, {'J8': 7}, 
3155.0, {'J8': np.float32(-1.0454545)}, {'J8': 5}, {'J8': 6}, 
3160.0, {'J8': np.float32(-1.1090909)}, {'J8': 5}, {'J8': 7}, 
3165.0, {'J8': np.float32(-0.6454545)}, {'J8': 5}, {'J8': 6}, 
3170.0, {'J8': np.float32(-0.75454545)}, {'J8': 5}, {'J8': 6}, 
3175.0, {'J8': np.float32(-1.1636363)}, {'J8': 5}, {'J8': 7}, 
3180.0, {'J8': np.float32(-1.3)}, {'J8': 5}, {'J8': 8}, 
3185.0, {'J8': np.float32(-1.5272727)}, {'J8': 5}, {'J8': 9}, 
3190.0, {'J8': np.float32(-1.7181818)}, {'J8': 5}, {'J8': 10}, 
3195.0, {'J8': np.float32(-1.8909091)}, {'J8': 6}, {'J8': 11}, 
3200.0, {'J8': np.float32(-2.1909091)}, {'J8': 7}, {'J8': 14}, 
3205.0, {'J8': np.float32(-2.5545454)}, {'J8': 8}, {'J8': 15}, 
3210.0, {'J8': np.float32(-1.2272727)}, {'J8': 7}, {'J8': 14}, 
3215.0, {'J8': np.float32(1.290909)}, {'J8': 5}, {'J8': 13}, 
3220.0, {'J8': np.float32(-0.2090909)}, {'J8': 5}, {'J8': 11}, 
3225.0, {'J8': np.float32(-0.29090908)}, {'J8': 5}, {'J8': 9}, 
3230.0, {'J8': np.float32(-1.6363636)}, {'J8': 5}, {'J8': 9}, 
3235.0, {'J8': np.float32(-1.6363636)}, {'J8': 5}, {'J8': 9}, 
3240.0, {'J8': np.float32(-1.6363636)}, {'J8': 5}, {'J8': 9}, 
3245.0, {'J8': np.float32(-1.6363636)}, {'J8': 5}, {'J8': 9}, 
3250.0, {'J8': np.float32(-1.6363636)}, {'J8': 5}, {'J8': 9}, 
3255.0, {'J8': np.float32(-1.6363636)}, {'J8': 5}, {'J8': 9}, 
3260.0, {'J8': np.float32(-1.6363636)}, {'J8': 5}, {'J8': 9}, 
3265.0, {'J8': np.float32(0.76363635)}, {'J8': 5}, {'J8': 9}, 
3270.0, {'J8': np.float32(4.0)}, {'J8': 5}, {'J8': 6}, 
3275.0, {'J8': np.float32(-1.0909091)}, {'J8': 5}, {'J8': 6}, 
3280.0, {'J8': np.float32(-1.2)}, {'J8': 5}, {'J8': 8}, 
3285.0, {'J8': np.float32(-1.4909091)}, {'J8': 5}, {'J8': 9}, 
3290.0, {'J8': np.float32(-1.6818181)}, {'J8': 5}, {'J8': 10}, 
3295.0, {'J8': np.float32(-1.8181819)}, {'J8': 5}, {'J8': 10}, 
3300.0, {'J8': np.float32(0.22727273)}, {'J8': 5}, {'J8': 10}, 
3305.0, {'J8': np.float32(-1.8181819)}, {'J8': 5}, {'J8': 10}, 
3310.0, {'J8': np.float32(-0.7181818)}, {'J8': 5}, {'J8': 10}, 
3315.0, {'J8': np.float32(0.8636364)}, {'J8': 5}, {'J8': 7}, 
3320.0, {'J8': np.float32(-0.14545454)}, {'J8': 5}, {'J8': 6}, 
3325.0, {'J8': np.float32(-1.1363636)}, {'J8': 5}, {'J8': 7}, 
3330.0, {'J8': np.float32(-1.3545455)}, {'J8': 5}, {'J8': 9}, 
3335.0, {'J8': np.float32(-1.7181818)}, {'J8': 5}, {'J8': 11}, 
3340.0, {'J8': np.float32(-2.0727272)}, {'J8': 6}, {'J8': 12}, 
3345.0, {'J8': np.float32(-1.3636364)}, {'J8': 6}, {'J8': 13}, 
3350.0, {'J8': np.float32(-0.009090909)}, {'J8': 5}, {'J8': 12}, 
3355.0, {'J8': np.float32(-1.4)}, {'J8': 5}, {'J8': 11}, 
3360.0, {'J8': np.float32(-2.009091)}, {'J8': 5}, {'J8': 12}, 
3365.0, {'J8': np.float32(-1.2)}, {'J8': 5}, {'J8': 11}, 
3370.0, {'J8': np.float32(-0.6454545)}, {'J8': 5}, {'J8': 9}, 
3375.0, {'J8': np.float32(-1.6363636)}, {'J8': 5}, {'J8': 9}, 
3380.0, {'J8': np.float32(-1.6363636)}, {'J8': 5}, {'J8': 9}, 
3385.0, {'J8': np.float32(1.6363636)}, {'J8': 5}, {'J8': 8}, 
3390.0, {'J8': np.float32(1.5909091)}, {'J8': 5}, {'J8': 6}, 
3395.0, {'J8': np.float32(-1.1090909)}, {'J8': 5}, {'J8': 7}, 
3400.0, {'J8': np.float32(-1.6636363)}, {'J8': 5}, {'J8': 11}, 
3405.0, {'J8': np.float32(-2.1090908)}, {'J8': 6}, {'J8': 14}, 
3410.0, {'J8': np.float32(-2.6181817)}, {'J8': 6}, {'J8': 15}, 
3415.0, {'J8': np.float32(-1.6363636)}, {'J8': 6}, {'J8': 15}, 
3420.0, {'J8': np.float32(-0.036363635)}, {'J8': 5}, {'J8': 12}, 
3425.0, {'J8': np.float32(-0.43636364)}, {'J8': 5}, {'J8': 10}, 
3430.0, {'J8': np.float32(-1.2181818)}, {'J8': 5}, {'J8': 9}, 
3435.0, {'J8': np.float32(-1.6363636)}, {'J8': 5}, {'J8': 9}, 
3440.0, {'J8': np.float32(-1.6363636)}, {'J8': 5}, {'J8': 9}, 
3445.0, {'J8': np.float32(-1.6363636)}, {'J8': 5}, {'J8': 9}, 
3450.0, {'J8': np.float32(-1.6363636)}, {'J8': 5}, {'J8': 9}, 
3455.0, {'J8': np.float32(-1.6363636)}, {'J8': 5}, {'J8': 9}, 
3460.0, {'J8': np.float32(-1.6363636)}, {'J8': 5}, {'J8': 9}, 
3465.0, {'J8': np.float32(-1.6363636)}, {'J8': 5}, {'J8': 9}, 
3470.0, {'J8': np.float32(-1.6363636)}, {'J8': 5}, {'J8': 9}, 
3475.0, {'J8': np.float32(-1.6363636)}, {'J8': 5}, {'J8': 9}, 
3480.0, {'J8': np.float32(-1.6363636)}, {'J8': 5}, {'J8': 9}, 
3485.0, {'J8': np.float32(-1.6363636)}, {'J8': 5}, {'J8': 9}, 
3490.0, {'J8': np.float32(-1.6363636)}, {'J8': 5}, {'J8': 9}, 
3495.0, {'J8': np.float32(-1.6363636)}, {'J8': 5}, {'J8': 9}, 
3500.0, {'J8': np.float32(2.0181818)}, {'J8': 5}, {'J8': 8}, 
3505.0, {'J8': np.float32(4.0)}, {'J8': 5}, {'J8': 6}, 
3510.0, {'J8': np.float32(-1.0909091)}, {'J8': 5}, {'J8': 6}, 
3515.0, {'J8': np.float32(-1.1272727)}, {'J8': 5}, {'J8': 7}, 
3520.0, {'J8': np.float32(-1.3636364)}, {'J8': 5}, {'J8': 8}, 
3525.0, {'J8': np.float32(-1.5454545)}, {'J8': 5}, {'J8': 10}, 
3530.0, {'J8': np.float32(-0.8727273)}, {'J8': 5}, {'J8': 11}, 
3535.0, {'J8': np.float32(-0.17272727)}, {'J8': 5}, {'J8': 8}, 
3540.0, {'J8': np.float32(-0.4909091)}, {'J8': 5}, {'J8': 6}, 
3545.0, {'J8': np.float32(-1.0909091)}, {'J8': 5}, {'J8': 6}, 
3550.0, {'J8': np.float32(-1.1909091)}, {'J8': 5}, {'J8': 8}, 
3555.0, {'J8': np.float32(-1.5454545)}, {'J8': 5}, {'J8': 9}, 
3560.0, {'J8': np.float32(-1.6363636)}, {'J8': 5}, {'J8': 9}, 
3565.0, {'J8': np.float32(-1.6363636)}, {'J8': 5}, {'J8': 9}, 
3570.0, {'J8': np.float32(-1.6363636)}, {'J8': 5}, {'J8': 9}, 
3575.0, {'J8': np.float32(-1.6363636)}, {'J8': 5}, {'J8': 9}, 
3580.0, {'J8': np.float32(-1.6363636)}, {'J8': 5}, {'J8': 9}, 
3585.0, {'J8': np.float32(-1.6363636)}, {'J8': 5}, {'J8': 9}, 
3590.0, {'J8': np.float32(-1.6363636)}, {'J8': 5}, {'J8': 9}, 
3595.0, {'J8': np.float32(-1.6363636)}, {'J8': 5}, {'J8': 9}, 
3600.0, {'J8': np.float32(-1.6363636)}, {'J8': 5}, {'J8': 9}, 
