5.0, {'J01': np.float32(-0.0)}, {'J01': 0}, {'J01': 0}, 
10.0, {'J01': np.float32(-0.0)}, {'J01': 0}, {'J01': 0}, 
15.0, {'J01': np.float32(-0.010175764)}, {'J01': 1}, {'J01': 3}, 
20.0, {'J01': np.float32(-0.7596864)}, {'J01': 2}, {'J01': 4}, 
25.0, {'J01': np.float32(-1.0990102)}, {'J01': 3}, {'J01': 4}, 
30.0, {'J01': np.float32(1.7772905)}, {'J01': 2}, {'J01': 5}, 
35.0, {'J01': np.float32(-0.0018501388)}, {'J01': 2}, {'J01': 6}, 
40.0, {'J01': np.float32(-0.12673451)}, {'J01': 4}, {'J01': 12}, 
45.0, {'J01': np.float32(-0.32723644)}, {'J01': 4}, {'J01': 14}, 
50.0, {'J01': np.float32(0.057759203)}, {'J01': 6}, {'J01': 17}, 
55.0, {'J01': np.float32(-0.33435634)}, {'J01': 8}, {'J01': 25}, 
60.0, {'J01': np.float32(-1.2844031)}, {'J01': 8}, {'J01': 30}, 
65.0, {'J01': np.float32(-2.61041)}, {'J01': 8}, {'J01': 34}, 
70.0, {'J01': np.float32(-2.6594727)}, {'J01': 8}, {'J01': 35}, 
75.0, {'J01': np.float32(3.0)}, {'J01': 8}, {'J01': 32}, 
80.0, {'J01': np.float32(-1.0502483)}, {'J01': 8}, {'J01': 29}, 
85.0, {'J01': np.float32(0.26536077)}, {'J01': 8}, {'J01': 30}, 
90.0, {'J01': np.float32(-2.2581751)}, {'J01': 8}, {'J01': 33}, 
95.0, {'J01': np.float32(-3.0)}, {'J01': 8}, {'J01': 36}, 
100.0, {'J01': np.float32(-2.4414716)}, {'J01': 7}, {'J01': 29}, 
105.0, {'J01': np.float32(3.0)}, {'J01': 6}, {'J01': 22}, 
110.0, {'J01': np.float32(-2.1080568)}, {'J01': 6}, {'J01': 26}, 
115.0, {'J01': np.float32(-1.5263349)}, {'J01': 7}, {'J01': 28}, 
120.0, {'J01': np.float32(3.0)}, {'J01': 8}, {'J01': 32}, 
125.0, {'J01': np.float32(-0.14179176)}, {'J01': 8}, {'J01': 34}, 
130.0, {'J01': np.float32(-0.2681123)}, {'J01': 8}, {'J01': 31}, 
135.0, {'J01': np.float32(-3.0)}, {'J01': 8}, {'J01': 37}, 
140.0, {'J01': np.float32(1.2630993)}, {'J01': 8}, {'J01': 35}, 
145.0, {'J01': np.float32(0.6824177)}, {'J01': 8}, {'J01': 36}, 
150.0, {'J01': np.float32(-2.4301977)}, {'J01': 8}, {'J01': 41}, 
155.0, {'J01': np.float32(-3.0)}, {'J01': 8}, {'J01': 37}, 
160.0, {'J01': np.float32(3.0)}, {'J01': 8}, {'J01': 35}, 
165.0, {'J01': np.float32(-1.5242674)}, {'J01': 8}, {'J01': 38}, 
170.0, {'J01': np.float32(-2.9135566)}, {'J01': 8}, {'J01': 43}, 
175.0, {'J01': np.float32(3.0)}, {'J01': 8}, {'J01': 40}, 
180.0, {'J01': np.float32(-0.867332)}, {'J01': 8}, {'J01': 42}, 
185.0, {'J01': np.float32(-3.0)}, {'J01': 8}, {'J01': 45}, 
190.0, {'J01': np.float32(3.0)}, {'J01': 8}, {'J01': 40}, 
195.0, {'J01': np.float32(-0.23710148)}, {'J01': 9}, {'J01': 41}, 
200.0, {'J01': np.float32(0.9260297)}, {'J01': 9}, {'J01': 39}, 
205.0, {'J01': np.float32(-0.98387325)}, {'J01': 9}, {'J01': 39}, 
210.0, {'J01': np.float32(1.0520861)}, {'J01': 7}, {'J01': 29}, 
215.0, {'J01': np.float32(1.9981236)}, {'J01': 4}, {'J01': 17}, 
220.0, {'J01': np.float32(3.0)}, {'J01': 3}, {'J01': 14}, 
225.0, {'J01': np.float32(-0.70214784)}, {'J01': 3}, {'J01': 19}, 
230.0, {'J01': np.float32(-2.7985523)}, {'J01': 6}, {'J01': 22}, 
235.0, {'J01': np.float32(-3.0)}, {'J01': 6}, {'J01': 27}, 
240.0, {'J01': np.float32(3.0)}, {'J01': 8}, {'J01': 30}, 
245.0, {'J01': np.float32(0.05853848)}, {'J01': 8}, {'J01': 33}, 
250.0, {'J01': np.float32(-0.14755495)}, {'J01': 7}, {'J01': 28}, 
255.0, {'J01': np.float32(1.7976756)}, {'J01': 7}, {'J01': 25}, 
260.0, {'J01': np.float32(-0.4119385)}, {'J01': 7}, {'J01': 28}, 
265.0, {'J01': np.float32(-3.0)}, {'J01': 7}, {'J01': 32}, 
270.0, {'J01': np.float32(2.085294)}, {'J01': 8}, {'J01': 36}, 
275.0, {'J01': np.float32(-0.17168778)}, {'J01': 8}, {'J01': 36}, 
280.0, {'J01': np.float32(0.9800269)}, {'J01': 7}, {'J01': 33}, 
285.0, {'J01': np.float32(1.4950105)}, {'J01': 5}, {'J01': 21}, 
290.0, {'J01': np.float32(-0.07007123)}, {'J01': 4}, {'J01': 18}, 
295.0, {'J01': np.float32(-1.5533377)}, {'J01': 4}, {'J01': 16}, 
300.0, {'J01': np.float32(2.7298489)}, {'J01': 4}, {'J01': 16}, 
305.0, {'J01': np.float32(-0.66909647)}, {'J01': 3}, {'J01': 22}, 
310.0, {'J01': np.float32(-3.0)}, {'J01': 3}, {'J01': 22}, 
315.0, {'J01': np.float32(3.0)}, {'J01': 6}, {'J01': 29}, 
320.0, {'J01': np.float32(-0.9278317)}, {'J01': 8}, {'J01': 35}, 
325.0, {'J01': np.float32(-3.0)}, {'J01': 8}, {'J01': 37}, 
330.0, {'J01': np.float32(-3.0)}, {'J01': 7}, {'J01': 33}, 
335.0, {'J01': np.float32(3.0)}, {'J01': 6}, {'J01': 27}, 
340.0, {'J01': np.float32(-0.33127096)}, {'J01': 7}, {'J01': 31}, 
345.0, {'J01': np.float32(-2.3559787)}, {'J01': 7}, {'J01': 35}, 
350.0, {'J01': np.float32(-3.0)}, {'J01': 8}, {'J01': 39}, 
355.0, {'J01': np.float32(3.0)}, {'J01': 8}, {'J01': 37}, 
360.0, {'J01': np.float32(-0.6037105)}, {'J01': 9}, {'J01': 38}, 
365.0, {'J01': np.float32(-2.1672611)}, {'J01': 10}, {'J01': 42}, 
370.0, {'J01': np.float32(-2.6550286)}, {'J01': 10}, {'J01': 43}, 
375.0, {'J01': np.float32(-2.528818)}, {'J01': 10}, {'J01': 40}, 
380.0, {'J01': np.float32(3.0)}, {'J01': 8}, {'J01': 34}, 
385.0, {'J01': np.float32(-0.5975282)}, {'J01': 8}, {'J01': 36}, 
390.0, {'J01': np.float32(-2.3306122)}, {'J01': 8}, {'J01': 39}, 
395.0, {'J01': np.float32(-3.0)}, {'J01': 9}, {'J01': 41}, 
400.0, {'J01': np.float32(3.0)}, {'J01': 9}, {'J01': 36}, 
405.0, {'J01': np.float32(-0.63870525)}, {'J01': 10}, {'J01': 40}, 
410.0, {'J01': np.float32(-1.6844615)}, {'J01': 11}, {'J01': 38}, 
415.0, {'J01': np.float32(1.1564131)}, {'J01': 12}, {'J01': 43}, 
420.0, {'J01': np.float32(-1.0618612)}, {'J01': 13}, {'J01': 46}, 
425.0, {'J01': np.float32(-0.27615264)}, {'J01': 13}, {'J01': 47}, 
430.0, {'J01': np.float32(-2.041861)}, {'J01': 13}, {'J01': 46}, 
435.0, {'J01': np.float32(-3.0)}, {'J01': 13}, {'J01': 50}, 
440.0, {'J01': np.float32(3.0)}, {'J01': 11}, {'J01': 38}, 
445.0, {'J01': np.float32(1.187208)}, {'J01': 7}, {'J01': 26}, 
450.0, {'J01': np.float32(-0.80197084)}, {'J01': 6}, {'J01': 25}, 
455.0, {'J01': np.float32(1.5436656)}, {'J01': 8}, {'J01': 31}, 
460.0, {'J01': np.float32(-1.0888983)}, {'J01': 9}, {'J01': 28}, 
465.0, {'J01': np.float32(-3.0)}, {'J01': 12}, {'J01': 36}, 
470.0, {'J01': np.float32(-3.0)}, {'J01': 12}, {'J01': 45}, 
475.0, {'J01': np.float32(3.0)}, {'J01': 12}, {'J01': 43}, 
480.0, {'J01': np.float32(1.8019487)}, {'J01': 12}, {'J01': 41}, 
485.0, {'J01': np.float32(-3.0)}, {'J01': 12}, {'J01': 37}, 
490.0, {'J01': np.float32(3.0)}, {'J01': 13}, {'J01': 37}, 
495.0, {'J01': np.float32(-0.8082352)}, {'J01': 13}, {'J01': 35}, 
500.0, {'J01': np.float32(0.2937605)}, {'J01': 13}, {'J01': 39}, 
505.0, {'J01': np.float32(-1.7506558)}, {'J01': 14}, {'J01': 46}, 
510.0, {'J01': np.float32(-0.8206854)}, {'J01': 16}, {'J01': 52}, 
515.0, {'J01': np.float32(0.8051668)}, {'J01': 16}, {'J01': 51}, 
520.0, {'J01': np.float32(-1.6162679)}, {'J01': 17}, {'J01': 51}, 
525.0, {'J01': np.float32(-1.6832951)}, {'J01': 17}, {'J01': 49}, 
530.0, {'J01': np.float32(-3.0)}, {'J01': 18}, {'J01': 50}, 
535.0, {'J01': np.float32(-2.564314)}, {'J01': 16}, {'J01': 44}, 
540.0, {'J01': np.float32(-3.0)}, {'J01': 13}, {'J01': 40}, 
545.0, {'J01': np.float32(-3.0)}, {'J01': 13}, {'J01': 44}, 
550.0, {'J01': np.float32(3.0)}, {'J01': 14}, {'J01': 47}, 
555.0, {'J01': np.float32(-1.426938)}, {'J01': 14}, {'J01': 44}, 
560.0, {'J01': np.float32(0.30755487)}, {'J01': 15}, {'J01': 46}, 
565.0, {'J01': np.float32(-3.0)}, {'J01': 15}, {'J01': 49}, 
570.0, {'J01': np.float32(-3.0)}, {'J01': 15}, {'J01': 54}, 
575.0, {'J01': np.float32(-3.0)}, {'J01': 16}, {'J01': 56}, 
580.0, {'J01': np.float32(-3.0)}, {'J01': 14}, {'J01': 50}, 
585.0, {'J01': np.float32(-2.6381962)}, {'J01': 14}, {'J01': 40}, 
590.0, {'J01': np.float32(3.0)}, {'J01': 12}, {'J01': 34}, 
595.0, {'J01': np.float32(-0.95490414)}, {'J01': 11}, {'J01': 36}, 
600.0, {'J01': np.float32(-3.0)}, {'J01': 11}, {'J01': 43}, 
605.0, {'J01': np.float32(-3.0)}, {'J01': 16}, {'J01': 55}, 
610.0, {'J01': np.float32(-3.0)}, {'J01': 16}, {'J01': 53}, 
615.0, {'J01': np.float32(3.0)}, {'J01': 16}, {'J01': 51}, 
620.0, {'J01': np.float32(-2.5737193)}, {'J01': 16}, {'J01': 51}, 
625.0, {'J01': np.float32(3.0)}, {'J01': 17}, {'J01': 51}, 
630.0, {'J01': np.float32(-1.6695337)}, {'J01': 19}, {'J01': 49}, 
635.0, {'J01': np.float32(2.5088806)}, {'J01': 19}, {'J01': 49}, 
640.0, {'J01': np.float32(-0.34709853)}, {'J01': 20}, {'J01': 54}, 
645.0, {'J01': np.float32(-1.5223031)}, {'J01': 18}, {'J01': 51}, 
650.0, {'J01': np.float32(-3.0)}, {'J01': 17}, {'J01': 52}, 
655.0, {'J01': np.float32(3.0)}, {'J01': 17}, {'J01': 53}, 
660.0, {'J01': np.float32(-3.0)}, {'J01': 17}, {'J01': 54}, 
665.0, {'J01': np.float32(-3.0)}, {'J01': 21}, {'J01': 57}, 
670.0, {'J01': np.float32(-3.0)}, {'J01': 21}, {'J01': 60}, 
675.0, {'J01': np.float32(3.0)}, {'J01': 22}, {'J01': 63}, 
680.0, {'J01': np.float32(-1.6065176)}, {'J01': 22}, {'J01': 52}, 
685.0, {'J01': np.float32(3.0)}, {'J01': 20}, {'J01': 45}, 
690.0, {'J01': np.float32(-1.2544084)}, {'J01': 18}, {'J01': 47}, 
695.0, {'J01': np.float32(-0.14344867)}, {'J01': 18}, {'J01': 47}, 
700.0, {'J01': np.float32(-1.2833462)}, {'J01': 16}, {'J01': 45}, 
705.0, {'J01': np.float32(-3.0)}, {'J01': 15}, {'J01': 39}, 
710.0, {'J01': np.float32(-3.0)}, {'J01': 13}, {'J01': 32}, 
715.0, {'J01': np.float32(3.0)}, {'J01': 13}, {'J01': 38}, 
720.0, {'J01': np.float32(-3.0)}, {'J01': 17}, {'J01': 48}, 
725.0, {'J01': np.float32(1.5532322)}, {'J01': 17}, {'J01': 50}, 
730.0, {'J01': np.float32(2.7329001)}, {'J01': 17}, {'J01': 48}, 
735.0, {'J01': np.float32(-2.995826)}, {'J01': 17}, {'J01': 48}, 
740.0, {'J01': np.float32(0.7674093)}, {'J01': 17}, {'J01': 49}, 
745.0, {'J01': np.float32(1.1755366)}, {'J01': 18}, {'J01': 47}, 
750.0, {'J01': np.float32(-0.43214154)}, {'J01': 18}, {'J01': 50}, 
755.0, {'J01': np.float32(-1.2864397)}, {'J01': 19}, {'J01': 52}, 
760.0, {'J01': np.float32(-3.0)}, {'J01': 19}, {'J01': 52}, 
765.0, {'J01': np.float32(-1.8501872)}, {'J01': 20}, {'J01': 52}, 
770.0, {'J01': np.float32(-2.0056765)}, {'J01': 20}, {'J01': 50}, 
775.0, {'J01': np.float32(3.0)}, {'J01': 20}, {'J01': 53}, 
780.0, {'J01': np.float32(-1.0219502)}, {'J01': 21}, {'J01': 59}, 
785.0, {'J01': np.float32(-2.3506224)}, {'J01': 21}, {'J01': 59}, 
790.0, {'J01': np.float32(-1.4033561)}, {'J01': 19}, {'J01': 52}, 
795.0, {'J01': np.float32(-3.0)}, {'J01': 19}, {'J01': 50}, 
800.0, {'J01': np.float32(3.0)}, {'J01': 18}, {'J01': 48}, 
805.0, {'J01': np.float32(0.06759639)}, {'J01': 18}, {'J01': 46}, 
810.0, {'J01': np.float32(-3.0)}, {'J01': 18}, {'J01': 50}, 
815.0, {'J01': np.float32(-3.0)}, {'J01': 19}, {'J01': 51}, 
820.0, {'J01': np.float32(-3.0)}, {'J01': 20}, {'J01': 50}, 
825.0, {'J01': np.float32(-3.0)}, {'J01': 21}, {'J01': 53}, 
830.0, {'J01': np.float32(3.0)}, {'J01': 23}, {'J01': 54}, 
835.0, {'J01': np.float32(1.4480747)}, {'J01': 24}, {'J01': 53}, 
840.0, {'J01': np.float32(-1.3075514)}, {'J01': 24}, {'J01': 57}, 
845.0, {'J01': np.float32(-2.1045213)}, {'J01': 24}, {'J01': 57}, 
850.0, {'J01': np.float32(-1.1097577)}, {'J01': 22}, {'J01': 49}, 
855.0, {'J01': np.float32(3.0)}, {'J01': 21}, {'J01': 44}, 
860.0, {'J01': np.float32(-0.31028715)}, {'J01': 21}, {'J01': 48}, 
865.0, {'J01': np.float32(-2.0952218)}, {'J01': 21}, {'J01': 56}, 
870.0, {'J01': np.float32(-0.44845337)}, {'J01': 21}, {'J01': 54}, 
875.0, {'J01': np.float32(-0.97250813)}, {'J01': 23}, {'J01': 55}, 
880.0, {'J01': np.float32(-1.6575679)}, {'J01': 23}, {'J01': 51}, 
885.0, {'J01': np.float32(2.1534746)}, {'J01': 24}, {'J01': 52}, 
890.0, {'J01': np.float32(-0.6779667)}, {'J01': 24}, {'J01': 55}, 
895.0, {'J01': np.float32(-3.0)}, {'J01': 26}, {'J01': 57}, 
900.0, {'J01': np.float32(2.6180701)}, {'J01': 27}, {'J01': 57}, 
905.0, {'J01': np.float32(-2.1067407)}, {'J01': 27}, {'J01': 58}, 
910.0, {'J01': np.float32(-0.10507456)}, {'J01': 27}, {'J01': 55}, 
915.0, {'J01': np.float32(-2.045038)}, {'J01': 28}, {'J01': 53}, 
920.0, {'J01': np.float32(-2.9574726)}, {'J01': 29}, {'J01': 59}, 
925.0, {'J01': np.float32(0.6867036)}, {'J01': 25}, {'J01': 52}, 
930.0, {'J01': np.float32(-3.0)}, {'J01': 25}, {'J01': 47}, 
935.0, {'J01': np.float32(1.5676707)}, {'J01': 25}, {'J01': 51}, 
940.0, {'J01': np.float32(-2.441904)}, {'J01': 24}, {'J01': 57}, 
945.0, {'J01': np.float32(3.0)}, {'J01': 24}, {'J01': 54}, 
950.0, {'J01': np.float32(-1.5287651)}, {'J01': 24}, {'J01': 56}, 
955.0, {'J01': np.float32(-0.08142618)}, {'J01': 25}, {'J01': 59}, 
960.0, {'J01': np.float32(-2.055683)}, {'J01': 29}, {'J01': 67}, 
965.0, {'J01': np.float32(0.39684117)}, {'J01': 29}, {'J01': 68}, 
970.0, {'J01': np.float32(-1.0007135)}, {'J01': 29}, {'J01': 70}, 
975.0, {'J01': np.float32(-2.5080783)}, {'J01': 29}, {'J01': 69}, 
980.0, {'J01': np.float32(-1.63115)}, {'J01': 30}, {'J01': 64}, 
985.0, {'J01': np.float32(0.42691904)}, {'J01': 28}, {'J01': 56}, 
990.0, {'J01': np.float32(3.0)}, {'J01': 26}, {'J01': 55}, 
995.0, {'J01': np.float32(1.2148407)}, {'J01': 25}, {'J01': 50}, 
1000.0, {'J01': np.float32(-0.39872536)}, {'J01': 23}, {'J01': 43}, 
1005.0, {'J01': np.float32(-3.0)}, {'J01': 21}, {'J01': 46}, 
1010.0, {'J01': np.float32(3.0)}, {'J01': 19}, {'J01': 44}, 
1015.0, {'J01': np.float32(-0.61435014)}, {'J01': 19}, {'J01': 51}, 
1020.0, {'J01': np.float32(-0.3272815)}, {'J01': 20}, {'J01': 52}, 
1025.0, {'J01': np.float32(-0.4638)}, {'J01': 21}, {'J01': 53}, 
1030.0, {'J01': np.float32(-1.6856443)}, {'J01': 22}, {'J01': 58}, 
1035.0, {'J01': np.float32(-2.0218723)}, {'J01': 22}, {'J01': 60}, 
1040.0, {'J01': np.float32(-0.24259076)}, {'J01': 20}, {'J01': 53}, 
1045.0, {'J01': np.float32(0.6940271)}, {'J01': 16}, {'J01': 43}, 
1050.0, {'J01': np.float32(-1.5171263)}, {'J01': 16}, {'J01': 42}, 
1055.0, {'J01': np.float32(3.0)}, {'J01': 14}, {'J01': 35}, 
1060.0, {'J01': np.float32(-0.584364)}, {'J01': 14}, {'J01': 38}, 
1065.0, {'J01': np.float32(-1.9275464)}, {'J01': 14}, {'J01': 42}, 
1070.0, {'J01': np.float32(-3.0)}, {'J01': 15}, {'J01': 50}, 
1075.0, {'J01': np.float32(3.0)}, {'J01': 16}, {'J01': 48}, 
1080.0, {'J01': np.float32(-0.76128954)}, {'J01': 16}, {'J01': 48}, 
1085.0, {'J01': np.float32(-1.9849522)}, {'J01': 17}, {'J01': 51}, 
1090.0, {'J01': np.float32(-2.9738631)}, {'J01': 17}, {'J01': 51}, 
1095.0, {'J01': np.float32(-3.0)}, {'J01': 18}, {'J01': 52}, 
1100.0, {'J01': np.float32(-0.5840948)}, {'J01': 17}, {'J01': 42}, 
1105.0, {'J01': np.float32(3.0)}, {'J01': 15}, {'J01': 35}, 
1110.0, {'J01': np.float32(1.3542314)}, {'J01': 12}, {'J01': 28}, 
1115.0, {'J01': np.float32(-2.8324504)}, {'J01': 12}, {'J01': 27}, 
1120.0, {'J01': np.float32(-1.0922385)}, {'J01': 10}, {'J01': 25}, 
1125.0, {'J01': np.float32(-3.0)}, {'J01': 9}, {'J01': 32}, 
1130.0, {'J01': np.float32(-3.0)}, {'J01': 9}, {'J01': 34}, 
1135.0, {'J01': np.float32(-3.0)}, {'J01': 6}, {'J01': 25}, 
1140.0, {'J01': np.float32(-3.0)}, {'J01': 7}, {'J01': 31}, 
1145.0, {'J01': np.float32(3.0)}, {'J01': 8}, {'J01': 36}, 
1150.0, {'J01': np.float32(-3.0)}, {'J01': 8}, {'J01': 39}, 
1155.0, {'J01': np.float32(-1.7068348)}, {'J01': 8}, {'J01': 38}, 
1160.0, {'J01': np.float32(-2.7804995)}, {'J01': 8}, {'J01': 38}, 
1165.0, {'J01': np.float32(-2.781921)}, {'J01': 9}, {'J01': 39}, 
1170.0, {'J01': np.float32(3.0)}, {'J01': 9}, {'J01': 41}, 
1175.0, {'J01': np.float32(-0.23495698)}, {'J01': 10}, {'J01': 39}, 
1180.0, {'J01': np.float32(0.9565603)}, {'J01': 10}, {'J01': 37}, 
1185.0, {'J01': np.float32(1.5914191)}, {'J01': 6}, {'J01': 26}, 
1190.0, {'J01': np.float32(-0.44807068)}, {'J01': 5}, {'J01': 23}, 
1195.0, {'J01': np.float32(-1.4352508)}, {'J01': 5}, {'J01': 24}, 
1200.0, {'J01': np.float32(2.109188)}, {'J01': 7}, {'J01': 32}, 
1205.0, {'J01': np.float32(-0.975526)}, {'J01': 8}, {'J01': 33}, 
1210.0, {'J01': np.float32(-3.0)}, {'J01': 8}, {'J01': 31}, 
1215.0, {'J01': np.float32(3.0)}, {'J01': 8}, {'J01': 31}, 
1220.0, {'J01': np.float32(-0.36916468)}, {'J01': 8}, {'J01': 34}, 
1225.0, {'J01': np.float32(-3.0)}, {'J01': 8}, {'J01': 36}, 
1230.0, {'J01': np.float32(2.8795793)}, {'J01': 8}, {'J01': 37}, 
1235.0, {'J01': np.float32(-0.951901)}, {'J01': 8}, {'J01': 41}, 
1240.0, {'J01': np.float32(-2.4168692)}, {'J01': 8}, {'J01': 39}, 
1245.0, {'J01': np.float32(-2.6940954)}, {'J01': 8}, {'J01': 39}, 
1250.0, {'J01': np.float32(3.0)}, {'J01': 8}, {'J01': 36}, 
1255.0, {'J01': np.float32(0.23431231)}, {'J01': 8}, {'J01': 38}, 
1260.0, {'J01': np.float32(-1.0624686)}, {'J01': 8}, {'J01': 41}, 
1265.0, {'J01': np.float32(-1.6115115)}, {'J01': 8}, {'J01': 42}, 
1270.0, {'J01': np.float32(-1.7959954)}, {'J01': 8}, {'J01': 44}, 
1275.0, {'J01': np.float32(1.4347258)}, {'J01': 6}, {'J01': 35}, 
1280.0, {'J01': np.float32(0.1376381)}, {'J01': 4}, {'J01': 28}, 
1285.0, {'J01': np.float32(-2.2057664)}, {'J01': 4}, {'J01': 27}, 
1290.0, {'J01': np.float32(3.0)}, {'J01': 4}, {'J01': 25}, 
1295.0, {'J01': np.float32(-2.4922683)}, {'J01': 7}, {'J01': 33}, 
1300.0, {'J01': np.float32(-3.0)}, {'J01': 8}, {'J01': 36}, 
1305.0, {'J01': np.float32(0.78326744)}, {'J01': 8}, {'J01': 35}, 
1310.0, {'J01': np.float32(-2.975507)}, {'J01': 8}, {'J01': 39}, 
1315.0, {'J01': np.float32(3.0)}, {'J01': 8}, {'J01': 42}, 
1320.0, {'J01': np.float32(-0.5840169)}, {'J01': 8}, {'J01': 40}, 
1325.0, {'J01': np.float32(-1.6418028)}, {'J01': 8}, {'J01': 38}, 
1330.0, {'J01': np.float32(-0.04381878)}, {'J01': 8}, {'J01': 39}, 
1335.0, {'J01': np.float32(-0.4340028)}, {'J01': 8}, {'J01': 37}, 
1340.0, {'J01': np.float32(-2.0399237)}, {'J01': 8}, {'J01': 34}, 
1345.0, {'J01': np.float32(-2.1491036)}, {'J01': 8}, {'J01': 29}, 
1350.0, {'J01': np.float32(3.0)}, {'J01': 8}, {'J01': 35}, 
1355.0, {'J01': np.float32(-0.07848751)}, {'J01': 8}, {'J01': 35}, 
1360.0, {'J01': np.float32(-1.604634)}, {'J01': 8}, {'J01': 38}, 
1365.0, {'J01': np.float32(-2.149874)}, {'J01': 7}, {'J01': 34}, 
1370.0, {'J01': np.float32(3.0)}, {'J01': 7}, {'J01': 27}, 
1375.0, {'J01': np.float32(-0.16530314)}, {'J01': 7}, {'J01': 29}, 
1380.0, {'J01': np.float32(-3.0)}, {'J01': 7}, {'J01': 31}, 
1385.0, {'J01': np.float32(2.7259529)}, {'J01': 8}, {'J01': 31}, 
1390.0, {'J01': np.float32(-1.1696115)}, {'J01': 8}, {'J01': 32}, 
1395.0, {'J01': np.float32(-1.9650823)}, {'J01': 8}, {'J01': 37}, 
1400.0, {'J01': np.float32(-1.4485801)}, {'J01': 8}, {'J01': 37}, 
1405.0, {'J01': np.float32(2.514355)}, {'J01': 8}, {'J01': 36}, 
1410.0, {'J01': np.float32(-2.0298824)}, {'J01': 8}, {'J01': 37}, 
1415.0, {'J01': np.float32(-1.3608354)}, {'J01': 8}, {'J01': 39}, 
1420.0, {'J01': np.float32(-1.4547527)}, {'J01': 8}, {'J01': 42}, 
1425.0, {'J01': np.float32(3.0)}, {'J01': 8}, {'J01': 37}, 
1430.0, {'J01': np.float32(-1.1931738)}, {'J01': 8}, {'J01': 38}, 
1435.0, {'J01': np.float32(-3.0)}, {'J01': 8}, {'J01': 40}, 
1440.0, {'J01': np.float32(3.0)}, {'J01': 8}, {'J01': 44}, 
1445.0, {'J01': np.float32(-0.87380064)}, {'J01': 8}, {'J01': 44}, 
1450.0, {'J01': np.float32(-3.0)}, {'J01': 8}, {'J01': 42}, 
1455.0, {'J01': np.float32(-2.2445397)}, {'J01': 7}, {'J01': 37}, 
1460.0, {'J01': np.float32(-3.0)}, {'J01': 7}, {'J01': 37}, 
1465.0, {'J01': np.float32(3.0)}, {'J01': 7}, {'J01': 38}, 
1470.0, {'J01': np.float32(-2.2714477)}, {'J01': 8}, {'J01': 42}, 
1475.0, {'J01': np.float32(-2.3776505)}, {'J01': 8}, {'J01': 41}, 
1480.0, {'J01': np.float32(3.0)}, {'J01': 8}, {'J01': 41}, 
1485.0, {'J01': np.float32(-0.10783969)}, {'J01': 8}, {'J01': 43}, 
1490.0, {'J01': np.float32(-1.3790859)}, {'J01': 8}, {'J01': 42}, 
1495.0, {'J01': np.float32(-2.6364245)}, {'J01': 8}, {'J01': 45}, 
1500.0, {'J01': np.float32(-2.0255466)}, {'J01': 9}, {'J01': 48}, 
1505.0, {'J01': np.float32(3.0)}, {'J01': 9}, {'J01': 48}, 
1510.0, {'J01': np.float32(-3.0)}, {'J01': 10}, {'J01': 52}, 
1515.0, {'J01': np.float32(-0.6623384)}, {'J01': 8}, {'J01': 44}, 
1520.0, {'J01': np.float32(3.0)}, {'J01': 8}, {'J01': 40}, 
1525.0, {'J01': np.float32(-0.6888062)}, {'J01': 8}, {'J01': 44}, 
1530.0, {'J01': np.float32(-2.566323)}, {'J01': 9}, {'J01': 49}, 
1535.0, {'J01': np.float32(0.6811305)}, {'J01': 10}, {'J01': 44}, 
1540.0, {'J01': np.float32(0.38044432)}, {'J01': 10}, {'J01': 45}, 
1545.0, {'J01': np.float32(-2.4461632)}, {'J01': 10}, {'J01': 47}, 
1550.0, {'J01': np.float32(-0.13264708)}, {'J01': 7}, {'J01': 42}, 
1555.0, {'J01': np.float32(3.0)}, {'J01': 6}, {'J01': 33}, 
1560.0, {'J01': np.float32(-1.2813365)}, {'J01': 7}, {'J01': 38}, 
1565.0, {'J01': np.float32(-0.4531175)}, {'J01': 7}, {'J01': 42}, 
1570.0, {'J01': np.float32(-2.772287)}, {'J01': 8}, {'J01': 49}, 
1575.0, {'J01': np.float32(-0.028211655)}, {'J01': 8}, {'J01': 43}, 
1580.0, {'J01': np.float32(3.0)}, {'J01': 8}, {'J01': 40}, 
1585.0, {'J01': np.float32(-1.4510673)}, {'J01': 9}, {'J01': 43}, 
1590.0, {'J01': np.float32(-3.0)}, {'J01': 9}, {'J01': 43}, 
1595.0, {'J01': np.float32(-3.0)}, {'J01': 10}, {'J01': 45}, 
1600.0, {'J01': np.float32(3.0)}, {'J01': 10}, {'J01': 40}, 
1605.0, {'J01': np.float32(-1.2174878)}, {'J01': 9}, {'J01': 26}, 
1610.0, {'J01': np.float32(3.0)}, {'J01': 7}, {'J01': 24}, 
1615.0, {'J01': np.float32(-0.68129474)}, {'J01': 7}, {'J01': 25}, 
1620.0, {'J01': np.float32(-3.0)}, {'J01': 9}, {'J01': 37}, 
1625.0, {'J01': np.float32(-3.0)}, {'J01': 10}, {'J01': 43}, 
1630.0, {'J01': np.float32(3.0)}, {'J01': 10}, {'J01': 41}, 
1635.0, {'J01': np.float32(-0.6401308)}, {'J01': 10}, {'J01': 41}, 
1640.0, {'J01': np.float32(0.1655445)}, {'J01': 10}, {'J01': 37}, 
1645.0, {'J01': np.float32(-0.7428261)}, {'J01': 10}, {'J01': 38}, 
1650.0, {'J01': np.float32(-2.180423)}, {'J01': 10}, {'J01': 42}, 
1655.0, {'J01': np.float32(1.3860011)}, {'J01': 12}, {'J01': 40}, 
1660.0, {'J01': np.float32(-1.1564653)}, {'J01': 14}, {'J01': 46}, 
1665.0, {'J01': np.float32(-1.4758725)}, {'J01': 14}, {'J01': 47}, 
1670.0, {'J01': np.float32(0.7552701)}, {'J01': 14}, {'J01': 44}, 
1675.0, {'J01': np.float32(-2.0447078)}, {'J01': 14}, {'J01': 43}, 
1680.0, {'J01': np.float32(-1.9285601)}, {'J01': 14}, {'J01': 44}, 
1685.0, {'J01': np.float32(-1.0230597)}, {'J01': 14}, {'J01': 44}, 
1690.0, {'J01': np.float32(-3.0)}, {'J01': 15}, {'J01': 49}, 
1695.0, {'J01': np.float32(3.0)}, {'J01': 15}, {'J01': 45}, 
1700.0, {'J01': np.float32(1.1887926)}, {'J01': 15}, {'J01': 46}, 
1705.0, {'J01': np.float32(0.18838094)}, {'J01': 15}, {'J01': 45}, 
1710.0, {'J01': np.float32(-0.94147354)}, {'J01': 15}, {'J01': 47}, 
1715.0, {'J01': np.float32(-2.60611)}, {'J01': 15}, {'J01': 50}, 
1720.0, {'J01': np.float32(1.3054767)}, {'J01': 15}, {'J01': 45}, 
1725.0, {'J01': np.float32(-1.8928734)}, {'J01': 15}, {'J01': 46}, 
1730.0, {'J01': np.float32(-0.0283395)}, {'J01': 15}, {'J01': 46}, 
1735.0, {'J01': np.float32(-2.5176804)}, {'J01': 16}, {'J01': 49}, 
1740.0, {'J01': np.float32(-2.4907131)}, {'J01': 16}, {'J01': 46}, 
1745.0, {'J01': np.float32(-3.0)}, {'J01': 17}, {'J01': 46}, 
1750.0, {'J01': np.float32(3.0)}, {'J01': 17}, {'J01': 49}, 
1755.0, {'J01': np.float32(-1.1039526)}, {'J01': 18}, {'J01': 48}, 
1760.0, {'J01': np.float32(-2.8413687)}, {'J01': 18}, {'J01': 49}, 
1765.0, {'J01': np.float32(-0.40913415)}, {'J01': 18}, {'J01': 52}, 
1770.0, {'J01': np.float32(0.8578651)}, {'J01': 19}, {'J01': 52}, 
1775.0, {'J01': np.float32(-0.22052044)}, {'J01': 19}, {'J01': 50}, 
1780.0, {'J01': np.float32(-3.0)}, {'J01': 20}, {'J01': 55}, 
1785.0, {'J01': np.float32(-3.0)}, {'J01': 22}, {'J01': 57}, 
1790.0, {'J01': np.float32(1.554693)}, {'J01': 22}, {'J01': 54}, 
1795.0, {'J01': np.float32(3.0)}, {'J01': 22}, {'J01': 53}, 
1800.0, {'J01': np.float32(-0.93604845)}, {'J01': 23}, {'J01': 53}, 
1805.0, {'J01': np.float32(-1.1297817)}, {'J01': 23}, {'J01': 54}, 
1810.0, {'J01': np.float32(-3.0)}, {'J01': 24}, {'J01': 57}, 
1815.0, {'J01': np.float32(-1.2594609)}, {'J01': 25}, {'J01': 56}, 
1820.0, {'J01': np.float32(-3.0)}, {'J01': 26}, {'J01': 56}, 
1825.0, {'J01': np.float32(3.0)}, {'J01': 28}, {'J01': 57}, 
1830.0, {'J01': np.float32(2.350878)}, {'J01': 29}, {'J01': 53}, 
1835.0, {'J01': np.float32(-0.84188527)}, {'J01': 29}, {'J01': 55}, 
1840.0, {'J01': np.float32(2.6936877)}, {'J01': 27}, {'J01': 54}, 
1845.0, {'J01': np.float32(3.0)}, {'J01': 24}, {'J01': 41}, 
1850.0, {'J01': np.float32(0.7852808)}, {'J01': 24}, {'J01': 36}, 
1855.0, {'J01': np.float32(0.7591299)}, {'J01': 24}, {'J01': 33}, 
1860.0, {'J01': np.float32(-2.623691)}, {'J01': 24}, {'J01': 33}, 
1865.0, {'J01': np.float32(3.0)}, {'J01': 22}, {'J01': 33}, 
1870.0, {'J01': np.float32(-0.5269704)}, {'J01': 22}, {'J01': 40}, 
1875.0, {'J01': np.float32(-0.3135988)}, {'J01': 20}, {'J01': 41}, 
1880.0, {'J01': np.float32(2.814708)}, {'J01': 17}, {'J01': 35}, 
1885.0, {'J01': np.float32(-1.452537)}, {'J01': 17}, {'J01': 40}, 
1890.0, {'J01': np.float32(-2.5554643)}, {'J01': 17}, {'J01': 44}, 
1895.0, {'J01': np.float32(-2.44992)}, {'J01': 19}, {'J01': 49}, 
1900.0, {'J01': np.float32(3.0)}, {'J01': 22}, {'J01': 52}, 
1905.0, {'J01': np.float32(-2.7155209)}, {'J01': 22}, {'J01': 52}, 
1910.0, {'J01': np.float32(1.8975557)}, {'J01': 22}, {'J01': 49}, 
1915.0, {'J01': np.float32(-1.5502903)}, {'J01': 23}, {'J01': 54}, 
1920.0, {'J01': np.float32(-3.0)}, {'J01': 24}, {'J01': 55}, 
1925.0, {'J01': np.float32(-2.4707978)}, {'J01': 24}, {'J01': 54}, 
1930.0, {'J01': np.float32(3.0)}, {'J01': 25}, {'J01': 56}, 
1935.0, {'J01': np.float32(-0.764704)}, {'J01': 25}, {'J01': 54}, 
1940.0, {'J01': np.float32(-1.9392025)}, {'J01': 25}, {'J01': 54}, 
1945.0, {'J01': np.float32(-1.943828)}, {'J01': 25}, {'J01': 55}, 
1950.0, {'J01': np.float32(2.9393897)}, {'J01': 23}, {'J01': 48}, 
1955.0, {'J01': np.float32(1.6388575)}, {'J01': 20}, {'J01': 40}, 
1960.0, {'J01': np.float32(-1.2452017)}, {'J01': 20}, {'J01': 36}, 
1965.0, {'J01': np.float32(-3.0)}, {'J01': 20}, {'J01': 33}, 
1970.0, {'J01': np.float32(3.0)}, {'J01': 19}, {'J01': 32}, 
1975.0, {'J01': np.float32(0.052779373)}, {'J01': 18}, {'J01': 37}, 
1980.0, {'J01': np.float32(-3.0)}, {'J01': 18}, {'J01': 47}, 
1985.0, {'J01': np.float32(-2.9475527)}, {'J01': 18}, {'J01': 54}, 
1990.0, {'J01': np.float32(-3.0)}, {'J01': 21}, {'J01': 54}, 
1995.0, {'J01': np.float32(3.0)}, {'J01': 21}, {'J01': 54}, 
2000.0, {'J01': np.float32(-2.6900027)}, {'J01': 21}, {'J01': 56}, 
2005.0, {'J01': np.float32(1.4841665)}, {'J01': 21}, {'J01': 56}, 
2010.0, {'J01': np.float32(-0.23836596)}, {'J01': 21}, {'J01': 54}, 
2015.0, {'J01': np.float32(-1.3863164)}, {'J01': 21}, {'J01': 53}, 
2020.0, {'J01': np.float32(-0.8463064)}, {'J01': 22}, {'J01': 55}, 
2025.0, {'J01': np.float32(-3.0)}, {'J01': 23}, {'J01': 59}, 
2030.0, {'J01': np.float32(-3.0)}, {'J01': 23}, {'J01': 60}, 
2035.0, {'J01': np.float32(3.0)}, {'J01': 23}, {'J01': 60}, 
2040.0, {'J01': np.float32(-1.9897429)}, {'J01': 23}, {'J01': 61}, 
2045.0, {'J01': np.float32(-1.6556797)}, {'J01': 23}, {'J01': 57}, 
2050.0, {'J01': np.float32(0.520803)}, {'J01': 23}, {'J01': 58}, 
2055.0, {'J01': np.float32(-1.8013673)}, {'J01': 23}, {'J01': 57}, 
2060.0, {'J01': np.float32(1.1768076)}, {'J01': 24}, {'J01': 60}, 
2065.0, {'J01': np.float32(-1.0613844)}, {'J01': 24}, {'J01': 57}, 
2070.0, {'J01': np.float32(-2.4144604)}, {'J01': 25}, {'J01': 58}, 
2075.0, {'J01': np.float32(-3.0)}, {'J01': 27}, {'J01': 59}, 
2080.0, {'J01': np.float32(-3.0)}, {'J01': 27}, {'J01': 56}, 
2085.0, {'J01': np.float32(3.0)}, {'J01': 27}, {'J01': 60}, 
2090.0, {'J01': np.float32(-0.14360796)}, {'J01': 28}, {'J01': 60}, 
2095.0, {'J01': np.float32(3.0)}, {'J01': 27}, {'J01': 48}, 
2100.0, {'J01': np.float32(3.0)}, {'J01': 25}, {'J01': 39}, 
2105.0, {'J01': np.float32(2.8191164)}, {'J01': 23}, {'J01': 32}, 
2110.0, {'J01': np.float32(-0.054472618)}, {'J01': 21}, {'J01': 34}, 
2115.0, {'J01': np.float32(-2.0899458)}, {'J01': 21}, {'J01': 37}, 
2120.0, {'J01': np.float32(3.0)}, {'J01': 21}, {'J01': 44}, 
2125.0, {'J01': np.float32(-1.0905282)}, {'J01': 21}, {'J01': 53}, 
2130.0, {'J01': np.float32(-1.5394164)}, {'J01': 23}, {'J01': 56}, 
2135.0, {'J01': np.float32(-3.0)}, {'J01': 23}, {'J01': 56}, 
2140.0, {'J01': np.float32(0.5574663)}, {'J01': 23}, {'J01': 58}, 
2145.0, {'J01': np.float32(1.1578224)}, {'J01': 23}, {'J01': 59}, 
2150.0, {'J01': np.float32(-2.888161)}, {'J01': 23}, {'J01': 60}, 
2155.0, {'J01': np.float32(-3.0)}, {'J01': 23}, {'J01': 53}, 
2160.0, {'J01': np.float32(-3.0)}, {'J01': 25}, {'J01': 51}, 
2165.0, {'J01': np.float32(-2.558729)}, {'J01': 24}, {'J01': 45}, 
2170.0, {'J01': np.float32(-3.0)}, {'J01': 22}, {'J01': 41}, 
2175.0, {'J01': np.float32(-3.0)}, {'J01': 21}, {'J01': 36}, 
2180.0, {'J01': np.float32(3.0)}, {'J01': 19}, {'J01': 31}, 
2185.0, {'J01': np.float32(0.62186927)}, {'J01': 17}, {'J01': 37}, 
2190.0, {'J01': np.float32(-3.0)}, {'J01': 17}, {'J01': 44}, 
2195.0, {'J01': np.float32(2.1708386)}, {'J01': 18}, {'J01': 49}, 
2200.0, {'J01': np.float32(-0.8314935)}, {'J01': 20}, {'J01': 51}, 
2205.0, {'J01': np.float32(-3.0)}, {'J01': 20}, {'J01': 54}, 
2210.0, {'J01': np.float32(-3.0)}, {'J01': 20}, {'J01': 55}, 
2215.0, {'J01': np.float32(-3.0)}, {'J01': 20}, {'J01': 56}, 
2220.0, {'J01': np.float32(-0.81683975)}, {'J01': 16}, {'J01': 48}, 
2225.0, {'J01': np.float32(3.0)}, {'J01': 15}, {'J01': 38}, 
2230.0, {'J01': np.float32(-3.0)}, {'J01': 15}, {'J01': 43}, 
2235.0, {'J01': np.float32(2.5585911)}, {'J01': 15}, {'J01': 44}, 
2240.0, {'J01': np.float32(-1.5242923)}, {'J01': 15}, {'J01': 50}, 
2245.0, {'J01': np.float32(-0.4410369)}, {'J01': 15}, {'J01': 46}, 
2250.0, {'J01': np.float32(0.6647665)}, {'J01': 14}, {'J01': 37}, 
2255.0, {'J01': np.float32(-3.0)}, {'J01': 13}, {'J01': 35}, 
2260.0, {'J01': np.float32(3.0)}, {'J01': 13}, {'J01': 36}, 
2265.0, {'J01': np.float32(-0.25260702)}, {'J01': 14}, {'J01': 38}, 
2270.0, {'J01': np.float32(-2.0723317)}, {'J01': 12}, {'J01': 37}, 
2275.0, {'J01': np.float32(3.0)}, {'J01': 11}, {'J01': 34}, 
2280.0, {'J01': np.float32(-1.5345227)}, {'J01': 11}, {'J01': 36}, 
2285.0, {'J01': np.float32(-3.0)}, {'J01': 11}, {'J01': 40}, 
2290.0, {'J01': np.float32(-0.5588705)}, {'J01': 13}, {'J01': 47}, 
2295.0, {'J01': np.float32(-3.0)}, {'J01': 13}, {'J01': 45}, 
2300.0, {'J01': np.float32(-3.0)}, {'J01': 14}, {'J01': 41}, 
2305.0, {'J01': np.float32(3.0)}, {'J01': 14}, {'J01': 43}, 
2310.0, {'J01': np.float32(-1.218958)}, {'J01': 15}, {'J01': 46}, 
2315.0, {'J01': np.float32(-1.8429407)}, {'J01': 15}, {'J01': 45}, 
2320.0, {'J01': np.float32(1.3415828)}, {'J01': 15}, {'J01': 43}, 
2325.0, {'J01': np.float32(-0.043641906)}, {'J01': 16}, {'J01': 44}, 
2330.0, {'J01': np.float32(-3.0)}, {'J01': 16}, {'J01': 42}, 
2335.0, {'J01': np.float32(3.0)}, {'J01': 18}, {'J01': 41}, 
2340.0, {'J01': np.float32(-1.0022174)}, {'J01': 18}, {'J01': 43}, 
2345.0, {'J01': np.float32(-3.0)}, {'J01': 18}, {'J01': 46}, 
2350.0, {'J01': np.float32(-3.0)}, {'J01': 18}, {'J01': 49}, 
2355.0, {'J01': np.float32(-3.0)}, {'J01': 18}, {'J01': 47}, 
2360.0, {'J01': np.float32(-3.0)}, {'J01': 18}, {'J01': 49}, 
2365.0, {'J01': np.float32(-3.0)}, {'J01': 19}, {'J01': 53}, 
2370.0, {'J01': np.float32(3.0)}, {'J01': 19}, {'J01': 49}, 
2375.0, {'J01': np.float32(-1.1820068)}, {'J01': 20}, {'J01': 52}, 
2380.0, {'J01': np.float32(-3.0)}, {'J01': 20}, {'J01': 54}, 
2385.0, {'J01': np.float32(3.0)}, {'J01': 20}, {'J01': 47}, 
2390.0, {'J01': np.float32(-0.9951281)}, {'J01': 21}, {'J01': 48}, 
2395.0, {'J01': np.float32(-3.0)}, {'J01': 22}, {'J01': 49}, 
2400.0, {'J01': np.float32(2.6006482)}, {'J01': 22}, {'J01': 49}, 
2405.0, {'J01': np.float32(-1.5199502)}, {'J01': 22}, {'J01': 54}, 
2410.0, {'J01': np.float32(-0.2963976)}, {'J01': 22}, {'J01': 50}, 
2415.0, {'J01': np.float32(0.6206821)}, {'J01': 21}, {'J01': 44}, 
2420.0, {'J01': np.float32(3.0)}, {'J01': 19}, {'J01': 41}, 
2425.0, {'J01': np.float32(-0.3801323)}, {'J01': 19}, {'J01': 43}, 
2430.0, {'J01': np.float32(-2.343136)}, {'J01': 19}, {'J01': 50}, 
2435.0, {'J01': np.float32(-3.0)}, {'J01': 21}, {'J01': 61}, 
2440.0, {'J01': np.float32(3.0)}, {'J01': 24}, {'J01': 57}, 
2445.0, {'J01': np.float32(-0.9325513)}, {'J01': 24}, {'J01': 58}, 
2450.0, {'J01': np.float32(-3.0)}, {'J01': 24}, {'J01': 61}, 
2455.0, {'J01': np.float32(-3.0)}, {'J01': 24}, {'J01': 62}, 
2460.0, {'J01': np.float32(0.870055)}, {'J01': 21}, {'J01': 49}, 
2465.0, {'J01': np.float32(3.0)}, {'J01': 19}, {'J01': 41}, 
2470.0, {'J01': np.float32(-2.4032495)}, {'J01': 19}, {'J01': 45}, 
2475.0, {'J01': np.float32(-0.9558067)}, {'J01': 19}, {'J01': 46}, 
2480.0, {'J01': np.float32(1.7103089)}, {'J01': 20}, {'J01': 51}, 
2485.0, {'J01': np.float32(-3.0)}, {'J01': 20}, {'J01': 57}, 
2490.0, {'J01': np.float32(-2.2185366)}, {'J01': 21}, {'J01': 48}, 
2495.0, {'J01': np.float32(-0.61301434)}, {'J01': 19}, {'J01': 39}, 
2500.0, {'J01': np.float32(-2.5736923)}, {'J01': 19}, {'J01': 34}, 
2505.0, {'J01': np.float32(3.0)}, {'J01': 19}, {'J01': 35}, 
2510.0, {'J01': np.float32(0.018190842)}, {'J01': 17}, {'J01': 41}, 
2515.0, {'J01': np.float32(-1.0735992)}, {'J01': 17}, {'J01': 48}, 
2520.0, {'J01': np.float32(0.28044033)}, {'J01': 18}, {'J01': 53}, 
2525.0, {'J01': np.float32(-1.2614765)}, {'J01': 20}, {'J01': 55}, 
2530.0, {'J01': np.float32(-3.0)}, {'J01': 20}, {'J01': 61}, 
2535.0, {'J01': np.float32(-3.0)}, {'J01': 20}, {'J01': 54}, 
2540.0, {'J01': np.float32(3.0)}, {'J01': 22}, {'J01': 52}, 
2545.0, {'J01': np.float32(-0.87770224)}, {'J01': 23}, {'J01': 57}, 
2550.0, {'J01': np.float32(-2.2385063)}, {'J01': 23}, {'J01': 61}, 
2555.0, {'J01': np.float32(-2.5080798)}, {'J01': 23}, {'J01': 61}, 
2560.0, {'J01': np.float32(-3.0)}, {'J01': 23}, {'J01': 57}, 
2565.0, {'J01': np.float32(-3.0)}, {'J01': 24}, {'J01': 60}, 
2570.0, {'J01': np.float32(3.0)}, {'J01': 24}, {'J01': 57}, 
2575.0, {'J01': np.float32(-1.9169269)}, {'J01': 26}, {'J01': 63}, 
2580.0, {'J01': np.float32(-2.9761431)}, {'J01': 26}, {'J01': 64}, 
2585.0, {'J01': np.float32(3.0)}, {'J01': 26}, {'J01': 65}, 
2590.0, {'J01': np.float32(2.2884927)}, {'J01': 22}, {'J01': 54}, 
2595.0, {'J01': np.float32(0.55435866)}, {'J01': 18}, {'J01': 43}, 
2600.0, {'J01': np.float32(-1.4112884)}, {'J01': 16}, {'J01': 38}, 
2605.0, {'J01': np.float32(3.0)}, {'J01': 14}, {'J01': 37}, 
2610.0, {'J01': np.float32(-0.548072)}, {'J01': 14}, {'J01': 45}, 
2615.0, {'J01': np.float32(-0.7704496)}, {'J01': 15}, {'J01': 52}, 
2620.0, {'J01': np.float32(-0.8907705)}, {'J01': 16}, {'J01': 55}, 
2625.0, {'J01': np.float32(-1.572208)}, {'J01': 17}, {'J01': 53}, 
2630.0, {'J01': np.float32(-1.8693472)}, {'J01': 18}, {'J01': 53}, 
2635.0, {'J01': np.float32(1.8578705)}, {'J01': 18}, {'J01': 55}, 
2640.0, {'J01': np.float32(0.14453469)}, {'J01': 19}, {'J01': 50}, 
2645.0, {'J01': np.float32(-0.22708529)}, {'J01': 16}, {'J01': 44}, 
2650.0, {'J01': np.float32(-2.6682684)}, {'J01': 13}, {'J01': 38}, 
2655.0, {'J01': np.float32(3.0)}, {'J01': 11}, {'J01': 37}, 
2660.0, {'J01': np.float32(-0.96837825)}, {'J01': 10}, {'J01': 44}, 
2665.0, {'J01': np.float32(-0.04425708)}, {'J01': 11}, {'J01': 51}, 
2670.0, {'J01': np.float32(-1.3237562)}, {'J01': 11}, {'J01': 54}, 
2675.0, {'J01': np.float32(-3.0)}, {'J01': 11}, {'J01': 49}, 
2680.0, {'J01': np.float32(-3.0)}, {'J01': 12}, {'J01': 50}, 
2685.0, {'J01': np.float32(3.0)}, {'J01': 13}, {'J01': 53}, 
2690.0, {'J01': np.float32(-3.0)}, {'J01': 13}, {'J01': 56}, 
2695.0, {'J01': np.float32(-3.0)}, {'J01': 13}, {'J01': 56}, 
2700.0, {'J01': np.float32(3.0)}, {'J01': 13}, {'J01': 56}, 
2705.0, {'J01': np.float32(0.6824132)}, {'J01': 14}, {'J01': 57}, 
2710.0, {'J01': np.float32(-0.0035148936)}, {'J01': 14}, {'J01': 55}, 
2715.0, {'J01': np.float32(-3.0)}, {'J01': 14}, {'J01': 53}, 
2720.0, {'J01': np.float32(-3.0)}, {'J01': 14}, {'J01': 54}, 
2725.0, {'J01': np.float32(-3.0)}, {'J01': 15}, {'J01': 56}, 
2730.0, {'J01': np.float32(0.4703235)}, {'J01': 17}, {'J01': 55}, 
2735.0, {'J01': np.float32(-3.0)}, {'J01': 17}, {'J01': 54}, 
2740.0, {'J01': np.float32(3.0)}, {'J01': 17}, {'J01': 56}, 
2745.0, {'J01': np.float32(3.0)}, {'J01': 16}, {'J01': 50}, 
2750.0, {'J01': np.float32(-3.0)}, {'J01': 16}, {'J01': 47}, 
2755.0, {'J01': np.float32(3.0)}, {'J01': 16}, {'J01': 49}, 
2760.0, {'J01': np.float32(-3.0)}, {'J01': 17}, {'J01': 51}, 
2765.0, {'J01': np.float32(1.0106091)}, {'J01': 18}, {'J01': 55}, 
2770.0, {'J01': np.float32(-3.0)}, {'J01': 19}, {'J01': 59}, 
2775.0, {'J01': np.float32(-3.0)}, {'J01': 20}, {'J01': 58}, 
2780.0, {'J01': np.float32(3.0)}, {'J01': 20}, {'J01': 54}, 
2785.0, {'J01': np.float32(3.0)}, {'J01': 21}, {'J01': 56}, 
2790.0, {'J01': np.float32(-1.9138871)}, {'J01': 21}, {'J01': 58}, 
2795.0, {'J01': np.float32(-2.3286204)}, {'J01': 21}, {'J01': 57}, 
2800.0, {'J01': np.float32(3.0)}, {'J01': 17}, {'J01': 46}, 
2805.0, {'J01': np.float32(3.0)}, {'J01': 14}, {'J01': 42}, 
2810.0, {'J01': np.float32(0.25811544)}, {'J01': 12}, {'J01': 43}, 
2815.0, {'J01': np.float32(-0.6014309)}, {'J01': 11}, {'J01': 41}, 
2820.0, {'J01': np.float32(-1.2296365)}, {'J01': 8}, {'J01': 31}, 
2825.0, {'J01': np.float32(-1.3110044)}, {'J01': 4}, {'J01': 22}, 
2830.0, {'J01': np.float32(3.0)}, {'J01': 3}, {'J01': 21}, 
2835.0, {'J01': np.float32(0.35466328)}, {'J01': 5}, {'J01': 26}, 
2840.0, {'J01': np.float32(-3.0)}, {'J01': 6}, {'J01': 39}, 
2845.0, {'J01': np.float32(3.0)}, {'J01': 8}, {'J01': 40}, 
2850.0, {'J01': np.float32(-0.908304)}, {'J01': 8}, {'J01': 40}, 
2855.0, {'J01': np.float32(-2.6979184)}, {'J01': 7}, {'J01': 36}, 
2860.0, {'J01': np.float32(3.0)}, {'J01': 6}, {'J01': 29}, 
2865.0, {'J01': np.float32(-0.41979638)}, {'J01': 6}, {'J01': 30}, 
2870.0, {'J01': np.float32(-3.0)}, {'J01': 7}, {'J01': 35}, 
2875.0, {'J01': np.float32(3.0)}, {'J01': 8}, {'J01': 40}, 
2880.0, {'J01': np.float32(-0.52617854)}, {'J01': 8}, {'J01': 41}, 
2885.0, {'J01': np.float32(-1.4040307)}, {'J01': 8}, {'J01': 36}, 
2890.0, {'J01': np.float32(1.1608475)}, {'J01': 8}, {'J01': 37}, 
2895.0, {'J01': np.float32(-1.9766088)}, {'J01': 8}, {'J01': 41}, 
2900.0, {'J01': np.float32(-3.0)}, {'J01': 8}, {'J01': 41}, 
2905.0, {'J01': np.float32(-1.6395546)}, {'J01': 8}, {'J01': 43}, 
2910.0, {'J01': np.float32(-3.0)}, {'J01': 8}, {'J01': 46}, 
2915.0, {'J01': np.float32(-3.0)}, {'J01': 9}, {'J01': 49}, 
2920.0, {'J01': np.float32(-3.0)}, {'J01': 9}, {'J01': 50}, 
2925.0, {'J01': np.float32(-3.0)}, {'J01': 10}, {'J01': 54}, 
2930.0, {'J01': np.float32(3.0)}, {'J01': 11}, {'J01': 50}, 
2935.0, {'J01': np.float32(1.6334556)}, {'J01': 12}, {'J01': 41}, 
2940.0, {'J01': np.float32(-1.219032)}, {'J01': 12}, {'J01': 44}, 
2945.0, {'J01': np.float32(-0.5580913)}, {'J01': 12}, {'J01': 51}, 
2950.0, {'J01': np.float32(2.2464416)}, {'J01': 11}, {'J01': 45}, 
2955.0, {'J01': np.float32(-1.2880785)}, {'J01': 11}, {'J01': 45}, 
2960.0, {'J01': np.float32(-2.7868016)}, {'J01': 12}, {'J01': 48}, 
2965.0, {'J01': np.float32(3.0)}, {'J01': 8}, {'J01': 35}, 
2970.0, {'J01': np.float32(-0.07637419)}, {'J01': 6}, {'J01': 34}, 
2975.0, {'J01': np.float32(-0.94857204)}, {'J01': 7}, {'J01': 39}, 
2980.0, {'J01': np.float32(-0.49269724)}, {'J01': 10}, {'J01': 45}, 
2985.0, {'J01': np.float32(-0.2626398)}, {'J01': 10}, {'J01': 49}, 
2990.0, {'J01': np.float32(-2.6651232)}, {'J01': 11}, {'J01': 51}, 
2995.0, {'J01': np.float32(-1.4566739)}, {'J01': 11}, {'J01': 47}, 
3000.0, {'J01': np.float32(-1.4738183)}, {'J01': 10}, {'J01': 43}, 
3005.0, {'J01': np.float32(-2.1093938)}, {'J01': 10}, {'J01': 40}, 
3010.0, {'J01': np.float32(3.0)}, {'J01': 10}, {'J01': 41}, 
3015.0, {'J01': np.float32(-0.7365259)}, {'J01': 10}, {'J01': 47}, 
3020.0, {'J01': np.float32(-3.0)}, {'J01': 11}, {'J01': 51}, 
3025.0, {'J01': np.float32(1.9699754)}, {'J01': 12}, {'J01': 49}, 
3030.0, {'J01': np.float32(-0.07132128)}, {'J01': 13}, {'J01': 45}, 
3035.0, {'J01': np.float32(-3.0)}, {'J01': 13}, {'J01': 46}, 
3040.0, {'J01': np.float32(-3.0)}, {'J01': 14}, {'J01': 49}, 
3045.0, {'J01': np.float32(3.0)}, {'J01': 14}, {'J01': 47}, 
3050.0, {'J01': np.float32(-1.3467915)}, {'J01': 14}, {'J01': 48}, 
3055.0, {'J01': np.float32(-1.7694459)}, {'J01': 14}, {'J01': 44}, 
3060.0, {'J01': np.float32(2.978983)}, {'J01': 14}, {'J01': 43}, 
3065.0, {'J01': np.float32(-1.2616237)}, {'J01': 16}, {'J01': 45}, 
3070.0, {'J01': np.float32(-1.3889327)}, {'J01': 17}, {'J01': 48}, 
3075.0, {'J01': np.float32(-3.0)}, {'J01': 18}, {'J01': 48}, 
3080.0, {'J01': np.float32(-2.8784213)}, {'J01': 16}, {'J01': 48}, 
3085.0, {'J01': np.float32(-3.0)}, {'J01': 16}, {'J01': 48}, 
3090.0, {'J01': np.float32(3.0)}, {'J01': 16}, {'J01': 46}, 
3095.0, {'J01': np.float32(1.0087881)}, {'J01': 15}, {'J01': 48}, 
3100.0, {'J01': np.float32(0.757022)}, {'J01': 15}, {'J01': 42}, 
3105.0, {'J01': np.float32(-0.92848843)}, {'J01': 15}, {'J01': 43}, 
3110.0, {'J01': np.float32(-3.0)}, {'J01': 16}, {'J01': 44}, 
3115.0, {'J01': np.float32(-3.0)}, {'J01': 16}, {'J01': 44}, 
3120.0, {'J01': np.float32(3.0)}, {'J01': 16}, {'J01': 46}, 
3125.0, {'J01': np.float32(-0.5117974)}, {'J01': 16}, {'J01': 46}, 
3130.0, {'J01': np.float32(-0.48475605)}, {'J01': 15}, {'J01': 44}, 
3135.0, {'J01': np.float32(-1.5031294)}, {'J01': 14}, {'J01': 43}, 
3140.0, {'J01': np.float32(3.0)}, {'J01': 14}, {'J01': 46}, 
3145.0, {'J01': np.float32(-0.8131018)}, {'J01': 14}, {'J01': 45}, 
3150.0, {'J01': np.float32(0.73582083)}, {'J01': 14}, {'J01': 44}, 
3155.0, {'J01': np.float32(1.833865)}, {'J01': 16}, {'J01': 43}, 
3160.0, {'J01': np.float32(2.2434227)}, {'J01': 14}, {'J01': 38}, 
3165.0, {'J01': np.float32(-1.8763924)}, {'J01': 12}, {'J01': 31}, 
3170.0, {'J01': np.float32(-2.8985484)}, {'J01': 10}, {'J01': 27}, 
3175.0, {'J01': np.float32(-3.0)}, {'J01': 8}, {'J01': 29}, 
3180.0, {'J01': np.float32(3.0)}, {'J01': 10}, {'J01': 38}, 
3185.0, {'J01': np.float32(-1.4193796)}, {'J01': 13}, {'J01': 46}, 
3190.0, {'J01': np.float32(-0.8780607)}, {'J01': 15}, {'J01': 52}, 
3195.0, {'J01': np.float32(-3.0)}, {'J01': 15}, {'J01': 52}, 
3200.0, {'J01': np.float32(3.0)}, {'J01': 17}, {'J01': 50}, 
3205.0, {'J01': np.float32(-1.8652637)}, {'J01': 17}, {'J01': 50}, 
3210.0, {'J01': np.float32(-3.0)}, {'J01': 17}, {'J01': 53}, 
3215.0, {'J01': np.float32(1.6638654)}, {'J01': 17}, {'J01': 50}, 
3220.0, {'J01': np.float32(3.0)}, {'J01': 17}, {'J01': 47}, 
3225.0, {'J01': np.float32(-2.9228935)}, {'J01': 17}, {'J01': 49}, 
3230.0, {'J01': np.float32(-2.3494987)}, {'J01': 16}, {'J01': 41}, 
3235.0, {'J01': np.float32(-3.0)}, {'J01': 16}, {'J01': 41}, 
3240.0, {'J01': np.float32(3.0)}, {'J01': 16}, {'J01': 43}, 
3245.0, {'J01': np.float32(-0.7206012)}, {'J01': 17}, {'J01': 44}, 
3250.0, {'J01': np.float32(-0.2835098)}, {'J01': 19}, {'J01': 47}, 
3255.0, {'J01': np.float32(-0.986554)}, {'J01': 20}, {'J01': 51}, 
3260.0, {'J01': np.float32(-1.5246843)}, {'J01': 21}, {'J01': 57}, 
3265.0, {'J01': np.float32(-0.30228797)}, {'J01': 18}, {'J01': 47}, 
3270.0, {'J01': np.float32(3.0)}, {'J01': 17}, {'J01': 41}, 
3275.0, {'J01': np.float32(-2.727896)}, {'J01': 17}, {'J01': 44}, 
3280.0, {'J01': np.float32(0.5416744)}, {'J01': 17}, {'J01': 46}, 
3285.0, {'J01': np.float32(-0.2955497)}, {'J01': 15}, {'J01': 44}, 
3290.0, {'J01': np.float32(1.1553279)}, {'J01': 9}, {'J01': 32}, 
3295.0, {'J01': np.float32(3.0)}, {'J01': 7}, {'J01': 27}, 
3300.0, {'J01': np.float32(-0.58634216)}, {'J01': 7}, {'J01': 33}, 
3305.0, {'J01': np.float32(-1.4807054)}, {'J01': 9}, {'J01': 45}, 
3310.0, {'J01': np.float32(-1.4647465)}, {'J01': 9}, {'J01': 46}, 
3315.0, {'J01': np.float32(-2.0586975)}, {'J01': 9}, {'J01': 47}, 
3320.0, {'J01': np.float32(3.0)}, {'J01': 7}, {'J01': 40}, 
3325.0, {'J01': np.float32(-0.9151418)}, {'J01': 7}, {'J01': 42}, 
3330.0, {'J01': np.float32(-0.3331246)}, {'J01': 8}, {'J01': 40}, 
3335.0, {'J01': np.float32(-2.3424802)}, {'J01': 8}, {'J01': 42}, 
3340.0, {'J01': np.float32(-2.3875217)}, {'J01': 8}, {'J01': 42}, 
3345.0, {'J01': np.float32(0.3131359)}, {'J01': 12}, {'J01': 45}, 
3350.0, {'J01': np.float32(3.0)}, {'J01': 12}, {'J01': 44}, 
3355.0, {'J01': np.float32(-2.0871944)}, {'J01': 12}, {'J01': 43}, 
3360.0, {'J01': np.float32(2.1203704)}, {'J01': 13}, {'J01': 42}, 
3365.0, {'J01': np.float32(-0.3850667)}, {'J01': 13}, {'J01': 43}, 
3370.0, {'J01': np.float32(-0.683741)}, {'J01': 13}, {'J01': 43}, 
3375.0, {'J01': np.float32(-0.6666611)}, {'J01': 14}, {'J01': 45}, 
3380.0, {'J01': np.float32(-0.088491306)}, {'J01': 14}, {'J01': 45}, 
3385.0, {'J01': np.float32(-0.11574986)}, {'J01': 13}, {'J01': 39}, 
3390.0, {'J01': np.float32(3.0)}, {'J01': 10}, {'J01': 33}, 
3395.0, {'J01': np.float32(-0.63175493)}, {'J01': 10}, {'J01': 30}, 
3400.0, {'J01': np.float32(-0.54832953)}, {'J01': 9}, {'J01': 30}, 
3405.0, {'J01': np.float32(-0.68716496)}, {'J01': 7}, {'J01': 24}, 
3410.0, {'J01': np.float32(-1.6633505)}, {'J01': 5}, {'J01': 23}, 
3415.0, {'J01': np.float32(3.0)}, {'J01': 5}, {'J01': 27}, 
3420.0, {'J01': np.float32(-0.07760509)}, {'J01': 7}, {'J01': 33}, 
3425.0, {'J01': np.float32(-0.24903673)}, {'J01': 10}, {'J01': 38}, 
3430.0, {'J01': np.float32(-0.65756816)}, {'J01': 11}, {'J01': 41}, 
3435.0, {'J01': np.float32(1.1104431)}, {'J01': 11}, {'J01': 35}, 
3440.0, {'J01': np.float32(1.3443798)}, {'J01': 7}, {'J01': 26}, 
3445.0, {'J01': np.float32(-0.45325255)}, {'J01': 5}, {'J01': 21}, 
3450.0, {'J01': np.float32(-0.82929623)}, {'J01': 4}, {'J01': 16}, 
3455.0, {'J01': np.float32(1.7877475)}, {'J01': 3}, {'J01': 14}, 
3460.0, {'J01': np.float32(-0.899658)}, {'J01': 3}, {'J01': 21}, 
3465.0, {'J01': np.float32(0.56176496)}, {'J01': 4}, {'J01': 27}, 
3470.0, {'J01': np.float32(-1.9058107)}, {'J01': 7}, {'J01': 38}, 
3475.0, {'J01': np.float32(-2.3951988)}, {'J01': 8}, {'J01': 42}, 
3480.0, {'J01': np.float32(-3.0)}, {'J01': 8}, {'J01': 41}, 
3485.0, {'J01': np.float32(-3.0)}, {'J01': 7}, {'J01': 35}, 
3490.0, {'J01': np.float32(3.0)}, {'J01': 7}, {'J01': 28}, 
3495.0, {'J01': np.float32(-0.5088788)}, {'J01': 7}, {'J01': 29}, 
3500.0, {'J01': np.float32(-2.5731313)}, {'J01': 8}, {'J01': 35}, 
3505.0, {'J01': np.float32(1.9606538)}, {'J01': 8}, {'J01': 32}, 
3510.0, {'J01': np.float32(-2.7269833)}, {'J01': 8}, {'J01': 31}, 
3515.0, {'J01': np.float32(-1.6979111)}, {'J01': 8}, {'J01': 29}, 
3520.0, {'J01': np.float32(3.0)}, {'J01': 8}, {'J01': 36}, 
3525.0, {'J01': np.float32(-0.1679457)}, {'J01': 8}, {'J01': 37}, 
3530.0, {'J01': np.float32(-0.56191224)}, {'J01': 8}, {'J01': 36}, 
3535.0, {'J01': np.float32(-0.6176195)}, {'J01': 8}, {'J01': 38}, 
3540.0, {'J01': np.float32(-0.635399)}, {'J01': 8}, {'J01': 38}, 
3545.0, {'J01': np.float32(-0.25941452)}, {'J01': 8}, {'J01': 37}, 
3550.0, {'J01': np.float32(-0.8572921)}, {'J01': 8}, {'J01': 37}, 
3555.0, {'J01': np.float32(-1.5344518)}, {'J01': 7}, {'J01': 32}, 
3560.0, {'J01': np.float32(2.7726033)}, {'J01': 7}, {'J01': 31}, 
3565.0, {'J01': np.float32(-1.8163097)}, {'J01': 7}, {'J01': 34}, 
3570.0, {'J01': np.float32(-2.3884344)}, {'J01': 8}, {'J01': 35}, 
3575.0, {'J01': np.float32(-2.2050416)}, {'J01': 8}, {'J01': 38}, 
3580.0, {'J01': np.float32(-1.0730236)}, {'J01': 8}, {'J01': 37}, 
3585.0, {'J01': np.float32(-2.9672487)}, {'J01': 8}, {'J01': 39}, 
3590.0, {'J01': np.float32(3.0)}, {'J01': 8}, {'J01': 42}, 
3595.0, {'J01': np.float32(1.2254579)}, {'J01': 8}, {'J01': 40}, 
3600.0, {'J01': np.float32(-1.0502123)}, {'J01': 8}, {'J01': 40}, 
3605.0, {'J01': np.float32(-1.7781924)}, {'J01': 8}, {'J01': 41}, 
3610.0, {'J01': np.float32(1.3867675)}, {'J01': 8}, {'J01': 42}, 
3615.0, {'J01': np.float32(-2.0321906)}, {'J01': 8}, {'J01': 45}, 
3620.0, {'J01': np.float32(0.27155718)}, {'J01': 8}, {'J01': 47}, 
3625.0, {'J01': np.float32(-2.6118863)}, {'J01': 8}, {'J01': 45}, 
3630.0, {'J01': np.float32(0.14514025)}, {'J01': 8}, {'J01': 44}, 
3635.0, {'J01': np.float32(-2.9248528)}, {'J01': 8}, {'J01': 44}, 
3640.0, {'J01': np.float32(3.0)}, {'J01': 8}, {'J01': 40}, 
3645.0, {'J01': np.float32(-0.6354561)}, {'J01': 8}, {'J01': 41}, 
3650.0, {'J01': np.float32(0.14213228)}, {'J01': 8}, {'J01': 39}, 
3655.0, {'J01': np.float32(0.85985607)}, {'J01': 6}, {'J01': 30}, 
3660.0, {'J01': np.float32(3.0)}, {'J01': 4}, {'J01': 27}, 
3665.0, {'J01': np.float32(-1.1318169)}, {'J01': 4}, {'J01': 27}, 
3670.0, {'J01': np.float32(-3.0)}, {'J01': 6}, {'J01': 31}, 
3675.0, {'J01': np.float32(-3.0)}, {'J01': 8}, {'J01': 35}, 
3680.0, {'J01': np.float32(3.0)}, {'J01': 8}, {'J01': 36}, 
3685.0, {'J01': np.float32(0.21048659)}, {'J01': 8}, {'J01': 36}, 
3690.0, {'J01': np.float32(2.3913066)}, {'J01': 6}, {'J01': 30}, 
3695.0, {'J01': np.float32(0.11720574)}, {'J01': 4}, {'J01': 24}, 
3700.0, {'J01': np.float32(-1.1433809)}, {'J01': 4}, {'J01': 22}, 
3705.0, {'J01': np.float32(3.0)}, {'J01': 4}, {'J01': 26}, 
3710.0, {'J01': np.float32(0.6373728)}, {'J01': 7}, {'J01': 29}, 
3715.0, {'J01': np.float32(-0.25254393)}, {'J01': 8}, {'J01': 30}, 
3720.0, {'J01': np.float32(-0.016651249)}, {'J01': 8}, {'J01': 30}, 
3725.0, {'J01': np.float32(-0.013889917)}, {'J01': 7}, {'J01': 28}, 
3730.0, {'J01': np.float32(-0.57727104)}, {'J01': 6}, {'J01': 23}, 
3735.0, {'J01': np.float32(1.3885708)}, {'J01': 5}, {'J01': 23}, 
3740.0, {'J01': np.float32(-0.37650323)}, {'J01': 5}, {'J01': 27}, 
3745.0, {'J01': np.float32(-0.519889)}, {'J01': 7}, {'J01': 33}, 
3750.0, {'J01': np.float32(-0.17113784)}, {'J01': 6}, {'J01': 29}, 
3755.0, {'J01': np.float32(0.5494912)}, {'J01': 5}, {'J01': 20}, 
3760.0, {'J01': np.float32(0.26734504)}, {'J01': 5}, {'J01': 16}, 
3765.0, {'J01': np.float32(-0.22109158)}, {'J01': 5}, {'J01': 15}, 
3770.0, {'J01': np.float32(0.17113784)}, {'J01': 3}, {'J01': 15}, 
3775.0, {'J01': np.float32(-0.21646623)}, {'J01': 3}, {'J01': 14}, 
3780.0, {'J01': np.float32(0.06567992)}, {'J01': 3}, {'J01': 14}, 
3785.0, {'J01': np.float32(-0.116558746)}, {'J01': 3}, {'J01': 18}, 
3790.0, {'J01': np.float32(0.8455134)}, {'J01': 3}, {'J01': 15}, 
3795.0, {'J01': np.float32(-0.13691027)}, {'J01': 4}, {'J01': 15}, 
3800.0, {'J01': np.float32(-0.21831638)}, {'J01': 4}, {'J01': 12}, 
3805.0, {'J01': np.float32(-0.22201665)}, {'J01': 4}, {'J01': 12}, 
3810.0, {'J01': np.float32(0.4199815)}, {'J01': 4}, {'J01': 14}, 
3815.0, {'J01': np.float32(0.5642923)}, {'J01': 4}, {'J01': 18}, 
3820.0, {'J01': np.float32(-0.19148937)}, {'J01': 6}, {'J01': 19}, 
3825.0, {'J01': np.float32(-0.08510638)}, {'J01': 6}, {'J01': 18}, 
3830.0, {'J01': np.float32(-0.19981499)}, {'J01': 6}, {'J01': 20}, 
3835.0, {'J01': np.float32(0.1480111)}, {'J01': 4}, {'J01': 15}, 
3840.0, {'J01': np.float32(-0.111008324)}, {'J01': 4}, {'J01': 14}, 
3845.0, {'J01': np.float32(-0.0693802)}, {'J01': 4}, {'J01': 12}, 
3850.0, {'J01': np.float32(-0.08510638)}, {'J01': 3}, {'J01': 14}, 
3855.0, {'J01': np.float32(-0.050878815)}, {'J01': 3}, {'J01': 15}, 
3860.0, {'J01': np.float32(-0.19981499)}, {'J01': 4}, {'J01': 14}, 
3865.0, {'J01': np.float32(-0.11840888)}, {'J01': 3}, {'J01': 15}, 
3870.0, {'J01': np.float32(0.9583719)}, {'J01': 4}, {'J01': 20}, 
3875.0, {'J01': np.float32(-0.3320999)}, {'J01': 7}, {'J01': 25}, 
3880.0, {'J01': np.float32(0.49121183)}, {'J01': 8}, {'J01': 28}, 
3885.0, {'J01': np.float32(0.30157262)}, {'J01': 8}, {'J01': 29}, 
3890.0, {'J01': np.float32(-0.018501388)}, {'J01': 8}, {'J01': 28}, 
3895.0, {'J01': np.float32(0.071230344)}, {'J01': 7}, {'J01': 24}, 
3900.0, {'J01': np.float32(0.33395004)}, {'J01': 5}, {'J01': 20}, 
3905.0, {'J01': np.float32(0.115633674)}, {'J01': 4}, {'J01': 16}, 
3910.0, {'J01': np.float32(0.45975947)}, {'J01': 4}, {'J01': 10}, 
3915.0, {'J01': np.float32(-0.18501388)}, {'J01': 4}, {'J01': 10}, 
3920.0, {'J01': np.float32(0.111008324)}, {'J01': 3}, {'J01': 11}, 
3925.0, {'J01': np.float32(-0.06012951)}, {'J01': 3}, {'J01': 14}, 
3930.0, {'J01': np.float32(0.20074005)}, {'J01': 6}, {'J01': 20}, 
3935.0, {'J01': np.float32(0.0138760405)}, {'J01': 8}, {'J01': 25}, 
3940.0, {'J01': np.float32(-0.19888991)}, {'J01': 7}, {'J01': 25}, 
3945.0, {'J01': np.float32(0.031452358)}, {'J01': 5}, {'J01': 19}, 
3950.0, {'J01': np.float32(-0.03422757)}, {'J01': 4}, {'J01': 15}, 
3955.0, {'J01': np.float32(0.07215541)}, {'J01': 4}, {'J01': 11}, 
3960.0, {'J01': np.float32(0.16836263)}, {'J01': 3}, {'J01': 11}, 
3965.0, {'J01': np.float32(-0.009250694)}, {'J01': 3}, {'J01': 13}, 
3970.0, {'J01': np.float32(0.033302497)}, {'J01': 3}, {'J01': 9}, 
3975.0, {'J01': np.float32(-0.06567992)}, {'J01': 3}, {'J01': 16}, 
3980.0, {'J01': np.float32(-0.33302498)}, {'J01': 6}, {'J01': 22}, 
3985.0, {'J01': np.float32(-0.44310823)}, {'J01': 8}, {'J01': 28}, 
3990.0, {'J01': np.float32(-0.067530066)}, {'J01': 7}, {'J01': 25}, 
3995.0, {'J01': np.float32(0.17761332)}, {'J01': 6}, {'J01': 22}, 
4000.0, {'J01': np.float32(0.1813136)}, {'J01': 5}, {'J01': 17}, 
4005.0, {'J01': np.float32(-0.12025902)}, {'J01': 4}, {'J01': 17}, 
4010.0, {'J01': np.float32(-0.0955642)}, {'J01': 4}, {'J01': 19}, 
4015.0, {'J01': np.float32(-0.04011656)}, {'J01': 4}, {'J01': 15}, 
4020.0, {'J01': np.float32(0.29109243)}, {'J01': 4}, {'J01': 12}, 
4025.0, {'J01': np.float32(0.38547188)}, {'J01': 4}, {'J01': 14}, 
4030.0, {'J01': np.float32(-0.18199074)}, {'J01': 4}, {'J01': 13}, 
4035.0, {'J01': np.float32(-0.2467456)}, {'J01': 4}, {'J01': 15}, 
4040.0, {'J01': np.float32(-0.26894727)}, {'J01': 4}, {'J01': 15}, 
4045.0, {'J01': np.float32(0.11239676)}, {'J01': 4}, {'J01': 15}, 
4050.0, {'J01': np.float32(-0.071230344)}, {'J01': 4}, {'J01': 18}, 
4055.0, {'J01': np.float32(-0.2506938)}, {'J01': 4}, {'J01': 24}, 
4060.0, {'J01': np.float32(-0.25716928)}, {'J01': 4}, {'J01': 18}, 
4065.0, {'J01': np.float32(-0.17113784)}, {'J01': 4}, {'J01': 14}, 
4070.0, {'J01': np.float32(0.037927844)}, {'J01': 4}, {'J01': 15}, 
4075.0, {'J01': np.float32(-0.13691027)}, {'J01': 4}, {'J01': 19}, 
4080.0, {'J01': np.float32(-0.18316373)}, {'J01': 6}, {'J01': 26}, 
4085.0, {'J01': np.float32(-0.18778908)}, {'J01': 7}, {'J01': 27}, 
4090.0, {'J01': np.float32(-0.25531915)}, {'J01': 6}, {'J01': 26}, 
4095.0, {'J01': np.float32(-0.10083256)}, {'J01': 4}, {'J01': 20}, 
4100.0, {'J01': np.float32(-0.103607774)}, {'J01': 4}, {'J01': 17}, 
4105.0, {'J01': np.float32(-0.2719704)}, {'J01': 4}, {'J01': 21}, 
4110.0, {'J01': np.float32(-0.26179463)}, {'J01': 6}, {'J01': 26}, 
4115.0, {'J01': np.float32(0.54856616)}, {'J01': 8}, {'J01': 30}, 
4120.0, {'J01': np.float32(0.6068455)}, {'J01': 7}, {'J01': 28}, 
4125.0, {'J01': np.float32(-0.28862163)}, {'J01': 7}, {'J01': 26}, 
4130.0, {'J01': np.float32(0.034656245)}, {'J01': 6}, {'J01': 25}, 
4135.0, {'J01': np.float32(-0.32235283)}, {'J01': 6}, {'J01': 23}, 
4140.0, {'J01': np.float32(-0.3609125)}, {'J01': 6}, {'J01': 29}, 
4145.0, {'J01': np.float32(-0.11367104)}, {'J01': 6}, {'J01': 30}, 
4150.0, {'J01': np.float32(-0.19435522)}, {'J01': 5}, {'J01': 28}, 
4155.0, {'J01': np.float32(-0.048194263)}, {'J01': 4}, {'J01': 24}, 
4160.0, {'J01': np.float32(0.62803143)}, {'J01': 4}, {'J01': 19}, 
4165.0, {'J01': np.float32(0.8139704)}, {'J01': 4}, {'J01': 19}, 
4170.0, {'J01': np.float32(0.8722498)}, {'J01': 4}, {'J01': 16}, 
4175.0, {'J01': np.float32(0.17222239)}, {'J01': 3}, {'J01': 16}, 
4180.0, {'J01': np.float32(-0.094040334)}, {'J01': 4}, {'J01': 22}, 
4185.0, {'J01': np.float32(-0.1387604)}, {'J01': 7}, {'J01': 27}, 
4190.0, {'J01': np.float32(-0.3691027)}, {'J01': 8}, {'J01': 30}, 
4195.0, {'J01': np.float32(-0.5744681)}, {'J01': 8}, {'J01': 33}, 
4200.0, {'J01': np.float32(-0.21184088)}, {'J01': 7}, {'J01': 30}, 
4205.0, {'J01': np.float32(-0.43755782)}, {'J01': 7}, {'J01': 29}, 
4210.0, {'J01': np.float32(-0.413506)}, {'J01': 7}, {'J01': 28}, 
4215.0, {'J01': np.float32(0.7261795)}, {'J01': 6}, {'J01': 24}, 
4220.0, {'J01': np.float32(0.10545791)}, {'J01': 6}, {'J01': 25}, 
4225.0, {'J01': np.float32(-0.48288622)}, {'J01': 7}, {'J01': 30}, 
4230.0, {'J01': np.float32(-0.1720629)}, {'J01': 8}, {'J01': 30}, 
4235.0, {'J01': np.float32(-0.51156336)}, {'J01': 8}, {'J01': 29}, 
4240.0, {'J01': np.float32(0.5226642)}, {'J01': 7}, {'J01': 26}, 
4245.0, {'J01': np.float32(1.1729879)}, {'J01': 4}, {'J01': 18}, 
4250.0, {'J01': np.float32(0.69935244)}, {'J01': 4}, {'J01': 15}, 
4255.0, {'J01': np.float32(-0.29232192)}, {'J01': 4}, {'J01': 19}, 
4260.0, {'J01': np.float32(-0.39685476)}, {'J01': 6}, {'J01': 29}, 
4265.0, {'J01': np.float32(0.17298797)}, {'J01': 7}, {'J01': 28}, 
4270.0, {'J01': np.float32(0.39130434)}, {'J01': 4}, {'J01': 19}, 
4275.0, {'J01': np.float32(-0.29694727)}, {'J01': 4}, {'J01': 20}, 
4280.0, {'J01': np.float32(-0.09898242)}, {'J01': 4}, {'J01': 22}, 
4285.0, {'J01': np.float32(-0.26179463)}, {'J01': 7}, {'J01': 27}, 
4290.0, {'J01': np.float32(-0.5226642)}, {'J01': 8}, {'J01': 31}, 
4295.0, {'J01': np.float32(-0.36725256)}, {'J01': 8}, {'J01': 30}, 
4300.0, {'J01': np.float32(0.1480111)}, {'J01': 7}, {'J01': 25}, 
4305.0, {'J01': np.float32(0.39130434)}, {'J01': 6}, {'J01': 20}, 
4310.0, {'J01': np.float32(0.26086956)}, {'J01': 4}, {'J01': 16}, 
4315.0, {'J01': np.float32(0.24606845)}, {'J01': 4}, {'J01': 11}, 
4320.0, {'J01': np.float32(1.0647548)}, {'J01': 3}, {'J01': 11}, 
4325.0, {'J01': np.float32(-0.22756706)}, {'J01': 3}, {'J01': 17}, 
4330.0, {'J01': np.float32(-0.3691027)}, {'J01': 6}, {'J01': 26}, 
4335.0, {'J01': np.float32(-0.23959297)}, {'J01': 7}, {'J01': 26}, 
4340.0, {'J01': np.float32(-0.050878815)}, {'J01': 4}, {'J01': 18}, 
4345.0, {'J01': np.float32(0.12858464)}, {'J01': 4}, {'J01': 16}, 
4350.0, {'J01': np.float32(0.5476411)}, {'J01': 3}, {'J01': 15}, 
4355.0, {'J01': np.float32(0.024976874)}, {'J01': 6}, {'J01': 24}, 
4360.0, {'J01': np.float32(-0.24236818)}, {'J01': 8}, {'J01': 28}, 
4365.0, {'J01': np.float32(-0.15356152)}, {'J01': 8}, {'J01': 27}, 
4370.0, {'J01': np.float32(0.15263645)}, {'J01': 7}, {'J01': 23}, 
4375.0, {'J01': np.float32(0.28862163)}, {'J01': 6}, {'J01': 20}, 
4380.0, {'J01': np.float32(0.18963923)}, {'J01': 4}, {'J01': 16}, 
4385.0, {'J01': np.float32(0.12765957)}, {'J01': 4}, {'J01': 12}, 
4390.0, {'J01': np.float32(0.007400555)}, {'J01': 4}, {'J01': 10}, 
4395.0, {'J01': np.float32(-0.19888991)}, {'J01': 4}, {'J01': 13}, 
4400.0, {'J01': np.float32(-0.009250694)}, {'J01': 4}, {'J01': 18}, 
4405.0, {'J01': np.float32(-0.09343201)}, {'J01': 7}, {'J01': 23}, 
4410.0, {'J01': np.float32(-0.15356152)}, {'J01': 8}, {'J01': 29}, 
4415.0, {'J01': np.float32(-0.091581866)}, {'J01': 7}, {'J01': 25}, 
4420.0, {'J01': np.float32(-0.027752081)}, {'J01': 6}, {'J01': 20}, 
4425.0, {'J01': np.float32(-0.27659574)}, {'J01': 5}, {'J01': 21}, 
4430.0, {'J01': np.float32(-0.13506013)}, {'J01': 4}, {'J01': 17}, 
4435.0, {'J01': np.float32(-0.08695652)}, {'J01': 4}, {'J01': 17}, 
4440.0, {'J01': np.float32(0.17761332)}, {'J01': 3}, {'J01': 18}, 
4445.0, {'J01': np.float32(0.14708602)}, {'J01': 7}, {'J01': 23}, 
4450.0, {'J01': np.float32(-0.04625347)}, {'J01': 8}, {'J01': 25}, 
4455.0, {'J01': np.float32(0.11933395)}, {'J01': 7}, {'J01': 23}, 
4460.0, {'J01': np.float32(-0.36077705)}, {'J01': 7}, {'J01': 25}, 
4465.0, {'J01': np.float32(0.37557817)}, {'J01': 6}, {'J01': 20}, 
4470.0, {'J01': np.float32(0.26086956)}, {'J01': 4}, {'J01': 15}, 
4475.0, {'J01': np.float32(0.21554117)}, {'J01': 3}, {'J01': 12}, 
4480.0, {'J01': np.float32(0.036077704)}, {'J01': 3}, {'J01': 15}, 
4485.0, {'J01': np.float32(-0.30064756)}, {'J01': 6}, {'J01': 21}, 
4490.0, {'J01': np.float32(-0.4107308)}, {'J01': 8}, {'J01': 25}, 
4495.0, {'J01': np.float32(-0.4625347)}, {'J01': 8}, {'J01': 25}, 
4500.0, {'J01': np.float32(0.13228492)}, {'J01': 7}, {'J01': 22}, 
4505.0, {'J01': np.float32(0.57909346)}, {'J01': 5}, {'J01': 16}, 
4510.0, {'J01': np.float32(0.08973173)}, {'J01': 4}, {'J01': 13}, 
4515.0, {'J01': np.float32(0.041628122)}, {'J01': 3}, {'J01': 12}, 
4520.0, {'J01': np.float32(-0.079555966)}, {'J01': 3}, {'J01': 14}, 
4525.0, {'J01': np.float32(0.08510638)}, {'J01': 3}, {'J01': 12}, 
4530.0, {'J01': np.float32(-0.2053654)}, {'J01': 3}, {'J01': 12}, 
4535.0, {'J01': np.float32(-0.24329324)}, {'J01': 5}, {'J01': 19}, 
4540.0, {'J01': np.float32(-0.38760406)}, {'J01': 7}, {'J01': 26}, 
4545.0, {'J01': np.float32(0.023126734)}, {'J01': 8}, {'J01': 27}, 
4550.0, {'J01': np.float32(0.57724327)}, {'J01': 7}, {'J01': 23}, 
4555.0, {'J01': np.float32(0.30989826)}, {'J01': 6}, {'J01': 18}, 
4560.0, {'J01': np.float32(0.13320999)}, {'J01': 5}, {'J01': 18}, 
4565.0, {'J01': np.float32(-0.2599445)}, {'J01': 5}, {'J01': 19}, 
4570.0, {'J01': np.float32(-0.37002775)}, {'J01': 7}, {'J01': 23}, 
4575.0, {'J01': np.float32(-0.45050877)}, {'J01': 8}, {'J01': 26}, 
4580.0, {'J01': np.float32(-0.33024976)}, {'J01': 8}, {'J01': 24}, 
4585.0, {'J01': np.float32(0.613321)}, {'J01': 6}, {'J01': 18}, 
4590.0, {'J01': np.float32(0.76225716)}, {'J01': 4}, {'J01': 13}, 
4595.0, {'J01': np.float32(-0.19796485)}, {'J01': 4}, {'J01': 14}, 
4600.0, {'J01': np.float32(-0.16281222)}, {'J01': 4}, {'J01': 12}, 
4605.0, {'J01': np.float32(0.10083256)}, {'J01': 4}, {'J01': 11}, 
4610.0, {'J01': np.float32(-0.23034227)}, {'J01': 4}, {'J01': 17}, 
4615.0, {'J01': np.float32(0.103607774)}, {'J01': 4}, {'J01': 16}, 
4620.0, {'J01': np.float32(0.29139686)}, {'J01': 4}, {'J01': 9}, 
4625.0, {'J01': np.float32(-0.12580943)}, {'J01': 4}, {'J01': 8}, 
4630.0, {'J01': np.float32(-0.021276595)}, {'J01': 4}, {'J01': 9}, 
4635.0, {'J01': np.float32(0.21831638)}, {'J01': 3}, {'J01': 14}, 
4640.0, {'J01': np.float32(0.0693802)}, {'J01': 4}, {'J01': 16}, 
4645.0, {'J01': np.float32(0.03237743)}, {'J01': 4}, {'J01': 13}, 
4650.0, {'J01': np.float32(-0.18038853)}, {'J01': 4}, {'J01': 18}, 
4655.0, {'J01': np.float32(-0.36725256)}, {'J01': 7}, {'J01': 25}, 
4660.0, {'J01': np.float32(-0.28584644)}, {'J01': 8}, {'J01': 26}, 
4665.0, {'J01': np.float32(0.2987974)}, {'J01': 7}, {'J01': 22}, 
4670.0, {'J01': np.float32(0.015726179)}, {'J01': 7}, {'J01': 23}, 
4675.0, {'J01': np.float32(0.11840888)}, {'J01': 6}, {'J01': 19}, 
4680.0, {'J01': np.float32(0.07770583)}, {'J01': 5}, {'J01': 15}, 
4685.0, {'J01': np.float32(-0.21924144)}, {'J01': 5}, {'J01': 16}, 
4690.0, {'J01': np.float32(-0.31822386)}, {'J01': 5}, {'J01': 21}, 
4695.0, {'J01': np.float32(-0.015726179)}, {'J01': 6}, {'J01': 22}, 
4700.0, {'J01': np.float32(0.82331175)}, {'J01': 4}, {'J01': 13}, 
4705.0, {'J01': np.float32(0.016651249)}, {'J01': 4}, {'J01': 12}, 
4710.0, {'J01': np.float32(-0.12025902)}, {'J01': 4}, {'J01': 15}, 
4715.0, {'J01': np.float32(0.08233117)}, {'J01': 5}, {'J01': 14}, 
4720.0, {'J01': np.float32(-0.004625347)}, {'J01': 4}, {'J01': 11}, 
4725.0, {'J01': np.float32(-0.036077704)}, {'J01': 4}, {'J01': 11}, 
4730.0, {'J01': np.float32(-0.19518964)}, {'J01': 4}, {'J01': 17}, 
4735.0, {'J01': np.float32(-0.34690103)}, {'J01': 7}, {'J01': 25}, 
4740.0, {'J01': np.float32(-0.19426458)}, {'J01': 7}, {'J01': 25}, 
4745.0, {'J01': np.float32(0.22756706)}, {'J01': 4}, {'J01': 15}, 
4750.0, {'J01': np.float32(-0.03422757)}, {'J01': 4}, {'J01': 11}, 
4755.0, {'J01': np.float32(0.078630894)}, {'J01': 4}, {'J01': 9}, 
4760.0, {'J01': np.float32(-0.18778908)}, {'J01': 4}, {'J01': 14}, 
4765.0, {'J01': np.float32(0.010175764)}, {'J01': 4}, {'J01': 12}, 
4770.0, {'J01': np.float32(-0.015726179)}, {'J01': 4}, {'J01': 7}, 
4775.0, {'J01': np.float32(-0.007400555)}, {'J01': 4}, {'J01': 10}, 
4780.0, {'J01': np.float32(-0.04255319)}, {'J01': 4}, {'J01': 7}, 
4785.0, {'J01': np.float32(0.38020352)}, {'J01': 3}, {'J01': 10}, 
4790.0, {'J01': np.float32(0.4653099)}, {'J01': 3}, {'J01': 9}, 
4795.0, {'J01': np.float32(-0.091581866)}, {'J01': 3}, {'J01': 6}, 
4800.0, {'J01': np.float32(0.34227568)}, {'J01': 3}, {'J01': 9}, 
4805.0, {'J01': np.float32(0.30157262)}, {'J01': 3}, {'J01': 12}, 
4810.0, {'J01': np.float32(0.005550416)}, {'J01': 3}, {'J01': 6}, 
4815.0, {'J01': np.float32(-0.04347826)}, {'J01': 3}, {'J01': 9}, 
4820.0, {'J01': np.float32(0.052728955)}, {'J01': 3}, {'J01': 14}, 
4825.0, {'J01': np.float32(0.06012951)}, {'J01': 4}, {'J01': 12}, 
4830.0, {'J01': np.float32(-0.11285847)}, {'J01': 3}, {'J01': 13}, 
4835.0, {'J01': np.float32(-0.017576318)}, {'J01': 5}, {'J01': 15}, 
4840.0, {'J01': np.float32(0.026827011)}, {'J01': 6}, {'J01': 15}, 
4845.0, {'J01': np.float32(-0.10638298)}, {'J01': 5}, {'J01': 16}, 
4850.0, {'J01': np.float32(0.021276595)}, {'J01': 4}, {'J01': 12}, 
4855.0, {'J01': np.float32(0.012025902)}, {'J01': 4}, {'J01': 9}, 
4860.0, {'J01': np.float32(0.115633674)}, {'J01': 4}, {'J01': 7}, 
4865.0, {'J01': np.float32(-0.12025902)}, {'J01': 4}, {'J01': 9}, 
4870.0, {'J01': np.float32(-0.16651249)}, {'J01': 4}, {'J01': 9}, 
4875.0, {'J01': np.float32(-0.16651249)}, {'J01': 4}, {'J01': 9}, 
4880.0, {'J01': np.float32(-0.16651249)}, {'J01': 4}, {'J01': 9}, 
4885.0, {'J01': np.float32(-0.16651249)}, {'J01': 4}, {'J01': 9}, 
4890.0, {'J01': np.float32(0.012025902)}, {'J01': 4}, {'J01': 11}, 
4895.0, {'J01': np.float32(0.02867715)}, {'J01': 4}, {'J01': 10}, 
4900.0, {'J01': np.float32(-0.18871415)}, {'J01': 4}, {'J01': 11}, 
4905.0, {'J01': np.float32(-0.07585569)}, {'J01': 4}, {'J01': 16}, 
4910.0, {'J01': np.float32(-0.02867715)}, {'J01': 5}, {'J01': 17}, 
4915.0, {'J01': np.float32(0.28214616)}, {'J01': 5}, {'J01': 16}, 
4920.0, {'J01': np.float32(0.10545791)}, {'J01': 4}, {'J01': 14}, 
4925.0, {'J01': np.float32(-0.03237743)}, {'J01': 4}, {'J01': 12}, 
4930.0, {'J01': np.float32(0.02867715)}, {'J01': 4}, {'J01': 9}, 
4935.0, {'J01': np.float32(-0.07308048)}, {'J01': 4}, {'J01': 9}, 
4940.0, {'J01': np.float32(-0.0453284)}, {'J01': 3}, {'J01': 14}, 
4945.0, {'J01': np.float32(0.0573543)}, {'J01': 6}, {'J01': 14}, 
4950.0, {'J01': np.float32(0.15818687)}, {'J01': 8}, {'J01': 16}, 
4955.0, {'J01': np.float32(0.12673451)}, {'J01': 8}, {'J01': 21}, 
4960.0, {'J01': np.float32(-0.04255319)}, {'J01': 7}, {'J01': 21}, 
4965.0, {'J01': np.float32(-0.29139686)}, {'J01': 6}, {'J01': 20}, 
4970.0, {'J01': np.float32(-0.039777983)}, {'J01': 5}, {'J01': 17}, 
4975.0, {'J01': np.float32(0.17576317)}, {'J01': 4}, {'J01': 12}, 
4980.0, {'J01': np.float32(0.2812211)}, {'J01': 4}, {'J01': 8}, 
4985.0, {'J01': np.float32(-0.06567992)}, {'J01': 4}, {'J01': 11}, 
4990.0, {'J01': np.float32(-0.23219241)}, {'J01': 7}, {'J01': 17}, 
4995.0, {'J01': np.float32(-0.33672526)}, {'J01': 8}, {'J01': 20}, 
5000.0, {'J01': np.float32(-0.3746531)}, {'J01': 8}, {'J01': 21}, 
5005.0, {'J01': np.float32(-0.3959297)}, {'J01': 8}, {'J01': 22}, 
5010.0, {'J01': np.float32(0.23311749)}, {'J01': 7}, {'J01': 19}, 
5015.0, {'J01': np.float32(0.20629047)}, {'J01': 4}, {'J01': 14}, 
5020.0, {'J01': np.float32(0.20351526)}, {'J01': 4}, {'J01': 10}, 
5025.0, {'J01': np.float32(0.30157262)}, {'J01': 4}, {'J01': 6}, 
5030.0, {'J01': np.float32(0.17946346)}, {'J01': 3}, {'J01': 7}, 
5035.0, {'J01': np.float32(0.2839963)}, {'J01': 4}, {'J01': 10}, 
5040.0, {'J01': np.float32(0.023126734)}, {'J01': 5}, {'J01': 11}, 
5045.0, {'J01': np.float32(0.13135985)}, {'J01': 5}, {'J01': 10}, 
5050.0, {'J01': np.float32(0.15078631)}, {'J01': 6}, {'J01': 11}, 
5055.0, {'J01': np.float32(-0.23496762)}, {'J01': 7}, {'J01': 18}, 
5060.0, {'J01': np.float32(-0.15171137)}, {'J01': 7}, {'J01': 18}, 
5065.0, {'J01': np.float32(-0.103607774)}, {'J01': 6}, {'J01': 16}, 
5070.0, {'J01': np.float32(-0.2960222)}, {'J01': 6}, {'J01': 16}, 
5075.0, {'J01': np.float32(-0.29787233)}, {'J01': 7}, {'J01': 18}, 
5080.0, {'J01': np.float32(-0.06567992)}, {'J01': 7}, {'J01': 18}, 
5085.0, {'J01': np.float32(0.5402405)}, {'J01': 4}, {'J01': 12}, 
5090.0, {'J01': np.float32(-0.08973173)}, {'J01': 4}, {'J01': 11}, 
5095.0, {'J01': np.float32(0.0037002775)}, {'J01': 4}, {'J01': 10}, 
5100.0, {'J01': np.float32(-0.037002776)}, {'J01': 7}, {'J01': 14}, 
5105.0, {'J01': np.float32(-0.28862163)}, {'J01': 8}, {'J01': 20}, 
5110.0, {'J01': np.float32(-0.37002775)}, {'J01': 8}, {'J01': 20}, 
5115.0, {'J01': np.float32(0.27844587)}, {'J01': 7}, {'J01': 17}, 
5120.0, {'J01': np.float32(0.41258094)}, {'J01': 4}, {'J01': 12}, 
5125.0, {'J01': np.float32(0.15541166)}, {'J01': 4}, {'J01': 8}, 
5130.0, {'J01': np.float32(0.062904716)}, {'J01': 4}, {'J01': 6}, 
5135.0, {'J01': np.float32(-0.12765957)}, {'J01': 4}, {'J01': 10}, 
5140.0, {'J01': np.float32(-0.21276596)}, {'J01': 6}, {'J01': 15}, 
5145.0, {'J01': np.float32(0.026827011)}, {'J01': 8}, {'J01': 19}, 
5150.0, {'J01': np.float32(0.3441258)}, {'J01': 7}, {'J01': 16}, 
5155.0, {'J01': np.float32(0.078630894)}, {'J01': 7}, {'J01': 14}, 
5160.0, {'J01': np.float32(-0.25901943)}, {'J01': 7}, {'J01': 14}, 
5165.0, {'J01': np.float32(-0.26086956)}, {'J01': 7}, {'J01': 15}, 
5170.0, {'J01': np.float32(-0.03052729)}, {'J01': 7}, {'J01': 17}, 
5175.0, {'J01': np.float32(0.5217391)}, {'J01': 4}, {'J01': 12}, 
5180.0, {'J01': np.float32(0.34135062)}, {'J01': 4}, {'J01': 8}, 
5185.0, {'J01': np.float32(0.29417205)}, {'J01': 2}, {'J01': 4}, 
5190.0, {'J01': np.float32(-0.08973173)}, {'J01': 3}, {'J01': 8}, 
5195.0, {'J01': np.float32(0.049953748)}, {'J01': 3}, {'J01': 7}, 
5200.0, {'J01': np.float32(-0.062904716)}, {'J01': 4}, {'J01': 7}, 
5205.0, {'J01': np.float32(-0.021276595)}, {'J01': 4}, {'J01': 11}, 
5210.0, {'J01': np.float32(0.07400555)}, {'J01': 5}, {'J01': 13}, 
5215.0, {'J01': np.float32(-0.15541166)}, {'J01': 4}, {'J01': 12}, 
5220.0, {'J01': np.float32(-0.011100832)}, {'J01': 3}, {'J01': 10}, 
5225.0, {'J01': np.float32(0.004625347)}, {'J01': 4}, {'J01': 10}, 
5230.0, {'J01': np.float32(-0.07400555)}, {'J01': 7}, {'J01': 14}, 
5235.0, {'J01': np.float32(-0.28492138)}, {'J01': 8}, {'J01': 18}, 
5240.0, {'J01': np.float32(-0.1359852)}, {'J01': 7}, {'J01': 18}, 
5245.0, {'J01': np.float32(-0.18038853)}, {'J01': 6}, {'J01': 17}, 
5250.0, {'J01': np.float32(-0.009250694)}, {'J01': 5}, {'J01': 15}, 
5255.0, {'J01': np.float32(0.44773358)}, {'J01': 4}, {'J01': 9}, 
5260.0, {'J01': np.float32(0.23774283)}, {'J01': 4}, {'J01': 6}, 
5265.0, {'J01': np.float32(-0.111008324)}, {'J01': 4}, {'J01': 6}, 
5270.0, {'J01': np.float32(-0.111008324)}, {'J01': 4}, {'J01': 6}, 
5275.0, {'J01': np.float32(0.033302497)}, {'J01': 3}, {'J01': 7}, 
5280.0, {'J01': np.float32(0.1933395)}, {'J01': 4}, {'J01': 10}, 
5285.0, {'J01': np.float32(-0.111933395)}, {'J01': 6}, {'J01': 15}, 
5290.0, {'J01': np.float32(-0.3117484)}, {'J01': 8}, {'J01': 20}, 
5295.0, {'J01': np.float32(-0.21554117)}, {'J01': 7}, {'J01': 18}, 
5300.0, {'J01': np.float32(0.11933395)}, {'J01': 4}, {'J01': 12}, 
5305.0, {'J01': np.float32(0.1026827)}, {'J01': 4}, {'J01': 10}, 
5310.0, {'J01': np.float32(0.06105458)}, {'J01': 4}, {'J01': 10}, 
5315.0, {'J01': np.float32(-0.21461609)}, {'J01': 7}, {'J01': 17}, 
5320.0, {'J01': np.float32(0.051803887)}, {'J01': 7}, {'J01': 19}, 
5325.0, {'J01': np.float32(0.23404256)}, {'J01': 4}, {'J01': 14}, 
5330.0, {'J01': np.float32(-0.03422757)}, {'J01': 4}, {'J01': 10}, 
5335.0, {'J01': np.float32(0.1387604)}, {'J01': 3}, {'J01': 7}, 
5340.0, {'J01': np.float32(0.16281222)}, {'J01': 3}, {'J01': 9}, 
5345.0, {'J01': np.float32(-0.08510638)}, {'J01': 6}, {'J01': 15}, 
5350.0, {'J01': np.float32(-0.08510638)}, {'J01': 7}, {'J01': 18}, 
5355.0, {'J01': np.float32(-0.002775208)}, {'J01': 4}, {'J01': 12}, 
5360.0, {'J01': np.float32(-0.16096207)}, {'J01': 4}, {'J01': 11}, 
5365.0, {'J01': np.float32(-0.20351526)}, {'J01': 4}, {'J01': 11}, 
5370.0, {'J01': np.float32(-0.23126735)}, {'J01': 7}, {'J01': 17}, 
5375.0, {'J01': np.float32(-0.10638298)}, {'J01': 7}, {'J01': 18}, 
5380.0, {'J01': np.float32(0.3172988)}, {'J01': 4}, {'J01': 12}, 
5385.0, {'J01': np.float32(0.018501388)}, {'J01': 4}, {'J01': 8}, 
5390.0, {'J01': np.float32(-0.009250694)}, {'J01': 4}, {'J01': 6}, 
5395.0, {'J01': np.float32(-0.12858464)}, {'J01': 4}, {'J01': 10}, 
5400.0, {'J01': np.float32(0.09898242)}, {'J01': 7}, {'J01': 16}, 
