5.0, {'J01': np.float32(-0.0)}, {'J01': 0}, {'J01': 0}, 
10.0, {'J01': np.float32(-0.0)}, {'J01': 0}, {'J01': 0}, 
15.0, {'J01': np.float32(-0.002775208)}, {'J01': 1}, {'J01': 1}, 
20.0, {'J01': np.float32(-0.47309157)}, {'J01': 2}, {'J01': 6}, 
25.0, {'J01': np.float32(-1.1341628)}, {'J01': 4}, {'J01': 7}, 
30.0, {'J01': np.float32(-1.1998427)}, {'J01': 4}, {'J01': 10}, 
35.0, {'J01': np.float32(-1.3665521)}, {'J01': 4}, {'J01': 14}, 
40.0, {'J01': np.float32(3.0)}, {'J01': 4}, {'J01': 12}, 
45.0, {'J01': np.float32(-1.0914191)}, {'J01': 5}, {'J01': 16}, 
50.0, {'J01': np.float32(-2.4499102)}, {'J01': 6}, {'J01': 24}, 
55.0, {'J01': np.float32(-2.1297684)}, {'J01': 7}, {'J01': 22}, 
60.0, {'J01': np.float32(3.0)}, {'J01': 6}, {'J01': 15}, 
65.0, {'J01': np.float32(-0.7237065)}, {'J01': 6}, {'J01': 21}, 
70.0, {'J01': np.float32(-0.08225856)}, {'J01': 6}, {'J01': 22}, 
75.0, {'J01': np.float32(-1.6000018)}, {'J01': 8}, {'J01': 27}, 
80.0, {'J01': np.float32(-3.0)}, {'J01': 8}, {'J01': 33}, 
85.0, {'J01': np.float32(0.43894014)}, {'J01': 8}, {'J01': 30}, 
90.0, {'J01': np.float32(-2.5801647)}, {'J01': 8}, {'J01': 29}, 
95.0, {'J01': np.float32(-3.0)}, {'J01': 8}, {'J01': 30}, 
100.0, {'J01': np.float32(3.0)}, {'J01': 8}, {'J01': 31}, 
105.0, {'J01': np.float32(-3.0)}, {'J01': 8}, {'J01': 33}, 
110.0, {'J01': np.float32(-3.0)}, {'J01': 7}, {'J01': 28}, 
115.0, {'J01': np.float32(3.0)}, {'J01': 6}, {'J01': 22}, 
120.0, {'J01': np.float32(-1.4147409)}, {'J01': 6}, {'J01': 27}, 
125.0, {'J01': np.float32(-1.1336274)}, {'J01': 6}, {'J01': 25}, 
130.0, {'J01': np.float32(-1.9213938)}, {'J01': 8}, {'J01': 28}, 
135.0, {'J01': np.float32(0.8733527)}, {'J01': 8}, {'J01': 31}, 
140.0, {'J01': np.float32(-1.4219569)}, {'J01': 8}, {'J01': 32}, 
145.0, {'J01': np.float32(-3.0)}, {'J01': 8}, {'J01': 33}, 
150.0, {'J01': np.float32(3.0)}, {'J01': 8}, {'J01': 34}, 
155.0, {'J01': np.float32(-3.0)}, {'J01': 8}, {'J01': 37}, 
160.0, {'J01': np.float32(-3.0)}, {'J01': 8}, {'J01': 41}, 
165.0, {'J01': np.float32(-3.0)}, {'J01': 8}, {'J01': 42}, 
170.0, {'J01': np.float32(-3.0)}, {'J01': 8}, {'J01': 47}, 
175.0, {'J01': np.float32(3.0)}, {'J01': 8}, {'J01': 44}, 
180.0, {'J01': np.float32(-0.47560036)}, {'J01': 8}, {'J01': 41}, 
185.0, {'J01': np.float32(-0.5203535)}, {'J01': 9}, {'J01': 40}, 
190.0, {'J01': np.float32(-0.5465828)}, {'J01': 9}, {'J01': 41}, 
195.0, {'J01': np.float32(-0.655741)}, {'J01': 9}, {'J01': 40}, 
200.0, {'J01': np.float32(0.98055446)}, {'J01': 10}, {'J01': 38}, 
205.0, {'J01': np.float32(-1.7781425)}, {'J01': 10}, {'J01': 43}, 
210.0, {'J01': np.float32(-3.0)}, {'J01': 10}, {'J01': 45}, 
215.0, {'J01': np.float32(0.08359787)}, {'J01': 8}, {'J01': 35}, 
220.0, {'J01': np.float32(-3.0)}, {'J01': 6}, {'J01': 29}, 
225.0, {'J01': np.float32(-3.0)}, {'J01': 8}, {'J01': 34}, 
230.0, {'J01': np.float32(3.0)}, {'J01': 8}, {'J01': 37}, 
235.0, {'J01': np.float32(-0.50894135)}, {'J01': 8}, {'J01': 38}, 
240.0, {'J01': np.float32(-2.6749465)}, {'J01': 8}, {'J01': 41}, 
245.0, {'J01': np.float32(-3.0)}, {'J01': 9}, {'J01': 44}, 
250.0, {'J01': np.float32(3.0)}, {'J01': 9}, {'J01': 42}, 
255.0, {'J01': np.float32(-0.95121926)}, {'J01': 9}, {'J01': 42}, 
260.0, {'J01': np.float32(-3.0)}, {'J01': 9}, {'J01': 45}, 
265.0, {'J01': np.float32(-0.82251173)}, {'J01': 10}, {'J01': 43}, 
270.0, {'J01': np.float32(2.1697884)}, {'J01': 11}, {'J01': 45}, 
275.0, {'J01': np.float32(-2.9988337)}, {'J01': 12}, {'J01': 50}, 
280.0, {'J01': np.float32(1.8917273)}, {'J01': 13}, {'J01': 47}, 
285.0, {'J01': np.float32(-2.1786568)}, {'J01': 13}, {'J01': 46}, 
290.0, {'J01': np.float32(-3.0)}, {'J01': 15}, {'J01': 51}, 
295.0, {'J01': np.float32(-3.0)}, {'J01': 16}, {'J01': 54}, 
300.0, {'J01': np.float32(3.0)}, {'J01': 16}, {'J01': 52}, 
305.0, {'J01': np.float32(-2.0144362)}, {'J01': 17}, {'J01': 53}, 
310.0, {'J01': np.float32(-3.0)}, {'J01': 17}, {'J01': 55}, 
315.0, {'J01': np.float32(-3.0)}, {'J01': 18}, {'J01': 58}, 
320.0, {'J01': np.float32(3.0)}, {'J01': 19}, {'J01': 57}, 
325.0, {'J01': np.float32(-1.9238428)}, {'J01': 21}, {'J01': 60}, 
330.0, {'J01': np.float32(3.0)}, {'J01': 21}, {'J01': 60}, 
335.0, {'J01': np.float32(-3.0)}, {'J01': 22}, {'J01': 62}, 
340.0, {'J01': np.float32(-3.0)}, {'J01': 23}, {'J01': 64}, 
345.0, {'J01': np.float32(-3.0)}, {'J01': 23}, {'J01': 64}, 
350.0, {'J01': np.float32(-3.0)}, {'J01': 23}, {'J01': 65}, 
355.0, {'J01': np.float32(3.0)}, {'J01': 23}, {'J01': 61}, 
360.0, {'J01': np.float32(3.0)}, {'J01': 25}, {'J01': 62}, 
365.0, {'J01': np.float32(-2.0667956)}, {'J01': 25}, {'J01': 66}, 
370.0, {'J01': np.float32(-0.26182073)}, {'J01': 25}, {'J01': 65}, 
375.0, {'J01': np.float32(-2.467703)}, {'J01': 25}, {'J01': 65}, 
380.0, {'J01': np.float32(3.0)}, {'J01': 21}, {'J01': 51}, 
385.0, {'J01': np.float32(-3.0)}, {'J01': 21}, {'J01': 49}, 
390.0, {'J01': np.float32(3.0)}, {'J01': 21}, {'J01': 51}, 
395.0, {'J01': np.float32(-3.0)}, {'J01': 21}, {'J01': 52}, 
400.0, {'J01': np.float32(-2.3040211)}, {'J01': 23}, {'J01': 55}, 
405.0, {'J01': np.float32(3.0)}, {'J01': 24}, {'J01': 54}, 
410.0, {'J01': np.float32(-0.92600185)}, {'J01': 25}, {'J01': 54}, 
415.0, {'J01': np.float32(1.1577995)}, {'J01': 27}, {'J01': 56}, 
420.0, {'J01': np.float32(-2.1103737)}, {'J01': 27}, {'J01': 56}, 
425.0, {'J01': np.float32(-3.0)}, {'J01': 27}, {'J01': 61}, 
430.0, {'J01': np.float32(-3.0)}, {'J01': 27}, {'J01': 64}, 
435.0, {'J01': np.float32(-3.0)}, {'J01': 27}, {'J01': 67}, 
440.0, {'J01': np.float32(3.0)}, {'J01': 26}, {'J01': 60}, 
445.0, {'J01': np.float32(1.8948281)}, {'J01': 23}, {'J01': 46}, 
450.0, {'J01': np.float32(-3.0)}, {'J01': 21}, {'J01': 41}, 
455.0, {'J01': np.float32(-3.0)}, {'J01': 20}, {'J01': 39}, 
460.0, {'J01': np.float32(-3.0)}, {'J01': 18}, {'J01': 38}, 
465.0, {'J01': np.float32(-3.0)}, {'J01': 16}, {'J01': 37}, 
470.0, {'J01': np.float32(3.0)}, {'J01': 16}, {'J01': 36}, 
475.0, {'J01': np.float32(-0.5842963)}, {'J01': 17}, {'J01': 42}, 
480.0, {'J01': np.float32(-3.0)}, {'J01': 21}, {'J01': 50}, 
485.0, {'J01': np.float32(-3.0)}, {'J01': 21}, {'J01': 52}, 
490.0, {'J01': np.float32(3.0)}, {'J01': 23}, {'J01': 51}, 
495.0, {'J01': np.float32(-2.8425653)}, {'J01': 23}, {'J01': 51}, 
500.0, {'J01': np.float32(-3.0)}, {'J01': 26}, {'J01': 57}, 
505.0, {'J01': np.float32(-3.0)}, {'J01': 27}, {'J01': 61}, 
510.0, {'J01': np.float32(-3.0)}, {'J01': 27}, {'J01': 61}, 
515.0, {'J01': np.float32(1.398469)}, {'J01': 27}, {'J01': 59}, 
520.0, {'J01': np.float32(-3.0)}, {'J01': 28}, {'J01': 60}, 
525.0, {'J01': np.float32(-3.0)}, {'J01': 28}, {'J01': 63}, 
530.0, {'J01': np.float32(-3.0)}, {'J01': 30}, {'J01': 67}, 
535.0, {'J01': np.float32(-2.3380573)}, {'J01': 30}, {'J01': 65}, 
540.0, {'J01': np.float32(-3.0)}, {'J01': 30}, {'J01': 65}, 
545.0, {'J01': np.float32(-3.0)}, {'J01': 30}, {'J01': 67}, 
550.0, {'J01': np.float32(-3.0)}, {'J01': 30}, {'J01': 67}, 
555.0, {'J01': np.float32(-3.0)}, {'J01': 30}, {'J01': 68}, 
560.0, {'J01': np.float32(3.0)}, {'J01': 30}, {'J01': 66}, 
565.0, {'J01': np.float32(-3.0)}, {'J01': 31}, {'J01': 66}, 
570.0, {'J01': np.float32(-3.0)}, {'J01': 31}, {'J01': 70}, 
575.0, {'J01': np.float32(-3.0)}, {'J01': 32}, {'J01': 74}, 
580.0, {'J01': np.float32(-2.12032)}, {'J01': 32}, {'J01': 73}, 
585.0, {'J01': np.float32(-3.0)}, {'J01': 33}, {'J01': 72}, 
590.0, {'J01': np.float32(-3.0)}, {'J01': 34}, {'J01': 75}, 
595.0, {'J01': np.float32(-3.0)}, {'J01': 34}, {'J01': 78}, 
600.0, {'J01': np.float32(-3.0)}, {'J01': 37}, {'J01': 82}, 
605.0, {'J01': np.float32(-1.9173841)}, {'J01': 37}, {'J01': 81}, 
610.0, {'J01': np.float32(-3.0)}, {'J01': 37}, {'J01': 80}, 
615.0, {'J01': np.float32(-3.0)}, {'J01': 37}, {'J01': 78}, 
620.0, {'J01': np.float32(-3.0)}, {'J01': 37}, {'J01': 79}, 
625.0, {'J01': np.float32(-3.0)}, {'J01': 37}, {'J01': 83}, 
630.0, {'J01': np.float32(-3.0)}, {'J01': 37}, {'J01': 81}, 
635.0, {'J01': np.float32(3.0)}, {'J01': 38}, {'J01': 82}, 
640.0, {'J01': np.float32(-2.359921)}, {'J01': 38}, {'J01': 86}, 
645.0, {'J01': np.float32(-3.0)}, {'J01': 38}, {'J01': 86}, 
650.0, {'J01': np.float32(3.0)}, {'J01': 34}, {'J01': 73}, 
655.0, {'J01': np.float32(1.9865065)}, {'J01': 32}, {'J01': 60}, 
660.0, {'J01': np.float32(3.0)}, {'J01': 30}, {'J01': 55}, 
665.0, {'J01': np.float32(-1.3404275)}, {'J01': 30}, {'J01': 58}, 
670.0, {'J01': np.float32(-3.0)}, {'J01': 30}, {'J01': 68}, 
675.0, {'J01': np.float32(-3.0)}, {'J01': 30}, {'J01': 77}, 
680.0, {'J01': np.float32(-3.0)}, {'J01': 30}, {'J01': 73}, 
685.0, {'J01': np.float32(3.0)}, {'J01': 35}, {'J01': 73}, 
690.0, {'J01': np.float32(-2.4685857)}, {'J01': 38}, {'J01': 77}, 
695.0, {'J01': np.float32(-3.0)}, {'J01': 38}, {'J01': 80}, 
700.0, {'J01': np.float32(1.8561645)}, {'J01': 38}, {'J01': 76}, 
705.0, {'J01': np.float32(-1.0477108)}, {'J01': 40}, {'J01': 80}, 
710.0, {'J01': np.float32(-2.811667)}, {'J01': 40}, {'J01': 79}, 
715.0, {'J01': np.float32(-3.0)}, {'J01': 40}, {'J01': 81}, 
720.0, {'J01': np.float32(-3.0)}, {'J01': 40}, {'J01': 78}, 
725.0, {'J01': np.float32(3.0)}, {'J01': 40}, {'J01': 84}, 
730.0, {'J01': np.float32(-3.0)}, {'J01': 40}, {'J01': 87}, 
735.0, {'J01': np.float32(-3.0)}, {'J01': 40}, {'J01': 87}, 
740.0, {'J01': np.float32(-3.0)}, {'J01': 40}, {'J01': 85}, 
745.0, {'J01': np.float32(3.0)}, {'J01': 40}, {'J01': 80}, 
750.0, {'J01': np.float32(-3.0)}, {'J01': 40}, {'J01': 80}, 
755.0, {'J01': np.float32(-3.0)}, {'J01': 40}, {'J01': 78}, 
760.0, {'J01': np.float32(-3.0)}, {'J01': 40}, {'J01': 78}, 
765.0, {'J01': np.float32(-3.0)}, {'J01': 40}, {'J01': 80}, 
770.0, {'J01': np.float32(-3.0)}, {'J01': 40}, {'J01': 83}, 
775.0, {'J01': np.float32(3.0)}, {'J01': 40}, {'J01': 83}, 
780.0, {'J01': np.float32(-0.8280131)}, {'J01': 40}, {'J01': 76}, 
785.0, {'J01': np.float32(-3.0)}, {'J01': 40}, {'J01': 78}, 
790.0, {'J01': np.float32(-3.0)}, {'J01': 40}, {'J01': 80}, 
795.0, {'J01': np.float32(3.0)}, {'J01': 36}, {'J01': 66}, 
800.0, {'J01': np.float32(-0.48303396)}, {'J01': 36}, {'J01': 63}, 
805.0, {'J01': np.float32(2.6902008)}, {'J01': 34}, {'J01': 57}, 
810.0, {'J01': np.float32(3.0)}, {'J01': 32}, {'J01': 49}, 
815.0, {'J01': np.float32(1.2216926)}, {'J01': 30}, {'J01': 50}, 
820.0, {'J01': np.float32(-1.2520833)}, {'J01': 30}, {'J01': 58}, 
825.0, {'J01': np.float32(-2.865802)}, {'J01': 30}, {'J01': 61}, 
830.0, {'J01': np.float32(1.6159909)}, {'J01': 30}, {'J01': 58}, 
835.0, {'J01': np.float32(-1.6594901)}, {'J01': 33}, {'J01': 64}, 
840.0, {'J01': np.float32(-3.0)}, {'J01': 37}, {'J01': 72}, 
845.0, {'J01': np.float32(-0.91711515)}, {'J01': 38}, {'J01': 70}, 
850.0, {'J01': np.float32(-3.0)}, {'J01': 38}, {'J01': 68}, 
855.0, {'J01': np.float32(3.0)}, {'J01': 38}, {'J01': 68}, 
860.0, {'J01': np.float32(-2.7260513)}, {'J01': 38}, {'J01': 69}, 
865.0, {'J01': np.float32(0.061584365)}, {'J01': 38}, {'J01': 67}, 
870.0, {'J01': np.float32(2.7262764)}, {'J01': 38}, {'J01': 61}, 
875.0, {'J01': np.float32(-2.880762)}, {'J01': 38}, {'J01': 67}, 
880.0, {'J01': np.float32(-3.0)}, {'J01': 38}, {'J01': 72}, 
885.0, {'J01': np.float32(-2.569418)}, {'J01': 38}, {'J01': 80}, 
890.0, {'J01': np.float32(-3.0)}, {'J01': 38}, {'J01': 80}, 
895.0, {'J01': np.float32(3.0)}, {'J01': 39}, {'J01': 75}, 
900.0, {'J01': np.float32(-2.6784167)}, {'J01': 40}, {'J01': 76}, 
905.0, {'J01': np.float32(-1.9906931)}, {'J01': 40}, {'J01': 76}, 
910.0, {'J01': np.float32(-3.0)}, {'J01': 40}, {'J01': 77}, 
915.0, {'J01': np.float32(-3.0)}, {'J01': 40}, {'J01': 74}, 
920.0, {'J01': np.float32(3.0)}, {'J01': 40}, {'J01': 73}, 
925.0, {'J01': np.float32(0.5177183)}, {'J01': 40}, {'J01': 79}, 
930.0, {'J01': np.float32(-0.68700314)}, {'J01': 40}, {'J01': 79}, 
935.0, {'J01': np.float32(-0.9715097)}, {'J01': 40}, {'J01': 77}, 
940.0, {'J01': np.float32(-0.8879602)}, {'J01': 40}, {'J01': 77}, 
945.0, {'J01': np.float32(-1.1099657)}, {'J01': 40}, {'J01': 78}, 
950.0, {'J01': np.float32(-1.0495254)}, {'J01': 40}, {'J01': 75}, 
955.0, {'J01': np.float32(-1.7422444)}, {'J01': 40}, {'J01': 70}, 
960.0, {'J01': np.float32(0.77470684)}, {'J01': 40}, {'J01': 61}, 
965.0, {'J01': np.float32(1.5557882)}, {'J01': 37}, {'J01': 60}, 
970.0, {'J01': np.float32(0.8139295)}, {'J01': 33}, {'J01': 53}, 
975.0, {'J01': np.float32(-3.0)}, {'J01': 33}, {'J01': 53}, 
980.0, {'J01': np.float32(-3.0)}, {'J01': 33}, {'J01': 59}, 
985.0, {'J01': np.float32(1.2482078)}, {'J01': 33}, {'J01': 63}, 
990.0, {'J01': np.float32(3.0)}, {'J01': 33}, {'J01': 65}, 
995.0, {'J01': np.float32(-1.850115)}, {'J01': 33}, {'J01': 65}, 
1000.0, {'J01': np.float32(-3.0)}, {'J01': 39}, {'J01': 73}, 
1005.0, {'J01': np.float32(-0.6082963)}, {'J01': 40}, {'J01': 70}, 
1010.0, {'J01': np.float32(3.0)}, {'J01': 38}, {'J01': 65}, 
1015.0, {'J01': np.float32(-0.737315)}, {'J01': 37}, {'J01': 67}, 
1020.0, {'J01': np.float32(-3.0)}, {'J01': 37}, {'J01': 68}, 
1025.0, {'J01': np.float32(-3.0)}, {'J01': 37}, {'J01': 73}, 
1030.0, {'J01': np.float32(3.0)}, {'J01': 37}, {'J01': 72}, 
1035.0, {'J01': np.float32(-1.9119037)}, {'J01': 37}, {'J01': 69}, 
1040.0, {'J01': np.float32(-1.9627826)}, {'J01': 37}, {'J01': 67}, 
1045.0, {'J01': np.float32(3.0)}, {'J01': 38}, {'J01': 69}, 
1050.0, {'J01': np.float32(-1.2162629)}, {'J01': 38}, {'J01': 74}, 
1055.0, {'J01': np.float32(-2.2483811)}, {'J01': 38}, {'J01': 76}, 
1060.0, {'J01': np.float32(-1.6161498)}, {'J01': 38}, {'J01': 74}, 
1065.0, {'J01': np.float32(-3.0)}, {'J01': 39}, {'J01': 75}, 
1070.0, {'J01': np.float32(-2.8105202)}, {'J01': 40}, {'J01': 72}, 
1075.0, {'J01': np.float32(-3.0)}, {'J01': 40}, {'J01': 72}, 
1080.0, {'J01': np.float32(3.0)}, {'J01': 40}, {'J01': 73}, 
1085.0, {'J01': np.float32(-0.7047086)}, {'J01': 40}, {'J01': 72}, 
1090.0, {'J01': np.float32(-0.8731766)}, {'J01': 40}, {'J01': 73}, 
1095.0, {'J01': np.float32(-1.1337354)}, {'J01': 40}, {'J01': 73}, 
1100.0, {'J01': np.float32(-1.334666)}, {'J01': 40}, {'J01': 74}, 
1105.0, {'J01': np.float32(-2.4494023)}, {'J01': 40}, {'J01': 77}, 
1110.0, {'J01': np.float32(0.36898613)}, {'J01': 40}, {'J01': 74}, 
1115.0, {'J01': np.float32(-1.1244848)}, {'J01': 40}, {'J01': 74}, 
1120.0, {'J01': np.float32(-1.0901783)}, {'J01': 40}, {'J01': 73}, 
1125.0, {'J01': np.float32(-1.5683126)}, {'J01': 40}, {'J01': 74}, 
1130.0, {'J01': np.float32(3.0)}, {'J01': 37}, {'J01': 65}, 
1135.0, {'J01': np.float32(3.0)}, {'J01': 36}, {'J01': 60}, 
1140.0, {'J01': np.float32(1.1485718)}, {'J01': 34}, {'J01': 62}, 
1145.0, {'J01': np.float32(-2.2520006)}, {'J01': 34}, {'J01': 65}, 
1150.0, {'J01': np.float32(-2.7646272)}, {'J01': 34}, {'J01': 67}, 
1155.0, {'J01': np.float32(-2.990224)}, {'J01': 34}, {'J01': 65}, 
1160.0, {'J01': np.float32(3.0)}, {'J01': 36}, {'J01': 62}, 
1165.0, {'J01': np.float32(-2.1515017)}, {'J01': 37}, {'J01': 66}, 
1170.0, {'J01': np.float32(-0.5974565)}, {'J01': 39}, {'J01': 71}, 
1175.0, {'J01': np.float32(-3.0)}, {'J01': 39}, {'J01': 70}, 
1180.0, {'J01': np.float32(-3.0)}, {'J01': 39}, {'J01': 74}, 
1185.0, {'J01': np.float32(3.0)}, {'J01': 39}, {'J01': 75}, 
1190.0, {'J01': np.float32(3.0)}, {'J01': 36}, {'J01': 66}, 
1195.0, {'J01': np.float32(-2.5331078)}, {'J01': 36}, {'J01': 67}, 
1200.0, {'J01': np.float32(-3.0)}, {'J01': 36}, {'J01': 69}, 
1205.0, {'J01': np.float32(3.0)}, {'J01': 34}, {'J01': 65}, 
1210.0, {'J01': np.float32(-3.0)}, {'J01': 33}, {'J01': 63}, 
1215.0, {'J01': np.float32(-3.0)}, {'J01': 33}, {'J01': 64}, 
1220.0, {'J01': np.float32(3.0)}, {'J01': 33}, {'J01': 66}, 
1225.0, {'J01': np.float32(3.0)}, {'J01': 30}, {'J01': 57}, 
1230.0, {'J01': np.float32(-2.6232285)}, {'J01': 29}, {'J01': 52}, 
1235.0, {'J01': np.float32(-3.0)}, {'J01': 33}, {'J01': 62}, 
1240.0, {'J01': np.float32(-3.0)}, {'J01': 33}, {'J01': 64}, 
1245.0, {'J01': np.float32(-3.0)}, {'J01': 33}, {'J01': 64}, 
1250.0, {'J01': np.float32(3.0)}, {'J01': 33}, {'J01': 62}, 
1255.0, {'J01': np.float32(-0.6250922)}, {'J01': 35}, {'J01': 66}, 
1260.0, {'J01': np.float32(0.15298122)}, {'J01': 38}, {'J01': 68}, 
1265.0, {'J01': np.float32(-1.1815064)}, {'J01': 40}, {'J01': 64}, 
1270.0, {'J01': np.float32(-1.7201611)}, {'J01': 40}, {'J01': 68}, 
1275.0, {'J01': np.float32(3.0)}, {'J01': 38}, {'J01': 65}, 
1280.0, {'J01': np.float32(-3.0)}, {'J01': 38}, {'J01': 70}, 
1285.0, {'J01': np.float32(0.33540842)}, {'J01': 38}, {'J01': 72}, 
1290.0, {'J01': np.float32(-3.0)}, {'J01': 38}, {'J01': 75}, 
1295.0, {'J01': np.float32(-3.0)}, {'J01': 38}, {'J01': 75}, 
1300.0, {'J01': np.float32(-3.0)}, {'J01': 38}, {'J01': 78}, 
1305.0, {'J01': np.float32(-3.0)}, {'J01': 38}, {'J01': 82}, 
1310.0, {'J01': np.float32(-3.0)}, {'J01': 38}, {'J01': 83}, 
1315.0, {'J01': np.float32(-3.0)}, {'J01': 38}, {'J01': 84}, 
1320.0, {'J01': np.float32(3.0)}, {'J01': 38}, {'J01': 82}, 
1325.0, {'J01': np.float32(-3.0)}, {'J01': 38}, {'J01': 79}, 
1330.0, {'J01': np.float32(3.0)}, {'J01': 38}, {'J01': 80}, 
1335.0, {'J01': np.float32(-3.0)}, {'J01': 38}, {'J01': 81}, 
1340.0, {'J01': np.float32(-3.0)}, {'J01': 38}, {'J01': 80}, 
1345.0, {'J01': np.float32(-3.0)}, {'J01': 38}, {'J01': 79}, 
1350.0, {'J01': np.float32(-3.0)}, {'J01': 39}, {'J01': 80}, 
1355.0, {'J01': np.float32(3.0)}, {'J01': 40}, {'J01': 80}, 
1360.0, {'J01': np.float32(-3.0)}, {'J01': 40}, {'J01': 80}, 
1365.0, {'J01': np.float32(-3.0)}, {'J01': 40}, {'J01': 79}, 
1370.0, {'J01': np.float32(-3.0)}, {'J01': 40}, {'J01': 78}, 
1375.0, {'J01': np.float32(-3.0)}, {'J01': 40}, {'J01': 82}, 
1380.0, {'J01': np.float32(-3.0)}, {'J01': 40}, {'J01': 83}, 
1385.0, {'J01': np.float32(-0.016727105)}, {'J01': 40}, {'J01': 80}, 
1390.0, {'J01': np.float32(-3.0)}, {'J01': 40}, {'J01': 79}, 
1395.0, {'J01': np.float32(3.0)}, {'J01': 36}, {'J01': 69}, 
1400.0, {'J01': np.float32(0.008839316)}, {'J01': 34}, {'J01': 65}, 
1405.0, {'J01': np.float32(1.3548187)}, {'J01': 34}, {'J01': 66}, 
1410.0, {'J01': np.float32(2.2124095)}, {'J01': 34}, {'J01': 66}, 
1415.0, {'J01': np.float32(0.07346309)}, {'J01': 34}, {'J01': 72}, 
1420.0, {'J01': np.float32(-1.1239821)}, {'J01': 34}, {'J01': 72}, 
1425.0, {'J01': np.float32(-3.0)}, {'J01': 36}, {'J01': 75}, 
1430.0, {'J01': np.float32(-3.0)}, {'J01': 38}, {'J01': 81}, 
1435.0, {'J01': np.float32(3.0)}, {'J01': 38}, {'J01': 70}, 
1440.0, {'J01': np.float32(3.0)}, {'J01': 38}, {'J01': 68}, 
1445.0, {'J01': np.float32(-0.09624755)}, {'J01': 38}, {'J01': 70}, 
1450.0, {'J01': np.float32(-2.0576658)}, {'J01': 38}, {'J01': 76}, 
1455.0, {'J01': np.float32(1.1131935)}, {'J01': 38}, {'J01': 70}, 
1460.0, {'J01': np.float32(3.0)}, {'J01': 35}, {'J01': 57}, 
1465.0, {'J01': np.float32(3.0)}, {'J01': 35}, {'J01': 52}, 
1470.0, {'J01': np.float32(-0.23613599)}, {'J01': 34}, {'J01': 55}, 
1475.0, {'J01': np.float32(-1.9499553)}, {'J01': 34}, {'J01': 63}, 
1480.0, {'J01': np.float32(-2.7469306)}, {'J01': 34}, {'J01': 64}, 
1485.0, {'J01': np.float32(-2.9939241)}, {'J01': 34}, {'J01': 63}, 
1490.0, {'J01': np.float32(3.0)}, {'J01': 36}, {'J01': 70}, 
1495.0, {'J01': np.float32(-1.4151968)}, {'J01': 38}, {'J01': 73}, 
1500.0, {'J01': np.float32(-0.5159994)}, {'J01': 38}, {'J01': 76}, 
1505.0, {'J01': np.float32(-1.998347)}, {'J01': 38}, {'J01': 78}, 
1510.0, {'J01': np.float32(3.0)}, {'J01': 35}, {'J01': 65}, 
1515.0, {'J01': np.float32(0.062024143)}, {'J01': 33}, {'J01': 62}, 
1520.0, {'J01': np.float32(3.0)}, {'J01': 31}, {'J01': 60}, 
1525.0, {'J01': np.float32(-1.8451174)}, {'J01': 31}, {'J01': 60}, 
1530.0, {'J01': np.float32(-1.9274486)}, {'J01': 31}, {'J01': 64}, 
1535.0, {'J01': np.float32(-3.0)}, {'J01': 31}, {'J01': 66}, 
1540.0, {'J01': np.float32(-3.0)}, {'J01': 33}, {'J01': 68}, 
1545.0, {'J01': np.float32(3.0)}, {'J01': 34}, {'J01': 64}, 
1550.0, {'J01': np.float32(1.3451804)}, {'J01': 34}, {'J01': 61}, 
1555.0, {'J01': np.float32(-2.883966)}, {'J01': 34}, {'J01': 67}, 
1560.0, {'J01': np.float32(-3.0)}, {'J01': 34}, {'J01': 70}, 
1565.0, {'J01': np.float32(3.0)}, {'J01': 34}, {'J01': 71}, 
1570.0, {'J01': np.float32(-1.6732359)}, {'J01': 34}, {'J01': 67}, 
1575.0, {'J01': np.float32(-2.6627808)}, {'J01': 37}, {'J01': 73}, 
1580.0, {'J01': np.float32(3.0)}, {'J01': 36}, {'J01': 69}, 
1585.0, {'J01': np.float32(0.8741126)}, {'J01': 34}, {'J01': 58}, 
1590.0, {'J01': np.float32(0.15875643)}, {'J01': 32}, {'J01': 46}, 
1595.0, {'J01': np.float32(-1.6371243)}, {'J01': 30}, {'J01': 44}, 
1600.0, {'J01': np.float32(-2.909929)}, {'J01': 29}, {'J01': 49}, 
1605.0, {'J01': np.float32(-3.0)}, {'J01': 29}, {'J01': 56}, 
1610.0, {'J01': np.float32(-3.0)}, {'J01': 29}, {'J01': 56}, 
1615.0, {'J01': np.float32(-3.0)}, {'J01': 30}, {'J01': 57}, 
1620.0, {'J01': np.float32(3.0)}, {'J01': 34}, {'J01': 60}, 
1625.0, {'J01': np.float32(-0.63635087)}, {'J01': 35}, {'J01': 62}, 
1630.0, {'J01': np.float32(-1.0036376)}, {'J01': 38}, {'J01': 66}, 
1635.0, {'J01': np.float32(-0.8627567)}, {'J01': 40}, {'J01': 67}, 
1640.0, {'J01': np.float32(-0.8674274)}, {'J01': 40}, {'J01': 69}, 
1645.0, {'J01': np.float32(-2.1123052)}, {'J01': 40}, {'J01': 67}, 
1650.0, {'J01': np.float32(-2.1295207)}, {'J01': 40}, {'J01': 71}, 
1655.0, {'J01': np.float32(-2.842712)}, {'J01': 40}, {'J01': 77}, 
1660.0, {'J01': np.float32(-3.0)}, {'J01': 40}, {'J01': 78}, 
1665.0, {'J01': np.float32(3.0)}, {'J01': 38}, {'J01': 69}, 
1670.0, {'J01': np.float32(-1.19717)}, {'J01': 35}, {'J01': 63}, 
1675.0, {'J01': np.float32(-1.9815851)}, {'J01': 33}, {'J01': 55}, 
1680.0, {'J01': np.float32(-2.9679618)}, {'J01': 31}, {'J01': 55}, 
1685.0, {'J01': np.float32(-3.0)}, {'J01': 31}, {'J01': 58}, 
1690.0, {'J01': np.float32(-3.0)}, {'J01': 31}, {'J01': 66}, 
1695.0, {'J01': np.float32(-3.0)}, {'J01': 31}, {'J01': 71}, 
1700.0, {'J01': np.float32(-3.0)}, {'J01': 31}, {'J01': 71}, 
1705.0, {'J01': np.float32(3.0)}, {'J01': 35}, {'J01': 69}, 
1710.0, {'J01': np.float32(3.0)}, {'J01': 35}, {'J01': 60}, 
1715.0, {'J01': np.float32(-2.0111113)}, {'J01': 35}, {'J01': 62}, 
1720.0, {'J01': np.float32(-3.0)}, {'J01': 35}, {'J01': 67}, 
1725.0, {'J01': np.float32(-3.0)}, {'J01': 35}, {'J01': 71}, 
1730.0, {'J01': np.float32(-3.0)}, {'J01': 35}, {'J01': 69}, 
1735.0, {'J01': np.float32(-3.0)}, {'J01': 33}, {'J01': 66}, 
1740.0, {'J01': np.float32(-3.0)}, {'J01': 33}, {'J01': 60}, 
1745.0, {'J01': np.float32(-3.0)}, {'J01': 32}, {'J01': 59}, 
1750.0, {'J01': np.float32(-3.0)}, {'J01': 32}, {'J01': 58}, 
1755.0, {'J01': np.float32(-3.0)}, {'J01': 32}, {'J01': 60}, 
1760.0, {'J01': np.float32(3.0)}, {'J01': 32}, {'J01': 65}, 
1765.0, {'J01': np.float32(-1.6030376)}, {'J01': 32}, {'J01': 66}, 
1770.0, {'J01': np.float32(-3.0)}, {'J01': 34}, {'J01': 69}, 
1775.0, {'J01': np.float32(-3.0)}, {'J01': 36}, {'J01': 63}, 
1780.0, {'J01': np.float32(-3.0)}, {'J01': 35}, {'J01': 62}, 
1785.0, {'J01': np.float32(3.0)}, {'J01': 36}, {'J01': 61}, 
1790.0, {'J01': np.float32(-3.0)}, {'J01': 37}, {'J01': 62}, 
1795.0, {'J01': np.float32(-0.5869528)}, {'J01': 37}, {'J01': 67}, 
1800.0, {'J01': np.float32(-3.0)}, {'J01': 37}, {'J01': 68}, 
1805.0, {'J01': np.float32(3.0)}, {'J01': 38}, {'J01': 68}, 
1810.0, {'J01': np.float32(-2.9115024)}, {'J01': 38}, {'J01': 65}, 
1815.0, {'J01': np.float32(-3.0)}, {'J01': 38}, {'J01': 67}, 
1820.0, {'J01': np.float32(-0.024548382)}, {'J01': 39}, {'J01': 72}, 
1825.0, {'J01': np.float32(-3.0)}, {'J01': 39}, {'J01': 74}, 
1830.0, {'J01': np.float32(-3.0)}, {'J01': 39}, {'J01': 74}, 
1835.0, {'J01': np.float32(-3.0)}, {'J01': 39}, {'J01': 74}, 
1840.0, {'J01': np.float32(3.0)}, {'J01': 37}, {'J01': 67}, 
1845.0, {'J01': np.float32(-1.8601316)}, {'J01': 35}, {'J01': 61}, 
1850.0, {'J01': np.float32(-3.0)}, {'J01': 35}, {'J01': 64}, 
1855.0, {'J01': np.float32(-3.0)}, {'J01': 35}, {'J01': 65}, 
1860.0, {'J01': np.float32(2.2631185)}, {'J01': 33}, {'J01': 60}, 
1865.0, {'J01': np.float32(2.0731645)}, {'J01': 27}, {'J01': 44}, 
1870.0, {'J01': np.float32(3.0)}, {'J01': 26}, {'J01': 42}, 
1875.0, {'J01': np.float32(-3.0)}, {'J01': 26}, {'J01': 47}, 
1880.0, {'J01': np.float32(-3.0)}, {'J01': 26}, {'J01': 50}, 
1885.0, {'J01': np.float32(-1.5784999)}, {'J01': 24}, {'J01': 46}, 
1890.0, {'J01': np.float32(-3.0)}, {'J01': 26}, {'J01': 46}, 
1895.0, {'J01': np.float32(-3.0)}, {'J01': 28}, {'J01': 54}, 
1900.0, {'J01': np.float32(-3.0)}, {'J01': 28}, {'J01': 60}, 
1905.0, {'J01': np.float32(3.0)}, {'J01': 28}, {'J01': 57}, 
1910.0, {'J01': np.float32(-0.6631251)}, {'J01': 32}, {'J01': 57}, 
1915.0, {'J01': np.float32(-3.0)}, {'J01': 33}, {'J01': 60}, 
1920.0, {'J01': np.float32(3.0)}, {'J01': 34}, {'J01': 61}, 
1925.0, {'J01': np.float32(-1.5329036)}, {'J01': 34}, {'J01': 66}, 
1930.0, {'J01': np.float32(-2.34735)}, {'J01': 35}, {'J01': 70}, 
1935.0, {'J01': np.float32(0.9047006)}, {'J01': 33}, {'J01': 61}, 
1940.0, {'J01': np.float32(-1.2939533)}, {'J01': 31}, {'J01': 55}, 
1945.0, {'J01': np.float32(2.9720314)}, {'J01': 31}, {'J01': 54}, 
1950.0, {'J01': np.float32(0.10237511)}, {'J01': 31}, {'J01': 57}, 
1955.0, {'J01': np.float32(-0.5606489)}, {'J01': 31}, {'J01': 58}, 
1960.0, {'J01': np.float32(-1.9809492)}, {'J01': 31}, {'J01': 61}, 
1965.0, {'J01': np.float32(-3.0)}, {'J01': 32}, {'J01': 66}, 
1970.0, {'J01': np.float32(-1.8695652)}, {'J01': 33}, {'J01': 67}, 
1975.0, {'J01': np.float32(-3.0)}, {'J01': 34}, {'J01': 70}, 
1980.0, {'J01': np.float32(3.0)}, {'J01': 35}, {'J01': 64}, 
1985.0, {'J01': np.float32(-2.1036797)}, {'J01': 36}, {'J01': 69}, 
1990.0, {'J01': np.float32(-3.0)}, {'J01': 36}, {'J01': 72}, 
1995.0, {'J01': np.float32(-3.0)}, {'J01': 36}, {'J01': 72}, 
2000.0, {'J01': np.float32(-3.0)}, {'J01': 36}, {'J01': 73}, 
2005.0, {'J01': np.float32(3.0)}, {'J01': 36}, {'J01': 70}, 
2010.0, {'J01': np.float32(-3.0)}, {'J01': 36}, {'J01': 66}, 
2015.0, {'J01': np.float32(3.0)}, {'J01': 36}, {'J01': 68}, 
2020.0, {'J01': np.float32(-1.472172)}, {'J01': 36}, {'J01': 67}, 
2025.0, {'J01': np.float32(-3.0)}, {'J01': 38}, {'J01': 70}, 
2030.0, {'J01': np.float32(-3.0)}, {'J01': 38}, {'J01': 70}, 
2035.0, {'J01': np.float32(3.0)}, {'J01': 38}, {'J01': 74}, 
2040.0, {'J01': np.float32(2.3147814)}, {'J01': 35}, {'J01': 69}, 
2045.0, {'J01': np.float32(-2.0692942)}, {'J01': 35}, {'J01': 68}, 
2050.0, {'J01': np.float32(-1.2230446)}, {'J01': 35}, {'J01': 66}, 
2055.0, {'J01': np.float32(1.3803805)}, {'J01': 33}, {'J01': 61}, 
2060.0, {'J01': np.float32(3.0)}, {'J01': 30}, {'J01': 52}, 
2065.0, {'J01': np.float32(0.87141395)}, {'J01': 27}, {'J01': 49}, 
2070.0, {'J01': np.float32(-3.0)}, {'J01': 26}, {'J01': 53}, 
2075.0, {'J01': np.float32(-0.9540377)}, {'J01': 23}, {'J01': 49}, 
2080.0, {'J01': np.float32(2.862256)}, {'J01': 21}, {'J01': 43}, 
2085.0, {'J01': np.float32(-3.0)}, {'J01': 21}, {'J01': 48}, 
2090.0, {'J01': np.float32(3.0)}, {'J01': 21}, {'J01': 48}, 
2095.0, {'J01': np.float32(1.4595714)}, {'J01': 23}, {'J01': 50}, 
2100.0, {'J01': np.float32(-0.2243296)}, {'J01': 26}, {'J01': 51}, 
2105.0, {'J01': np.float32(1.3210725)}, {'J01': 28}, {'J01': 47}, 
2110.0, {'J01': np.float32(-0.973593)}, {'J01': 28}, {'J01': 51}, 
2115.0, {'J01': np.float32(-2.113295)}, {'J01': 28}, {'J01': 54}, 
2120.0, {'J01': np.float32(1.7639964)}, {'J01': 28}, {'J01': 54}, 
2125.0, {'J01': np.float32(-2.9956713)}, {'J01': 28}, {'J01': 57}, 
2130.0, {'J01': np.float32(-3.0)}, {'J01': 28}, {'J01': 62}, 
2135.0, {'J01': np.float32(0.45312896)}, {'J01': 26}, {'J01': 57}, 
2140.0, {'J01': np.float32(-3.0)}, {'J01': 24}, {'J01': 52}, 
2145.0, {'J01': np.float32(0.84491307)}, {'J01': 24}, {'J01': 55}, 
2150.0, {'J01': np.float32(0.4525371)}, {'J01': 21}, {'J01': 48}, 
2155.0, {'J01': np.float32(-3.0)}, {'J01': 19}, {'J01': 42}, 
2160.0, {'J01': np.float32(-3.0)}, {'J01': 17}, {'J01': 36}, 
2165.0, {'J01': np.float32(-3.0)}, {'J01': 15}, {'J01': 35}, 
2170.0, {'J01': np.float32(-3.0)}, {'J01': 12}, {'J01': 37}, 
2175.0, {'J01': np.float32(-3.0)}, {'J01': 12}, {'J01': 46}, 
2180.0, {'J01': np.float32(-3.0)}, {'J01': 11}, {'J01': 42}, 
2185.0, {'J01': np.float32(-3.0)}, {'J01': 9}, {'J01': 38}, 
2190.0, {'J01': np.float32(-3.0)}, {'J01': 7}, {'J01': 30}, 
2195.0, {'J01': np.float32(3.0)}, {'J01': 7}, {'J01': 28}, 
2200.0, {'J01': np.float32(-0.81565726)}, {'J01': 10}, {'J01': 35}, 
2205.0, {'J01': np.float32(-3.0)}, {'J01': 11}, {'J01': 43}, 
2210.0, {'J01': np.float32(-3.0)}, {'J01': 11}, {'J01': 48}, 
2215.0, {'J01': np.float32(-3.0)}, {'J01': 11}, {'J01': 48}, 
2220.0, {'J01': np.float32(3.0)}, {'J01': 11}, {'J01': 40}, 
2225.0, {'J01': np.float32(-1.3201249)}, {'J01': 11}, {'J01': 36}, 
2230.0, {'J01': np.float32(-2.6684537)}, {'J01': 11}, {'J01': 38}, 
2235.0, {'J01': np.float32(-3.0)}, {'J01': 11}, {'J01': 42}, 
2240.0, {'J01': np.float32(3.0)}, {'J01': 11}, {'J01': 37}, 
2245.0, {'J01': np.float32(0.12335994)}, {'J01': 11}, {'J01': 34}, 
2250.0, {'J01': np.float32(-0.5882445)}, {'J01': 11}, {'J01': 39}, 
2255.0, {'J01': np.float32(-0.87496984)}, {'J01': 13}, {'J01': 41}, 
2260.0, {'J01': np.float32(-0.11600888)}, {'J01': 13}, {'J01': 43}, 
2265.0, {'J01': np.float32(-0.8260318)}, {'J01': 14}, {'J01': 46}, 
2270.0, {'J01': np.float32(-0.4011569)}, {'J01': 14}, {'J01': 45}, 
2275.0, {'J01': np.float32(-0.60612637)}, {'J01': 15}, {'J01': 45}, 
2280.0, {'J01': np.float32(-0.95583534)}, {'J01': 15}, {'J01': 47}, 
2285.0, {'J01': np.float32(-2.517394)}, {'J01': 15}, {'J01': 50}, 
2290.0, {'J01': np.float32(1.0398943)}, {'J01': 15}, {'J01': 50}, 
2295.0, {'J01': np.float32(-1.8147464)}, {'J01': 16}, {'J01': 52}, 
2300.0, {'J01': np.float32(0.5649678)}, {'J01': 16}, {'J01': 50}, 
2305.0, {'J01': np.float32(-2.6190612)}, {'J01': 17}, {'J01': 46}, 
2310.0, {'J01': np.float32(-3.0)}, {'J01': 18}, {'J01': 52}, 
2315.0, {'J01': np.float32(2.5510054)}, {'J01': 15}, {'J01': 42}, 
2320.0, {'J01': np.float32(-0.76096594)}, {'J01': 14}, {'J01': 38}, 
2325.0, {'J01': np.float32(-1.8017963)}, {'J01': 12}, {'J01': 30}, 
2330.0, {'J01': np.float32(-2.599988)}, {'J01': 11}, {'J01': 32}, 
2335.0, {'J01': np.float32(-3.0)}, {'J01': 9}, {'J01': 24}, 
2340.0, {'J01': np.float32(-3.0)}, {'J01': 8}, {'J01': 19}, 
2345.0, {'J01': np.float32(-3.0)}, {'J01': 10}, {'J01': 21}, 
2350.0, {'J01': np.float32(-3.0)}, {'J01': 11}, {'J01': 22}, 
2355.0, {'J01': np.float32(0.117029324)}, {'J01': 9}, {'J01': 22}, 
2360.0, {'J01': np.float32(3.0)}, {'J01': 9}, {'J01': 28}, 
2365.0, {'J01': np.float32(-0.49395883)}, {'J01': 9}, {'J01': 30}, 
2370.0, {'J01': np.float32(0.5689779)}, {'J01': 10}, {'J01': 34}, 
2375.0, {'J01': np.float32(-3.0)}, {'J01': 11}, {'J01': 36}, 
2380.0, {'J01': np.float32(-3.0)}, {'J01': 11}, {'J01': 38}, 
2385.0, {'J01': np.float32(-3.0)}, {'J01': 11}, {'J01': 37}, 
2390.0, {'J01': np.float32(-3.0)}, {'J01': 12}, {'J01': 40}, 
2395.0, {'J01': np.float32(-3.0)}, {'J01': 12}, {'J01': 43}, 
2400.0, {'J01': np.float32(-3.0)}, {'J01': 12}, {'J01': 47}, 
2405.0, {'J01': np.float32(3.0)}, {'J01': 13}, {'J01': 45}, 
2410.0, {'J01': np.float32(1.0944301)}, {'J01': 13}, {'J01': 45}, 
2415.0, {'J01': np.float32(-1.1862775)}, {'J01': 13}, {'J01': 47}, 
2420.0, {'J01': np.float32(-2.398975)}, {'J01': 14}, {'J01': 50}, 
2425.0, {'J01': np.float32(2.0920994)}, {'J01': 15}, {'J01': 49}, 
2430.0, {'J01': np.float32(-0.7295382)}, {'J01': 17}, {'J01': 51}, 
2435.0, {'J01': np.float32(-0.6481111)}, {'J01': 20}, {'J01': 53}, 
2440.0, {'J01': np.float32(-1.6148767)}, {'J01': 20}, {'J01': 55}, 
2445.0, {'J01': np.float32(-3.0)}, {'J01': 20}, {'J01': 58}, 
2450.0, {'J01': np.float32(-1.7326827)}, {'J01': 20}, {'J01': 56}, 
2455.0, {'J01': np.float32(-3.0)}, {'J01': 20}, {'J01': 56}, 
2460.0, {'J01': np.float32(-3.0)}, {'J01': 20}, {'J01': 59}, 
2465.0, {'J01': np.float32(-1.2469456)}, {'J01': 19}, {'J01': 53}, 
2470.0, {'J01': np.float32(-0.29064393)}, {'J01': 16}, {'J01': 38}, 
2475.0, {'J01': np.float32(3.0)}, {'J01': 13}, {'J01': 31}, 
2480.0, {'J01': np.float32(-2.4280164)}, {'J01': 13}, {'J01': 37}, 
2485.0, {'J01': np.float32(0.9733492)}, {'J01': 14}, {'J01': 40}, 
2490.0, {'J01': np.float32(-0.3871064)}, {'J01': 16}, {'J01': 48}, 
2495.0, {'J01': np.float32(-1.8680389)}, {'J01': 16}, {'J01': 49}, 
2500.0, {'J01': np.float32(-1.8895975)}, {'J01': 17}, {'J01': 51}, 
2505.0, {'J01': np.float32(1.6824594)}, {'J01': 18}, {'J01': 54}, 
2510.0, {'J01': np.float32(-1.0935379)}, {'J01': 19}, {'J01': 54}, 
2515.0, {'J01': np.float32(-0.58959585)}, {'J01': 19}, {'J01': 57}, 
2520.0, {'J01': np.float32(-2.124874)}, {'J01': 19}, {'J01': 57}, 
2525.0, {'J01': np.float32(1.11298)}, {'J01': 19}, {'J01': 52}, 
2530.0, {'J01': np.float32(0.87093145)}, {'J01': 15}, {'J01': 42}, 
2535.0, {'J01': np.float32(-2.4251018)}, {'J01': 15}, {'J01': 41}, 
2540.0, {'J01': np.float32(-3.0)}, {'J01': 15}, {'J01': 45}, 
2545.0, {'J01': np.float32(3.0)}, {'J01': 15}, {'J01': 46}, 
2550.0, {'J01': np.float32(-1.4505394)}, {'J01': 16}, {'J01': 47}, 
2555.0, {'J01': np.float32(-1.8226204)}, {'J01': 16}, {'J01': 49}, 
2560.0, {'J01': np.float32(-2.9514246)}, {'J01': 17}, {'J01': 53}, 
2565.0, {'J01': np.float32(-3.0)}, {'J01': 17}, {'J01': 55}, 
2570.0, {'J01': np.float32(-2.5768058)}, {'J01': 18}, {'J01': 54}, 
2575.0, {'J01': np.float32(3.0)}, {'J01': 16}, {'J01': 43}, 
2580.0, {'J01': np.float32(3.0)}, {'J01': 14}, {'J01': 37}, 
2585.0, {'J01': np.float32(-0.54397714)}, {'J01': 14}, {'J01': 43}, 
2590.0, {'J01': np.float32(-1.3470405)}, {'J01': 16}, {'J01': 46}, 
2595.0, {'J01': np.float32(-1.8435925)}, {'J01': 16}, {'J01': 51}, 
2600.0, {'J01': np.float32(1.3230579)}, {'J01': 16}, {'J01': 49}, 
2605.0, {'J01': np.float32(-1.8426675)}, {'J01': 17}, {'J01': 51}, 
2610.0, {'J01': np.float32(-2.8732176)}, {'J01': 17}, {'J01': 54}, 
2615.0, {'J01': np.float32(1.4560784)}, {'J01': 16}, {'J01': 49}, 
2620.0, {'J01': np.float32(-2.2002552)}, {'J01': 14}, {'J01': 43}, 
2625.0, {'J01': np.float32(3.0)}, {'J01': 13}, {'J01': 42}, 
2630.0, {'J01': np.float32(-2.5963442)}, {'J01': 13}, {'J01': 39}, 
2635.0, {'J01': np.float32(-2.7981446)}, {'J01': 14}, {'J01': 44}, 
2640.0, {'J01': np.float32(-2.9825246)}, {'J01': 16}, {'J01': 46}, 
2645.0, {'J01': np.float32(-3.0)}, {'J01': 17}, {'J01': 49}, 
2650.0, {'J01': np.float32(-3.0)}, {'J01': 17}, {'J01': 49}, 
2655.0, {'J01': np.float32(3.0)}, {'J01': 17}, {'J01': 53}, 
2660.0, {'J01': np.float32(0.56273663)}, {'J01': 17}, {'J01': 50}, 
2665.0, {'J01': np.float32(-2.6256886)}, {'J01': 17}, {'J01': 50}, 
2670.0, {'J01': np.float32(0.8114441)}, {'J01': 18}, {'J01': 54}, 
2675.0, {'J01': np.float32(-3.0)}, {'J01': 18}, {'J01': 49}, 
2680.0, {'J01': np.float32(-3.0)}, {'J01': 19}, {'J01': 49}, 
2685.0, {'J01': np.float32(3.0)}, {'J01': 20}, {'J01': 48}, 
2690.0, {'J01': np.float32(-2.6122515)}, {'J01': 20}, {'J01': 47}, 
2695.0, {'J01': np.float32(-3.0)}, {'J01': 20}, {'J01': 49}, 
2700.0, {'J01': np.float32(-3.0)}, {'J01': 20}, {'J01': 48}, 
2705.0, {'J01': np.float32(-3.0)}, {'J01': 20}, {'J01': 51}, 
2710.0, {'J01': np.float32(3.0)}, {'J01': 20}, {'J01': 50}, 
2715.0, {'J01': np.float32(-3.0)}, {'J01': 17}, {'J01': 47}, 
2720.0, {'J01': np.float32(-3.0)}, {'J01': 17}, {'J01': 50}, 
2725.0, {'J01': np.float32(-0.88727707)}, {'J01': 15}, {'J01': 44}, 
2730.0, {'J01': np.float32(-3.0)}, {'J01': 13}, {'J01': 29}, 
2735.0, {'J01': np.float32(3.0)}, {'J01': 11}, {'J01': 24}, 
2740.0, {'J01': np.float32(-1.250654)}, {'J01': 10}, {'J01': 31}, 
2745.0, {'J01': np.float32(-1.9123433)}, {'J01': 13}, {'J01': 41}, 
2750.0, {'J01': np.float32(-3.0)}, {'J01': 13}, {'J01': 44}, 
2755.0, {'J01': np.float32(2.8467882)}, {'J01': 13}, {'J01': 45}, 
2760.0, {'J01': np.float32(-3.0)}, {'J01': 14}, {'J01': 46}, 
2765.0, {'J01': np.float32(-3.0)}, {'J01': 15}, {'J01': 42}, 
2770.0, {'J01': np.float32(3.0)}, {'J01': 15}, {'J01': 42}, 
2775.0, {'J01': np.float32(3.0)}, {'J01': 15}, {'J01': 42}, 
2780.0, {'J01': np.float32(-0.7997976)}, {'J01': 17}, {'J01': 46}, 
2785.0, {'J01': np.float32(-0.27937946)}, {'J01': 17}, {'J01': 45}, 
2790.0, {'J01': np.float32(-0.33934894)}, {'J01': 18}, {'J01': 43}, 
2795.0, {'J01': np.float32(-2.8559618)}, {'J01': 18}, {'J01': 48}, 
2800.0, {'J01': np.float32(-3.0)}, {'J01': 18}, {'J01': 49}, 
2805.0, {'J01': np.float32(-1.4037741)}, {'J01': 19}, {'J01': 49}, 
2810.0, {'J01': np.float32(3.0)}, {'J01': 20}, {'J01': 47}, 
2815.0, {'J01': np.float32(-3.0)}, {'J01': 20}, {'J01': 50}, 
2820.0, {'J01': np.float32(-3.0)}, {'J01': 20}, {'J01': 47}, 
2825.0, {'J01': np.float32(-3.0)}, {'J01': 21}, {'J01': 49}, 
2830.0, {'J01': np.float32(-3.0)}, {'J01': 21}, {'J01': 47}, 
2835.0, {'J01': np.float32(-3.0)}, {'J01': 21}, {'J01': 49}, 
2840.0, {'J01': np.float32(3.0)}, {'J01': 21}, {'J01': 56}, 
2845.0, {'J01': np.float32(3.0)}, {'J01': 21}, {'J01': 55}, 
2850.0, {'J01': np.float32(-1.7210191)}, {'J01': 21}, {'J01': 53}, 
2855.0, {'J01': np.float32(-3.0)}, {'J01': 21}, {'J01': 57}, 
2860.0, {'J01': np.float32(0.5942682)}, {'J01': 18}, {'J01': 48}, 
2865.0, {'J01': np.float32(3.0)}, {'J01': 17}, {'J01': 40}, 
2870.0, {'J01': np.float32(-0.3335543)}, {'J01': 16}, {'J01': 42}, 
2875.0, {'J01': np.float32(-0.15363422)}, {'J01': 17}, {'J01': 47}, 
2880.0, {'J01': np.float32(-0.52459115)}, {'J01': 17}, {'J01': 48}, 
2885.0, {'J01': np.float32(-0.93085504)}, {'J01': 17}, {'J01': 51}, 
2890.0, {'J01': np.float32(-3.0)}, {'J01': 16}, {'J01': 53}, 
2895.0, {'J01': np.float32(-3.0)}, {'J01': 16}, {'J01': 54}, 
2900.0, {'J01': np.float32(-3.0)}, {'J01': 16}, {'J01': 53}, 
2905.0, {'J01': np.float32(1.2773824)}, {'J01': 17}, {'J01': 50}, 
2910.0, {'J01': np.float32(-3.0)}, {'J01': 17}, {'J01': 51}, 
2915.0, {'J01': np.float32(-3.0)}, {'J01': 17}, {'J01': 52}, 
2920.0, {'J01': np.float32(3.0)}, {'J01': 17}, {'J01': 52}, 
2925.0, {'J01': np.float32(-2.192164)}, {'J01': 16}, {'J01': 52}, 
2930.0, {'J01': np.float32(3.0)}, {'J01': 18}, {'J01': 48}, 
2935.0, {'J01': np.float32(-3.0)}, {'J01': 18}, {'J01': 48}, 
2940.0, {'J01': np.float32(-3.0)}, {'J01': 19}, {'J01': 56}, 
2945.0, {'J01': np.float32(-3.0)}, {'J01': 19}, {'J01': 57}, 
2950.0, {'J01': np.float32(-2.840701)}, {'J01': 17}, {'J01': 48}, 
2955.0, {'J01': np.float32(-3.0)}, {'J01': 15}, {'J01': 43}, 
2960.0, {'J01': np.float32(-3.0)}, {'J01': 13}, {'J01': 36}, 
2965.0, {'J01': np.float32(-3.0)}, {'J01': 10}, {'J01': 26}, 
2970.0, {'J01': np.float32(-3.0)}, {'J01': 10}, {'J01': 23}, 
2975.0, {'J01': np.float32(0.28402996)}, {'J01': 9}, {'J01': 24}, 
2980.0, {'J01': np.float32(-3.0)}, {'J01': 7}, {'J01': 30}, 
2985.0, {'J01': np.float32(-3.0)}, {'J01': 9}, {'J01': 43}, 
2990.0, {'J01': np.float32(-3.0)}, {'J01': 7}, {'J01': 40}, 
2995.0, {'J01': np.float32(3.0)}, {'J01': 7}, {'J01': 34}, 
3000.0, {'J01': np.float32(-1.0347911)}, {'J01': 11}, {'J01': 43}, 
3005.0, {'J01': np.float32(-3.0)}, {'J01': 13}, {'J01': 47}, 
3010.0, {'J01': np.float32(-3.0)}, {'J01': 13}, {'J01': 48}, 
3015.0, {'J01': np.float32(-3.0)}, {'J01': 14}, {'J01': 51}, 
3020.0, {'J01': np.float32(-3.0)}, {'J01': 15}, {'J01': 53}, 
3025.0, {'J01': np.float32(-3.0)}, {'J01': 16}, {'J01': 54}, 
3030.0, {'J01': np.float32(-3.0)}, {'J01': 16}, {'J01': 54}, 
3035.0, {'J01': np.float32(3.0)}, {'J01': 13}, {'J01': 46}, 
3040.0, {'J01': np.float32(3.0)}, {'J01': 10}, {'J01': 38}, 
3045.0, {'J01': np.float32(-1.7109685)}, {'J01': 10}, {'J01': 44}, 
3050.0, {'J01': np.float32(-0.6318345)}, {'J01': 10}, {'J01': 46}, 
3055.0, {'J01': np.float32(1.4216077)}, {'J01': 11}, {'J01': 50}, 
3060.0, {'J01': np.float32(-2.297822)}, {'J01': 11}, {'J01': 49}, 
3065.0, {'J01': np.float32(-3.0)}, {'J01': 11}, {'J01': 43}, 
3070.0, {'J01': np.float32(3.0)}, {'J01': 9}, {'J01': 42}, 
3075.0, {'J01': np.float32(-1.1591392)}, {'J01': 9}, {'J01': 44}, 
3080.0, {'J01': np.float32(1.397135)}, {'J01': 11}, {'J01': 49}, 
3085.0, {'J01': np.float32(-0.19060916)}, {'J01': 12}, {'J01': 48}, 
3090.0, {'J01': np.float32(-0.7675363)}, {'J01': 12}, {'J01': 47}, 
3095.0, {'J01': np.float32(-0.22632451)}, {'J01': 12}, {'J01': 49}, 
3100.0, {'J01': np.float32(-2.974833)}, {'J01': 13}, {'J01': 53}, 
3105.0, {'J01': np.float32(3.0)}, {'J01': 13}, {'J01': 49}, 
3110.0, {'J01': np.float32(-0.59052277)}, {'J01': 14}, {'J01': 47}, 
3115.0, {'J01': np.float32(-3.0)}, {'J01': 14}, {'J01': 46}, 
3120.0, {'J01': np.float32(-3.0)}, {'J01': 14}, {'J01': 46}, 
3125.0, {'J01': np.float32(-1.085692)}, {'J01': 11}, {'J01': 35}, 
3130.0, {'J01': np.float32(-3.0)}, {'J01': 10}, {'J01': 32}, 
3135.0, {'J01': np.float32(-3.0)}, {'J01': 10}, {'J01': 31}, 
3140.0, {'J01': np.float32(-3.0)}, {'J01': 11}, {'J01': 35}, 
3145.0, {'J01': np.float32(-3.0)}, {'J01': 12}, {'J01': 45}, 
3150.0, {'J01': np.float32(3.0)}, {'J01': 12}, {'J01': 43}, 
3155.0, {'J01': np.float32(-2.1540368)}, {'J01': 15}, {'J01': 44}, 
3160.0, {'J01': np.float32(3.0)}, {'J01': 16}, {'J01': 47}, 
3165.0, {'J01': np.float32(-1.3846864)}, {'J01': 15}, {'J01': 47}, 
3170.0, {'J01': np.float32(1.239735)}, {'J01': 13}, {'J01': 40}, 
3175.0, {'J01': np.float32(-0.89965034)}, {'J01': 10}, {'J01': 30}, 
3180.0, {'J01': np.float32(-3.0)}, {'J01': 8}, {'J01': 23}, 
3185.0, {'J01': np.float32(3.0)}, {'J01': 8}, {'J01': 24}, 
3190.0, {'J01': np.float32(1.9703977e-05)}, {'J01': 7}, {'J01': 29}, 
3195.0, {'J01': np.float32(-3.0)}, {'J01': 9}, {'J01': 40}, 
3200.0, {'J01': np.float32(-3.0)}, {'J01': 11}, {'J01': 46}, 
3205.0, {'J01': np.float32(-3.0)}, {'J01': 11}, {'J01': 51}, 
3210.0, {'J01': np.float32(-3.0)}, {'J01': 12}, {'J01': 52}, 
3215.0, {'J01': np.float32(-3.0)}, {'J01': 12}, {'J01': 50}, 
3220.0, {'J01': np.float32(-3.0)}, {'J01': 12}, {'J01': 51}, 
3225.0, {'J01': np.float32(-3.0)}, {'J01': 12}, {'J01': 52}, 
3230.0, {'J01': np.float32(-3.0)}, {'J01': 13}, {'J01': 54}, 
3235.0, {'J01': np.float32(-2.4390783)}, {'J01': 9}, {'J01': 42}, 
3240.0, {'J01': np.float32(-3.0)}, {'J01': 6}, {'J01': 32}, 
3245.0, {'J01': np.float32(3.0)}, {'J01': 4}, {'J01': 25}, 
3250.0, {'J01': np.float32(-0.53527194)}, {'J01': 4}, {'J01': 29}, 
3255.0, {'J01': np.float32(-3.0)}, {'J01': 6}, {'J01': 34}, 
3260.0, {'J01': np.float32(-3.0)}, {'J01': 8}, {'J01': 46}, 
3265.0, {'J01': np.float32(3.0)}, {'J01': 9}, {'J01': 42}, 
3270.0, {'J01': np.float32(-1.0696597)}, {'J01': 9}, {'J01': 40}, 
3275.0, {'J01': np.float32(-0.2740002)}, {'J01': 9}, {'J01': 38}, 
3280.0, {'J01': np.float32(-3.0)}, {'J01': 9}, {'J01': 38}, 
3285.0, {'J01': np.float32(-2.3414783)}, {'J01': 9}, {'J01': 40}, 
3290.0, {'J01': np.float32(-3.0)}, {'J01': 9}, {'J01': 44}, 
3295.0, {'J01': np.float32(-1.2577925)}, {'J01': 8}, {'J01': 41}, 
3300.0, {'J01': np.float32(3.0)}, {'J01': 6}, {'J01': 28}, 
3305.0, {'J01': np.float32(0.16444856)}, {'J01': 6}, {'J01': 28}, 
3310.0, {'J01': np.float32(-0.94261044)}, {'J01': 7}, {'J01': 35}, 
3315.0, {'J01': np.float32(-3.0)}, {'J01': 8}, {'J01': 43}, 
3320.0, {'J01': np.float32(-3.0)}, {'J01': 8}, {'J01': 44}, 
3325.0, {'J01': np.float32(-3.0)}, {'J01': 8}, {'J01': 45}, 
3330.0, {'J01': np.float32(-3.0)}, {'J01': 8}, {'J01': 46}, 
3335.0, {'J01': np.float32(-3.0)}, {'J01': 9}, {'J01': 45}, 
3340.0, {'J01': np.float32(2.304063)}, {'J01': 10}, {'J01': 47}, 
3345.0, {'J01': np.float32(-3.0)}, {'J01': 10}, {'J01': 47}, 
3350.0, {'J01': np.float32(-3.0)}, {'J01': 9}, {'J01': 42}, 
3355.0, {'J01': np.float32(3.0)}, {'J01': 6}, {'J01': 30}, 
3360.0, {'J01': np.float32(-0.28960213)}, {'J01': 6}, {'J01': 31}, 
3365.0, {'J01': np.float32(-2.572681)}, {'J01': 7}, {'J01': 35}, 
3370.0, {'J01': np.float32(0.48570424)}, {'J01': 8}, {'J01': 34}, 
3375.0, {'J01': np.float32(-0.55057347)}, {'J01': 8}, {'J01': 32}, 
3380.0, {'J01': np.float32(-2.2093954)}, {'J01': 8}, {'J01': 33}, 
3385.0, {'J01': np.float32(1.7639166)}, {'J01': 8}, {'J01': 33}, 
3390.0, {'J01': np.float32(-2.8066278)}, {'J01': 8}, {'J01': 31}, 
3395.0, {'J01': np.float32(-2.0950358)}, {'J01': 7}, {'J01': 26}, 
3400.0, {'J01': np.float32(-2.3165464)}, {'J01': 6}, {'J01': 26}, 
3405.0, {'J01': np.float32(-3.0)}, {'J01': 7}, {'J01': 35}, 
3410.0, {'J01': np.float32(2.1418679)}, {'J01': 8}, {'J01': 39}, 
3415.0, {'J01': np.float32(-1.0346514)}, {'J01': 7}, {'J01': 32}, 
3420.0, {'J01': np.float32(-3.0)}, {'J01': 6}, {'J01': 26}, 
3425.0, {'J01': np.float32(-3.0)}, {'J01': 6}, {'J01': 32}, 
3430.0, {'J01': np.float32(-3.0)}, {'J01': 7}, {'J01': 38}, 
3435.0, {'J01': np.float32(-0.8868782)}, {'J01': 7}, {'J01': 32}, 
3440.0, {'J01': np.float32(-3.0)}, {'J01': 6}, {'J01': 27}, 
3445.0, {'J01': np.float32(-3.0)}, {'J01': 5}, {'J01': 23}, 
3450.0, {'J01': np.float32(-3.0)}, {'J01': 5}, {'J01': 25}, 
3455.0, {'J01': np.float32(3.0)}, {'J01': 4}, {'J01': 24}, 
3460.0, {'J01': np.float32(0.18091767)}, {'J01': 7}, {'J01': 26}, 
3465.0, {'J01': np.float32(-3.0)}, {'J01': 8}, {'J01': 28}, 
3470.0, {'J01': np.float32(3.0)}, {'J01': 7}, {'J01': 22}, 
3475.0, {'J01': np.float32(-0.5274187)}, {'J01': 7}, {'J01': 27}, 
3480.0, {'J01': np.float32(-3.0)}, {'J01': 7}, {'J01': 27}, 
3485.0, {'J01': np.float32(-3.0)}, {'J01': 8}, {'J01': 31}, 
3490.0, {'J01': np.float32(-3.0)}, {'J01': 8}, {'J01': 29}, 
3495.0, {'J01': np.float32(3.0)}, {'J01': 8}, {'J01': 24}, 
3500.0, {'J01': np.float32(-0.7469121)}, {'J01': 8}, {'J01': 26}, 
3505.0, {'J01': np.float32(-1.0146823)}, {'J01': 8}, {'J01': 25}, 
3510.0, {'J01': np.float32(-3.0)}, {'J01': 8}, {'J01': 27}, 
3515.0, {'J01': np.float32(2.3193448)}, {'J01': 7}, {'J01': 21}, 
3520.0, {'J01': np.float32(-2.335026)}, {'J01': 5}, {'J01': 18}, 
3525.0, {'J01': np.float32(-3.0)}, {'J01': 4}, {'J01': 19}, 
3530.0, {'J01': np.float32(-3.0)}, {'J01': 4}, {'J01': 18}, 
3535.0, {'J01': np.float32(-3.0)}, {'J01': 4}, {'J01': 19}, 
3540.0, {'J01': np.float32(0.7576664)}, {'J01': 4}, {'J01': 18}, 
3545.0, {'J01': np.float32(3.0)}, {'J01': 4}, {'J01': 23}, 
3550.0, {'J01': np.float32(-0.433463)}, {'J01': 8}, {'J01': 31}, 
3555.0, {'J01': np.float32(-0.6818381)}, {'J01': 8}, {'J01': 35}, 
3560.0, {'J01': np.float32(-1.1430252)}, {'J01': 7}, {'J01': 29}, 
3565.0, {'J01': np.float32(-2.4743829)}, {'J01': 6}, {'J01': 28}, 
3570.0, {'J01': np.float32(3.0)}, {'J01': 6}, {'J01': 31}, 
3575.0, {'J01': np.float32(-1.9386379)}, {'J01': 7}, {'J01': 32}, 
3580.0, {'J01': np.float32(-1.5179833)}, {'J01': 8}, {'J01': 33}, 
3585.0, {'J01': np.float32(-3.0)}, {'J01': 8}, {'J01': 34}, 
3590.0, {'J01': np.float32(-3.0)}, {'J01': 8}, {'J01': 34}, 
3595.0, {'J01': np.float32(-3.0)}, {'J01': 8}, {'J01': 40}, 
3600.0, {'J01': np.float32(-3.0)}, {'J01': 8}, {'J01': 40}, 
3605.0, {'J01': np.float32(3.0)}, {'J01': 8}, {'J01': 38}, 
3610.0, {'J01': np.float32(-0.6558982)}, {'J01': 8}, {'J01': 38}, 
3615.0, {'J01': np.float32(-3.0)}, {'J01': 8}, {'J01': 38}, 
3620.0, {'J01': np.float32(-3.0)}, {'J01': 6}, {'J01': 31}, 
3625.0, {'J01': np.float32(3.0)}, {'J01': 6}, {'J01': 27}, 
3630.0, {'J01': np.float32(-0.4550312)}, {'J01': 6}, {'J01': 30}, 
3635.0, {'J01': np.float32(-3.0)}, {'J01': 7}, {'J01': 37}, 
3640.0, {'J01': np.float32(-3.0)}, {'J01': 8}, {'J01': 40}, 
3645.0, {'J01': np.float32(3.0)}, {'J01': 8}, {'J01': 34}, 
3650.0, {'J01': np.float32(-0.3299677)}, {'J01': 8}, {'J01': 32}, 
3655.0, {'J01': np.float32(-0.84013736)}, {'J01': 8}, {'J01': 32}, 
3660.0, {'J01': np.float32(-0.630457)}, {'J01': 6}, {'J01': 25}, 
3665.0, {'J01': np.float32(0.07900259)}, {'J01': 6}, {'J01': 23}, 
3670.0, {'J01': np.float32(-3.0)}, {'J01': 6}, {'J01': 26}, 
3675.0, {'J01': np.float32(-3.0)}, {'J01': 7}, {'J01': 28}, 
3680.0, {'J01': np.float32(-3.0)}, {'J01': 8}, {'J01': 28}, 
3685.0, {'J01': np.float32(-3.0)}, {'J01': 8}, {'J01': 29}, 
3690.0, {'J01': np.float32(3.0)}, {'J01': 7}, {'J01': 24}, 
3695.0, {'J01': np.float32(3.0)}, {'J01': 6}, {'J01': 18}, 
3700.0, {'J01': np.float32(0.009250694)}, {'J01': 6}, {'J01': 19}, 
3705.0, {'J01': np.float32(-0.16373728)}, {'J01': 7}, {'J01': 21}, 
3710.0, {'J01': np.float32(-0.72600275)}, {'J01': 8}, {'J01': 24}, 
3715.0, {'J01': np.float32(-0.150963)}, {'J01': 8}, {'J01': 28}, 
3720.0, {'J01': np.float32(-0.2506938)}, {'J01': 8}, {'J01': 27}, 
3725.0, {'J01': np.float32(-0.8773469)}, {'J01': 8}, {'J01': 26}, 
3730.0, {'J01': np.float32(1.1600093)}, {'J01': 6}, {'J01': 20}, 
3735.0, {'J01': np.float32(-1.3811563)}, {'J01': 6}, {'J01': 20}, 
3740.0, {'J01': np.float32(2.1539981)}, {'J01': 6}, {'J01': 24}, 
3745.0, {'J01': np.float32(0.9343201)}, {'J01': 6}, {'J01': 21}, 
3750.0, {'J01': np.float32(0.38482887)}, {'J01': 5}, {'J01': 16}, 
3755.0, {'J01': np.float32(-0.06567992)}, {'J01': 5}, {'J01': 19}, 
3760.0, {'J01': np.float32(-0.37372804)}, {'J01': 7}, {'J01': 25}, 
3765.0, {'J01': np.float32(0.6947271)}, {'J01': 7}, {'J01': 23}, 
3770.0, {'J01': np.float32(1.0999075)}, {'J01': 4}, {'J01': 15}, 
3775.0, {'J01': np.float32(0.067530066)}, {'J01': 4}, {'J01': 11}, 
3780.0, {'J01': np.float32(0.07493062)}, {'J01': 4}, {'J01': 7}, 
3785.0, {'J01': np.float32(-0.084181316)}, {'J01': 4}, {'J01': 9}, 
3790.0, {'J01': np.float32(0.38205364)}, {'J01': 3}, {'J01': 10}, 
3795.0, {'J01': np.float32(0.15541166)}, {'J01': 6}, {'J01': 17}, 
3800.0, {'J01': np.float32(-0.3080481)}, {'J01': 8}, {'J01': 23}, 
3805.0, {'J01': np.float32(-0.39407957)}, {'J01': 8}, {'J01': 23}, 
3810.0, {'J01': np.float32(-0.42830712)}, {'J01': 8}, {'J01': 24}, 
3815.0, {'J01': np.float32(0.037002776)}, {'J01': 7}, {'J01': 24}, 
3820.0, {'J01': np.float32(-0.3441258)}, {'J01': 7}, {'J01': 23}, 
3825.0, {'J01': np.float32(-0.4227567)}, {'J01': 7}, {'J01': 26}, 
3830.0, {'J01': np.float32(-0.4838113)}, {'J01': 8}, {'J01': 28}, 
3835.0, {'J01': np.float32(-0.51803887)}, {'J01': 8}, {'J01': 28}, 
3840.0, {'J01': np.float32(-0.17298797)}, {'J01': 8}, {'J01': 25}, 
3845.0, {'J01': np.float32(-0.35245144)}, {'J01': 8}, {'J01': 26}, 
3850.0, {'J01': np.float32(-0.46901017)}, {'J01': 8}, {'J01': 28}, 
3855.0, {'J01': np.float32(-0.51803887)}, {'J01': 8}, {'J01': 28}, 
3860.0, {'J01': np.float32(-0.28954673)}, {'J01': 8}, {'J01': 26}, 
3865.0, {'J01': np.float32(0.76503235)}, {'J01': 7}, {'J01': 21}, 
3870.0, {'J01': np.float32(-0.2294172)}, {'J01': 7}, {'J01': 19}, 
3875.0, {'J01': np.float32(-0.2719704)}, {'J01': 7}, {'J01': 23}, 
3880.0, {'J01': np.float32(0.6604995)}, {'J01': 6}, {'J01': 21}, 
3885.0, {'J01': np.float32(2.1563368)}, {'J01': 4}, {'J01': 13}, 
3890.0, {'J01': np.float32(1.0989825)}, {'J01': 4}, {'J01': 9}, 
3895.0, {'J01': np.float32(0.3172988)}, {'J01': 4}, {'J01': 7}, 
3900.0, {'J01': np.float32(0.12580943)}, {'J01': 2}, {'J01': 9}, 
3905.0, {'J01': np.float32(0.08233117)}, {'J01': 3}, {'J01': 14}, 
3910.0, {'J01': np.float32(-0.21091582)}, {'J01': 6}, {'J01': 22}, 
3915.0, {'J01': np.float32(-0.1692877)}, {'J01': 7}, {'J01': 25}, 
3920.0, {'J01': np.float32(-0.16373728)}, {'J01': 6}, {'J01': 21}, 
3925.0, {'J01': np.float32(-0.21554117)}, {'J01': 6}, {'J01': 22}, 
3930.0, {'J01': np.float32(-0.38852915)}, {'J01': 7}, {'J01': 23}, 
3935.0, {'J01': np.float32(-0.45143387)}, {'J01': 8}, {'J01': 27}, 
3940.0, {'J01': np.float32(0.14061055)}, {'J01': 7}, {'J01': 24}, 
3945.0, {'J01': np.float32(0.5457909)}, {'J01': 4}, {'J01': 15}, 
3950.0, {'J01': np.float32(0.27104533)}, {'J01': 4}, {'J01': 11}, 
3955.0, {'J01': np.float32(0.1480111)}, {'J01': 4}, {'J01': 7}, 
3960.0, {'J01': np.float32(0.20444034)}, {'J01': 3}, {'J01': 8}, 
3965.0, {'J01': np.float32(0.3441258)}, {'J01': 2}, {'J01': 7}, 
3970.0, {'J01': np.float32(-0.17483811)}, {'J01': 5}, {'J01': 15}, 
3975.0, {'J01': np.float32(-0.31637374)}, {'J01': 8}, {'J01': 22}, 
3980.0, {'J01': np.float32(-0.20166512)}, {'J01': 8}, {'J01': 23}, 
3985.0, {'J01': np.float32(-0.02867715)}, {'J01': 7}, {'J01': 22}, 
3990.0, {'J01': np.float32(-0.06845514)}, {'J01': 6}, {'J01': 20}, 
3995.0, {'J01': np.float32(-0.13228492)}, {'J01': 5}, {'J01': 18}, 
4000.0, {'J01': np.float32(-0.20721555)}, {'J01': 5}, {'J01': 17}, 
4005.0, {'J01': np.float32(0.15078631)}, {'J01': 6}, {'J01': 17}, 
4010.0, {'J01': np.float32(-0.24514338)}, {'J01': 6}, {'J01': 19}, 
4015.0, {'J01': np.float32(-0.13783534)}, {'J01': 6}, {'J01': 20}, 
4020.0, {'J01': np.float32(-0.3228492)}, {'J01': 7}, {'J01': 23}, 
4025.0, {'J01': np.float32(-0.42368177)}, {'J01': 8}, {'J01': 28}, 
4030.0, {'J01': np.float32(-0.51803887)}, {'J01': 8}, {'J01': 28}, 
4035.0, {'J01': np.float32(-0.27659574)}, {'J01': 8}, {'J01': 25}, 
4040.0, {'J01': np.float32(-0.40425533)}, {'J01': 8}, {'J01': 25}, 
4045.0, {'J01': np.float32(-0.4745606)}, {'J01': 8}, {'J01': 28}, 
4050.0, {'J01': np.float32(0.68455136)}, {'J01': 7}, {'J01': 23}, 
4055.0, {'J01': np.float32(0.35430157)}, {'J01': 6}, {'J01': 19}, 
4060.0, {'J01': np.float32(-0.16096207)}, {'J01': 6}, {'J01': 20}, 
4065.0, {'J01': np.float32(0.7039778)}, {'J01': 5}, {'J01': 17}, 
4070.0, {'J01': np.float32(-0.3385754)}, {'J01': 5}, {'J01': 22}, 
4075.0, {'J01': np.float32(0.43663275)}, {'J01': 5}, {'J01': 19}, 
4080.0, {'J01': np.float32(0.2960222)}, {'J01': 4}, {'J01': 15}, 
4085.0, {'J01': np.float32(-0.29787233)}, {'J01': 4}, {'J01': 19}, 
4090.0, {'J01': np.float32(-0.11378353)}, {'J01': 7}, {'J01': 25}, 
4095.0, {'J01': np.float32(-0.1785384)}, {'J01': 8}, {'J01': 26}, 
4100.0, {'J01': np.float32(-0.3265495)}, {'J01': 8}, {'J01': 24}, 
4105.0, {'J01': np.float32(-0.3117484)}, {'J01': 8}, {'J01': 25}, 
4110.0, {'J01': np.float32(-0.41905642)}, {'J01': 8}, {'J01': 23}, 
4115.0, {'J01': np.float32(-0.43015727)}, {'J01': 8}, {'J01': 25}, 
4120.0, {'J01': np.float32(-0.47826087)}, {'J01': 8}, {'J01': 28}, 
4125.0, {'J01': np.float32(0.7215541)}, {'J01': 7}, {'J01': 25}, 
4130.0, {'J01': np.float32(0.81776136)}, {'J01': 6}, {'J01': 19}, 
4135.0, {'J01': np.float32(-0.1359852)}, {'J01': 6}, {'J01': 18}, 
4140.0, {'J01': np.float32(-0.34227568)}, {'J01': 7}, {'J01': 22}, 
4145.0, {'J01': np.float32(-0.37927845)}, {'J01': 8}, {'J01': 22}, 
4150.0, {'J01': np.float32(1.0166513)}, {'J01': 7}, {'J01': 20}, 
4155.0, {'J01': np.float32(-0.32747456)}, {'J01': 7}, {'J01': 18}, 
4160.0, {'J01': np.float32(-0.3478261)}, {'J01': 7}, {'J01': 23}, 
4165.0, {'J01': np.float32(-0.45143387)}, {'J01': 7}, {'J01': 27}, 
4170.0, {'J01': np.float32(-0.5263645)}, {'J01': 8}, {'J01': 30}, 
4175.0, {'J01': np.float32(-0.37927845)}, {'J01': 8}, {'J01': 27}, 
4180.0, {'J01': np.float32(-0.3348751)}, {'J01': 8}, {'J01': 24}, 
4185.0, {'J01': np.float32(-0.4495837)}, {'J01': 8}, {'J01': 26}, 
4190.0, {'J01': np.float32(0.8547641)}, {'J01': 7}, {'J01': 25}, 
4195.0, {'J01': np.float32(2.8899167)}, {'J01': 4}, {'J01': 14}, 
4200.0, {'J01': np.float32(0.5245143)}, {'J01': 4}, {'J01': 14}, 
4205.0, {'J01': np.float32(-0.2775208)}, {'J01': 4}, {'J01': 18}, 
4210.0, {'J01': np.float32(-0.34320074)}, {'J01': 5}, {'J01': 20}, 
4215.0, {'J01': np.float32(-0.16096207)}, {'J01': 8}, {'J01': 21}, 
4220.0, {'J01': np.float32(-0.16466235)}, {'J01': 8}, {'J01': 22}, 
4225.0, {'J01': np.float32(1.0832562)}, {'J01': 6}, {'J01': 20}, 
4230.0, {'J01': np.float32(0.493062)}, {'J01': 4}, {'J01': 14}, 
4235.0, {'J01': np.float32(0.111008324)}, {'J01': 3}, {'J01': 14}, 
4240.0, {'J01': np.float32(0.066604994)}, {'J01': 3}, {'J01': 14}, 
4245.0, {'J01': np.float32(-0.20999075)}, {'J01': 6}, {'J01': 21}, 
4250.0, {'J01': np.float32(-0.4320074)}, {'J01': 8}, {'J01': 29}, 
4255.0, {'J01': np.float32(-0.4588344)}, {'J01': 8}, {'J01': 28}, 
4260.0, {'J01': np.float32(-0.320074)}, {'J01': 8}, {'J01': 25}, 
4265.0, {'J01': np.float32(-0.47548565)}, {'J01': 8}, {'J01': 27}, 
4270.0, {'J01': np.float32(-0.4680851)}, {'J01': 8}, {'J01': 29}, 
4275.0, {'J01': np.float32(-0.49028677)}, {'J01': 8}, {'J01': 28}, 
4280.0, {'J01': np.float32(-0.51803887)}, {'J01': 8}, {'J01': 28}, 
4285.0, {'J01': np.float32(-0.30619797)}, {'J01': 8}, {'J01': 26}, 
4290.0, {'J01': np.float32(-0.25439408)}, {'J01': 8}, {'J01': 25}, 
4295.0, {'J01': np.float32(0.5032377)}, {'J01': 7}, {'J01': 23}, 
4300.0, {'J01': np.float32(0.6234968)}, {'J01': 6}, {'J01': 20}, 
4305.0, {'J01': np.float32(-0.38760406)}, {'J01': 6}, {'J01': 24}, 
4310.0, {'J01': np.float32(0.746531)}, {'J01': 6}, {'J01': 21}, 
4315.0, {'J01': np.float32(0.49768734)}, {'J01': 5}, {'J01': 15}, 
4320.0, {'J01': np.float32(-0.012025902)}, {'J01': 5}, {'J01': 18}, 
4325.0, {'J01': np.float32(-0.22294173)}, {'J01': 7}, {'J01': 22}, 
4330.0, {'J01': np.float32(-0.30157262)}, {'J01': 8}, {'J01': 23}, 
4335.0, {'J01': np.float32(0.46993524)}, {'J01': 7}, {'J01': 21}, 
4340.0, {'J01': np.float32(-0.40055504)}, {'J01': 7}, {'J01': 24}, 
4345.0, {'J01': np.float32(-0.45420906)}, {'J01': 7}, {'J01': 26}, 
4350.0, {'J01': np.float32(-0.38205364)}, {'J01': 7}, {'J01': 26}, 
4355.0, {'J01': np.float32(-0.27567068)}, {'J01': 8}, {'J01': 24}, 
4360.0, {'J01': np.float32(0.7141536)}, {'J01': 7}, {'J01': 22}, 
4365.0, {'J01': np.float32(-0.3709528)}, {'J01': 7}, {'J01': 21}, 
4370.0, {'J01': np.float32(-0.37280297)}, {'J01': 7}, {'J01': 23}, 
4375.0, {'J01': np.float32(-0.44310823)}, {'J01': 7}, {'J01': 26}, 
4380.0, {'J01': np.float32(0.9148936)}, {'J01': 7}, {'J01': 27}, 
4385.0, {'J01': np.float32(2.2303424)}, {'J01': 4}, {'J01': 15}, 
4390.0, {'J01': np.float32(0.2025902)}, {'J01': 4}, {'J01': 15}, 
4395.0, {'J01': np.float32(-0.28862163)}, {'J01': 4}, {'J01': 19}, 
4400.0, {'J01': np.float32(-0.04625347)}, {'J01': 6}, {'J01': 21}, 
4405.0, {'J01': np.float32(-0.20999075)}, {'J01': 8}, {'J01': 25}, 
4410.0, {'J01': np.float32(-0.4653099)}, {'J01': 8}, {'J01': 26}, 
4415.0, {'J01': np.float32(0.34135062)}, {'J01': 7}, {'J01': 24}, 
4420.0, {'J01': np.float32(0.45420906)}, {'J01': 6}, {'J01': 19}, 
4425.0, {'J01': np.float32(0.38760406)}, {'J01': 5}, {'J01': 14}, 
4430.0, {'J01': np.float32(0.41905642)}, {'J01': 4}, {'J01': 8}, 
4435.0, {'J01': np.float32(-0.058279373)}, {'J01': 3}, {'J01': 9}, 
4440.0, {'J01': np.float32(-0.09343201)}, {'J01': 4}, {'J01': 16}, 
4445.0, {'J01': np.float32(0.23774283)}, {'J01': 5}, {'J01': 14}, 
4450.0, {'J01': np.float32(-0.011100832)}, {'J01': 4}, {'J01': 12}, 
4455.0, {'J01': np.float32(-0.103607774)}, {'J01': 5}, {'J01': 18}, 
4460.0, {'J01': np.float32(-0.12765957)}, {'J01': 7}, {'J01': 22}, 
4465.0, {'J01': np.float32(-0.42738205)}, {'J01': 8}, {'J01': 25}, 
4470.0, {'J01': np.float32(-0.4717854)}, {'J01': 8}, {'J01': 26}, 
4475.0, {'J01': np.float32(0.040703055)}, {'J01': 7}, {'J01': 23}, 
4480.0, {'J01': np.float32(0.27289546)}, {'J01': 6}, {'J01': 17}, 
4485.0, {'J01': np.float32(-0.2904718)}, {'J01': 6}, {'J01': 20}, 
4490.0, {'J01': np.float32(-0.2775208)}, {'J01': 7}, {'J01': 21}, 
4495.0, {'J01': np.float32(0.2987974)}, {'J01': 7}, {'J01': 19}, 
4500.0, {'J01': np.float32(-0.3654024)}, {'J01': 7}, {'J01': 23}, 
4505.0, {'J01': np.float32(-0.39037928)}, {'J01': 7}, {'J01': 24}, 
4510.0, {'J01': np.float32(0.23959297)}, {'J01': 6}, {'J01': 19}, 
4515.0, {'J01': np.float32(-0.2987974)}, {'J01': 6}, {'J01': 19}, 
4520.0, {'J01': np.float32(-0.2812211)}, {'J01': 6}, {'J01': 21}, 
4525.0, {'J01': np.float32(-0.30712304)}, {'J01': 7}, {'J01': 23}, 
4530.0, {'J01': np.float32(-0.45698428)}, {'J01': 8}, {'J01': 28}, 
4535.0, {'J01': np.float32(-0.5226642)}, {'J01': 8}, {'J01': 29}, 
4540.0, {'J01': np.float32(0.827012)}, {'J01': 7}, {'J01': 25}, 
4545.0, {'J01': np.float32(0.19888991)}, {'J01': 6}, {'J01': 21}, 
4550.0, {'J01': np.float32(-0.34967622)}, {'J01': 6}, {'J01': 22}, 
4555.0, {'J01': np.float32(-0.4107308)}, {'J01': 7}, {'J01': 24}, 
4560.0, {'J01': np.float32(-0.2904718)}, {'J01': 8}, {'J01': 25}, 
4565.0, {'J01': np.float32(-0.32469934)}, {'J01': 8}, {'J01': 24}, 
4570.0, {'J01': np.float32(-0.29139686)}, {'J01': 8}, {'J01': 23}, 
4575.0, {'J01': np.float32(1.0037003)}, {'J01': 7}, {'J01': 19}, 
4580.0, {'J01': np.float32(1.3876041)}, {'J01': 6}, {'J01': 16}, 
4585.0, {'J01': np.float32(1.3191489)}, {'J01': 4}, {'J01': 10}, 
4590.0, {'J01': np.float32(0.2691952)}, {'J01': 4}, {'J01': 10}, 
4595.0, {'J01': np.float32(-0.13043478)}, {'J01': 3}, {'J01': 15}, 
4600.0, {'J01': np.float32(-0.22016652)}, {'J01': 6}, {'J01': 20}, 
4605.0, {'J01': np.float32(-0.21554117)}, {'J01': 8}, {'J01': 23}, 
4610.0, {'J01': np.float32(0.1359852)}, {'J01': 7}, {'J01': 20}, 
4615.0, {'J01': np.float32(-0.34690103)}, {'J01': 7}, {'J01': 19}, 
4620.0, {'J01': np.float32(-0.3570768)}, {'J01': 7}, {'J01': 21}, 
4625.0, {'J01': np.float32(-0.31822386)}, {'J01': 7}, {'J01': 22}, 
4630.0, {'J01': np.float32(0.37557817)}, {'J01': 7}, {'J01': 22}, 
4635.0, {'J01': np.float32(0.18593894)}, {'J01': 6}, {'J01': 19}, 
4640.0, {'J01': np.float32(-0.36355227)}, {'J01': 6}, {'J01': 22}, 
4645.0, {'J01': np.float32(-0.41628122)}, {'J01': 6}, {'J01': 23}, 
4650.0, {'J01': np.float32(-0.45420906)}, {'J01': 8}, {'J01': 27}, 
4655.0, {'J01': np.float32(0.18593894)}, {'J01': 7}, {'J01': 23}, 
4660.0, {'J01': np.float32(0.24606845)}, {'J01': 6}, {'J01': 19}, 
4665.0, {'J01': np.float32(-0.21184088)}, {'J01': 6}, {'J01': 21}, 
4670.0, {'J01': np.float32(0.51156336)}, {'J01': 6}, {'J01': 18}, 
4675.0, {'J01': np.float32(-0.16373728)}, {'J01': 6}, {'J01': 17}, 
4680.0, {'J01': np.float32(-0.14893617)}, {'J01': 6}, {'J01': 20}, 
4685.0, {'J01': np.float32(0.4653099)}, {'J01': 6}, {'J01': 20}, 
4690.0, {'J01': np.float32(1.3432007)}, {'J01': 4}, {'J01': 10}, 
4695.0, {'J01': np.float32(0.15818687)}, {'J01': 4}, {'J01': 10}, 
4700.0, {'J01': np.float32(0.07770583)}, {'J01': 4}, {'J01': 6}, 
4705.0, {'J01': np.float32(0.040703055)}, {'J01': 4}, {'J01': 4}, 
4710.0, {'J01': np.float32(-0.08510638)}, {'J01': 4}, {'J01': 8}, 
4715.0, {'J01': np.float32(-0.17761332)}, {'J01': 4}, {'J01': 16}, 
4720.0, {'J01': np.float32(-0.3293247)}, {'J01': 7}, {'J01': 23}, 
4725.0, {'J01': np.float32(-0.21091582)}, {'J01': 7}, {'J01': 22}, 
4730.0, {'J01': np.float32(-0.14061055)}, {'J01': 6}, {'J01': 17}, 
4735.0, {'J01': np.float32(-0.12673451)}, {'J01': 6}, {'J01': 20}, 
4740.0, {'J01': np.float32(0.20629047)}, {'J01': 6}, {'J01': 19}, 
4745.0, {'J01': np.float32(-0.12765957)}, {'J01': 6}, {'J01': 18}, 
4750.0, {'J01': np.float32(-0.111933395)}, {'J01': 6}, {'J01': 21}, 
4755.0, {'J01': np.float32(-0.39962998)}, {'J01': 7}, {'J01': 25}, 
4760.0, {'J01': np.float32(-0.48566142)}, {'J01': 8}, {'J01': 28}, 
4765.0, {'J01': np.float32(-0.51803887)}, {'J01': 8}, {'J01': 28}, 
4770.0, {'J01': np.float32(-0.51803887)}, {'J01': 8}, {'J01': 28}, 
4775.0, {'J01': np.float32(-0.38575393)}, {'J01': 8}, {'J01': 27}, 
4780.0, {'J01': np.float32(-0.49953747)}, {'J01': 8}, {'J01': 27}, 
4785.0, {'J01': np.float32(-0.49953747)}, {'J01': 8}, {'J01': 27}, 
4790.0, {'J01': np.float32(-0.34967622)}, {'J01': 8}, {'J01': 26}, 
4795.0, {'J01': np.float32(-0.040703055)}, {'J01': 8}, {'J01': 23}, 
4800.0, {'J01': np.float32(-0.42830712)}, {'J01': 8}, {'J01': 24}, 
4805.0, {'J01': np.float32(-0.45143387)}, {'J01': 8}, {'J01': 26}, 
4810.0, {'J01': np.float32(-0.48843664)}, {'J01': 8}, {'J01': 27}, 
4815.0, {'J01': np.float32(1.1230342)}, {'J01': 7}, {'J01': 22}, 
4820.0, {'J01': np.float32(0.7382054)}, {'J01': 6}, {'J01': 18}, 
4825.0, {'J01': np.float32(-0.12673451)}, {'J01': 6}, {'J01': 18}, 
4830.0, {'J01': np.float32(-0.34505087)}, {'J01': 7}, {'J01': 21}, 
4835.0, {'J01': np.float32(-0.4051804)}, {'J01': 8}, {'J01': 24}, 
4840.0, {'J01': np.float32(1.119334)}, {'J01': 7}, {'J01': 21}, 
4845.0, {'J01': np.float32(-0.3959297)}, {'J01': 7}, {'J01': 23}, 
4850.0, {'J01': np.float32(-0.37280297)}, {'J01': 7}, {'J01': 24}, 
4855.0, {'J01': np.float32(-0.386679)}, {'J01': 7}, {'J01': 23}, 
4860.0, {'J01': np.float32(-0.38205364)}, {'J01': 8}, {'J01': 24}, 
4865.0, {'J01': np.float32(-0.37187788)}, {'J01': 8}, {'J01': 24}, 
4870.0, {'J01': np.float32(-0.45605922)}, {'J01': 8}, {'J01': 27}, 
4875.0, {'J01': np.float32(-0.4588344)}, {'J01': 8}, {'J01': 26}, 
4880.0, {'J01': np.float32(1.4292322)}, {'J01': 7}, {'J01': 21}, 
4885.0, {'J01': np.float32(-0.39315447)}, {'J01': 7}, {'J01': 23}, 
4890.0, {'J01': np.float32(1.7937095)}, {'J01': 6}, {'J01': 18}, 
4895.0, {'J01': np.float32(0.7539315)}, {'J01': 5}, {'J01': 15}, 
4900.0, {'J01': np.float32(-0.1692877)}, {'J01': 5}, {'J01': 16}, 
4905.0, {'J01': np.float32(1.0601295)}, {'J01': 4}, {'J01': 13}, 
4910.0, {'J01': np.float32(-0.15911193)}, {'J01': 4}, {'J01': 16}, 
4915.0, {'J01': np.float32(-0.2173913)}, {'J01': 7}, {'J01': 23}, 
4920.0, {'J01': np.float32(-0.42923218)}, {'J01': 8}, {'J01': 26}, 
4925.0, {'J01': np.float32(-0.4893617)}, {'J01': 8}, {'J01': 27}, 
4930.0, {'J01': np.float32(-0.40425533)}, {'J01': 8}, {'J01': 26}, 
4935.0, {'J01': np.float32(-0.31544867)}, {'J01': 8}, {'J01': 23}, 
4940.0, {'J01': np.float32(1.2192415)}, {'J01': 7}, {'J01': 20}, 
4945.0, {'J01': np.float32(-0.3774283)}, {'J01': 7}, {'J01': 22}, 
4950.0, {'J01': np.float32(1.2192415)}, {'J01': 6}, {'J01': 18}, 
4955.0, {'J01': np.float32(0.4495837)}, {'J01': 5}, {'J01': 16}, 
4960.0, {'J01': np.float32(-0.3172988)}, {'J01': 5}, {'J01': 20}, 
4965.0, {'J01': np.float32(-0.28769657)}, {'J01': 7}, {'J01': 23}, 
4970.0, {'J01': np.float32(-0.3441258)}, {'J01': 8}, {'J01': 24}, 
4975.0, {'J01': np.float32(-0.44773358)}, {'J01': 8}, {'J01': 25}, 
4980.0, {'J01': np.float32(0.77890843)}, {'J01': 7}, {'J01': 22}, 
4985.0, {'J01': np.float32(0.32377428)}, {'J01': 6}, {'J01': 18}, 
4990.0, {'J01': np.float32(-0.3506013)}, {'J01': 6}, {'J01': 22}, 
4995.0, {'J01': np.float32(-0.40980574)}, {'J01': 7}, {'J01': 24}, 
5000.0, {'J01': np.float32(-0.45975947)}, {'J01': 8}, {'J01': 26}, 
5005.0, {'J01': np.float32(0.5319149)}, {'J01': 7}, {'J01': 22}, 
5010.0, {'J01': np.float32(1.6364478)}, {'J01': 4}, {'J01': 12}, 
5015.0, {'J01': np.float32(0.5013876)}, {'J01': 4}, {'J01': 8}, 
5020.0, {'J01': np.float32(0.3135985)}, {'J01': 3}, {'J01': 7}, 
5025.0, {'J01': np.float32(0.39315447)}, {'J01': 2}, {'J01': 6}, 
5030.0, {'J01': np.float32(-0.11748381)}, {'J01': 3}, {'J01': 8}, 
5035.0, {'J01': np.float32(-0.20166512)}, {'J01': 4}, {'J01': 19}, 
5040.0, {'J01': np.float32(-0.091581866)}, {'J01': 4}, {'J01': 18}, 
5045.0, {'J01': np.float32(-0.14708602)}, {'J01': 4}, {'J01': 14}, 
5050.0, {'J01': np.float32(-0.24976873)}, {'J01': 5}, {'J01': 21}, 
5055.0, {'J01': np.float32(-0.39870492)}, {'J01': 7}, {'J01': 25}, 
5060.0, {'J01': np.float32(-0.054579094)}, {'J01': 7}, {'J01': 23}, 
5065.0, {'J01': np.float32(-0.18778908)}, {'J01': 6}, {'J01': 20}, 
5070.0, {'J01': np.float32(-0.061979648)}, {'J01': 5}, {'J01': 17}, 
5075.0, {'J01': np.float32(0.32839963)}, {'J01': 4}, {'J01': 11}, 
5080.0, {'J01': np.float32(0.7474561)}, {'J01': 3}, {'J01': 9}, 
5085.0, {'J01': np.float32(0.055504162)}, {'J01': 3}, {'J01': 6}, 
5090.0, {'J01': np.float32(0.09343201)}, {'J01': 3}, {'J01': 10}, 
5095.0, {'J01': np.float32(0.2691952)}, {'J01': 4}, {'J01': 17}, 
5100.0, {'J01': np.float32(-0.1720629)}, {'J01': 7}, {'J01': 24}, 
5105.0, {'J01': np.float32(-0.33765033)}, {'J01': 8}, {'J01': 26}, 
5110.0, {'J01': np.float32(-0.48103607)}, {'J01': 8}, {'J01': 26}, 
5115.0, {'J01': np.float32(-0.40425533)}, {'J01': 8}, {'J01': 25}, 
5120.0, {'J01': np.float32(-0.24699353)}, {'J01': 8}, {'J01': 23}, 
5125.0, {'J01': np.float32(-0.42553192)}, {'J01': 8}, {'J01': 23}, 
5130.0, {'J01': np.float32(-0.38297874)}, {'J01': 8}, {'J01': 23}, 
5135.0, {'J01': np.float32(-0.42738205)}, {'J01': 8}, {'J01': 24}, 
5140.0, {'J01': np.float32(-0.45235893)}, {'J01': 8}, {'J01': 26}, 
5145.0, {'J01': np.float32(0.73358)}, {'J01': 7}, {'J01': 20}, 
5150.0, {'J01': np.float32(0.18038853)}, {'J01': 6}, {'J01': 16}, 
5155.0, {'J01': np.float32(-0.1961147)}, {'J01': 6}, {'J01': 18}, 
5160.0, {'J01': np.float32(-0.33765033)}, {'J01': 7}, {'J01': 21}, 
5165.0, {'J01': np.float32(-0.41165587)}, {'J01': 8}, {'J01': 25}, 
5170.0, {'J01': np.float32(0.70582795)}, {'J01': 7}, {'J01': 21}, 
5175.0, {'J01': np.float32(0.72710454)}, {'J01': 6}, {'J01': 15}, 
5180.0, {'J01': np.float32(1.226642)}, {'J01': 4}, {'J01': 10}, 
5185.0, {'J01': np.float32(0.28769657)}, {'J01': 3}, {'J01': 9}, 
5190.0, {'J01': np.float32(0.30249768)}, {'J01': 2}, {'J01': 8}, 
5195.0, {'J01': np.float32(-0.035152636)}, {'J01': 2}, {'J01': 7}, 
5200.0, {'J01': np.float32(-0.049028676)}, {'J01': 4}, {'J01': 16}, 
5205.0, {'J01': np.float32(-0.2691952)}, {'J01': 7}, {'J01': 23}, 
5210.0, {'J01': np.float32(-0.40333024)}, {'J01': 8}, {'J01': 24}, 
5215.0, {'J01': np.float32(-0.4440333)}, {'J01': 8}, {'J01': 24}, 
5220.0, {'J01': np.float32(-0.4440333)}, {'J01': 8}, {'J01': 24}, 
5225.0, {'J01': np.float32(-0.4440333)}, {'J01': 8}, {'J01': 24}, 
5230.0, {'J01': np.float32(0.59851986)}, {'J01': 7}, {'J01': 18}, 
5235.0, {'J01': np.float32(0.07030527)}, {'J01': 6}, {'J01': 16}, 
5240.0, {'J01': np.float32(-0.30897316)}, {'J01': 6}, {'J01': 19}, 
5245.0, {'J01': np.float32(0.3506013)}, {'J01': 6}, {'J01': 16}, 
5250.0, {'J01': np.float32(1.0194265)}, {'J01': 3}, {'J01': 7}, 
5255.0, {'J01': np.float32(0.2386679)}, {'J01': 2}, {'J01': 7}, 
5260.0, {'J01': np.float32(0.2987974)}, {'J01': 1}, {'J01': 3}, 
5265.0, {'J01': np.float32(0.3052729)}, {'J01': 1}, {'J01': 4}, 
5270.0, {'J01': np.float32(0.0138760405)}, {'J01': 0}, {'J01': 0}, 
5275.0, {'J01': np.float32(-0.010175764)}, {'J01': 1}, {'J01': 4}, 
5280.0, {'J01': np.float32(-0.111933395)}, {'J01': 4}, {'J01': 13}, 
5285.0, {'J01': np.float32(-0.28214616)}, {'J01': 8}, {'J01': 21}, 
5290.0, {'J01': np.float32(-0.40240517)}, {'J01': 8}, {'J01': 23}, 
5295.0, {'J01': np.float32(-0.42553192)}, {'J01': 8}, {'J01': 23}, 
5300.0, {'J01': np.float32(-0.42553192)}, {'J01': 8}, {'J01': 23}, 
5305.0, {'J01': np.float32(0.12673451)}, {'J01': 7}, {'J01': 18}, 
5310.0, {'J01': np.float32(0.012025902)}, {'J01': 6}, {'J01': 16}, 
5315.0, {'J01': np.float32(-0.30897316)}, {'J01': 6}, {'J01': 19}, 
5320.0, {'J01': np.float32(0.2691952)}, {'J01': 6}, {'J01': 17}, 
5325.0, {'J01': np.float32(0.16281222)}, {'J01': 5}, {'J01': 15}, 
5330.0, {'J01': np.float32(0.18686402)}, {'J01': 4}, {'J01': 11}, 
5335.0, {'J01': np.float32(0.16836263)}, {'J01': 3}, {'J01': 11}, 
5340.0, {'J01': np.float32(-0.02867715)}, {'J01': 4}, {'J01': 15}, 
5345.0, {'J01': np.float32(0.30157262)}, {'J01': 5}, {'J01': 15}, 
5350.0, {'J01': np.float32(0.27844587)}, {'J01': 4}, {'J01': 11}, 
5355.0, {'J01': np.float32(0.17576317)}, {'J01': 3}, {'J01': 7}, 
5360.0, {'J01': np.float32(0.13968548)}, {'J01': 1}, {'J01': 3}, 
5365.0, {'J01': np.float32(0.09620722)}, {'J01': 1}, {'J01': 1}, 
5370.0, {'J01': np.float32(-0.018501388)}, {'J01': 1}, {'J01': 1}, 
5375.0, {'J01': np.float32(-0.019426458)}, {'J01': 1}, {'J01': 2}, 
5380.0, {'J01': np.float32(0.103607774)}, {'J01': 1}, {'J01': 3}, 
5385.0, {'J01': np.float32(0.012025902)}, {'J01': 0}, {'J01': 0}, 
5390.0, {'J01': np.float32(-0.0037002775)}, {'J01': 1}, {'J01': 2}, 
5395.0, {'J01': np.float32(-0.06105458)}, {'J01': 3}, {'J01': 7}, 
5400.0, {'J01': np.float32(-0.025901943)}, {'J01': 2}, {'J01': 4}, 
