5.0, {'J01': 0}, {'J01': 0}, {'J01': 0}, 
10.0, {'J01': 0}, {'J01': 0}, {'J01': 0}, 
15.0, {'J01': -0.5}, {'J01': 1}, {'J01': 1}, 
20.0, {'J01': -28.0}, {'J01': 2}, {'J01': 6}, 
25.0, {'J01': -78.0}, {'J01': 3}, {'J01': 6}, 
30.0, {'J01': -143.0}, {'J01': 4}, {'J01': 7}, 
35.0, {'J01': -153.0}, {'J01': 4}, {'J01': 8}, 
40.0, {'J01': -235.0}, {'J01': 4}, {'J01': 9}, 
45.0, {'J01': -194.5}, {'J01': 3}, {'J01': 9}, 
50.0, {'J01': -140.0}, {'J01': 3}, {'J01': 11}, 
55.0, {'J01': -208.0}, {'J01': 4}, {'J01': 15}, 
60.0, {'J01': -370.0}, {'J01': 5}, {'J01': 21}, 
65.0, {'J01': -260.5}, {'J01': 4}, {'J01': 17}, 
70.0, {'J01': -173.5}, {'J01': 4}, {'J01': 11}, 
75.0, {'J01': -171.5}, {'J01': 4}, {'J01': 11}, 
80.0, {'J01': -300.5}, {'J01': 4}, {'J01': 21}, 
85.0, {'J01': -392.5}, {'J01': 4}, {'J01': 20}, 
90.0, {'J01': -389.0}, {'J01': 5}, {'J01': 18}, 
95.0, {'J01': -527.5}, {'J01': 6}, {'J01': 21}, 
100.0, {'J01': -769.0}, {'J01': 7}, {'J01': 30}, 
105.0, {'J01': -744.5}, {'J01': 7}, {'J01': 29}, 
110.0, {'J01': -474.0}, {'J01': 5}, {'J01': 18}, 
115.0, {'J01': -479.0}, {'J01': 4}, {'J01': 17}, 
120.0, {'J01': -666.0}, {'J01': 4}, {'J01': 24}, 
125.0, {'J01': -796.5}, {'J01': 6}, {'J01': 27}, 
130.0, {'J01': -760.0}, {'J01': 8}, {'J01': 27}, 
135.0, {'J01': -1039.5}, {'J01': 8}, {'J01': 30}, 
140.0, {'J01': -1352.5}, {'J01': 8}, {'J01': 36}, 
145.0, {'J01': -1269.5}, {'J01': 7}, {'J01': 34}, 
150.0, {'J01': -837.5}, {'J01': 5}, {'J01': 23}, 
155.0, {'J01': -715.0}, {'J01': 4}, {'J01': 20}, 
160.0, {'J01': -927.5}, {'J01': 4}, {'J01': 26}, 
165.0, {'J01': -1091.5}, {'J01': 6}, {'J01': 30}, 
170.0, {'J01': -1283.0}, {'J01': 8}, {'J01': 36}, 
175.0, {'J01': -1550.0}, {'J01': 8}, {'J01': 37}, 
180.0, {'J01': -1922.5}, {'J01': 8}, {'J01': 38}, 
185.0, {'J01': -2318.0}, {'J01': 8}, {'J01': 42}, 
190.0, {'J01': -2096.5}, {'J01': 7}, {'J01': 36}, 
195.0, {'J01': -2296.5}, {'J01': 7}, {'J01': 33}, 
200.0, {'J01': -2606.5}, {'J01': 7}, {'J01': 37}, 
205.0, {'J01': -2503.5}, {'J01': 7}, {'J01': 34}, 
210.0, {'J01': -2681.0}, {'J01': 8}, {'J01': 33}, 
215.0, {'J01': -2952.5}, {'J01': 8}, {'J01': 34}, 
220.0, {'J01': -3298.0}, {'J01': 8}, {'J01': 37}, 
225.0, {'J01': -2787.5}, {'J01': 7}, {'J01': 31}, 
230.0, {'J01': -1453.0}, {'J01': 4}, {'J01': 16}, 
235.0, {'J01': -1556.5}, {'J01': 4}, {'J01': 18}, 
240.0, {'J01': -1747.5}, {'J01': 4}, {'J01': 23}, 
245.0, {'J01': -1559.0}, {'J01': 7}, {'J01': 26}, 
250.0, {'J01': -1458.5}, {'J01': 8}, {'J01': 25}, 
255.0, {'J01': -1714.0}, {'J01': 8}, {'J01': 28}, 
260.0, {'J01': -2010.0}, {'J01': 8}, {'J01': 33}, 
265.0, {'J01': -1758.0}, {'J01': 7}, {'J01': 29}, 
270.0, {'J01': -823.5}, {'J01': 5}, {'J01': 17}, 
275.0, {'J01': -694.5}, {'J01': 4}, {'J01': 16}, 
280.0, {'J01': -869.5}, {'J01': 4}, {'J01': 22}, 
285.0, {'J01': -907.0}, {'J01': 6}, {'J01': 22}, 
290.0, {'J01': -968.0}, {'J01': 8}, {'J01': 25}, 
295.0, {'J01': -1189.5}, {'J01': 8}, {'J01': 27}, 
300.0, {'J01': -1471.0}, {'J01': 8}, {'J01': 32}, 
305.0, {'J01': -1391.0}, {'J01': 7}, {'J01': 28}, 
310.0, {'J01': -691.5}, {'J01': 5}, {'J01': 16}, 
315.0, {'J01': -667.0}, {'J01': 4}, {'J01': 16}, 
320.0, {'J01': -844.0}, {'J01': 4}, {'J01': 23}, 
325.0, {'J01': -951.5}, {'J01': 7}, {'J01': 25}, 
330.0, {'J01': -1033.0}, {'J01': 8}, {'J01': 27}, 
335.0, {'J01': -1241.0}, {'J01': 8}, {'J01': 28}, 
340.0, {'J01': -1530.0}, {'J01': 8}, {'J01': 32}, 
345.0, {'J01': -1793.5}, {'J01': 8}, {'J01': 32}, 
350.0, {'J01': -1992.5}, {'J01': 8}, {'J01': 32}, 
355.0, {'J01': -2314.0}, {'J01': 8}, {'J01': 33}, 
360.0, {'J01': -2650.0}, {'J01': 8}, {'J01': 36}, 
365.0, {'J01': -2955.0}, {'J01': 8}, {'J01': 37}, 
370.0, {'J01': -3198.0}, {'J01': 8}, {'J01': 37}, 
375.0, {'J01': -3497.5}, {'J01': 8}, {'J01': 36}, 
380.0, {'J01': -3842.5}, {'J01': 8}, {'J01': 38}, 
385.0, {'J01': -2889.0}, {'J01': 7}, {'J01': 28}, 
390.0, {'J01': -1487.5}, {'J01': 4}, {'J01': 17}, 
395.0, {'J01': -1277.5}, {'J01': 4}, {'J01': 17}, 
400.0, {'J01': -1455.5}, {'J01': 4}, {'J01': 21}, 
405.0, {'J01': -1437.0}, {'J01': 6}, {'J01': 25}, 
410.0, {'J01': -1311.0}, {'J01': 8}, {'J01': 28}, 
415.0, {'J01': -1593.0}, {'J01': 8}, {'J01': 30}, 
420.0, {'J01': -1903.0}, {'J01': 8}, {'J01': 34}, 
425.0, {'J01': -1378.5}, {'J01': 7}, {'J01': 28}, 
430.0, {'J01': -605.5}, {'J01': 4}, {'J01': 17}, 
435.0, {'J01': -538.5}, {'J01': 4}, {'J01': 16}, 
440.0, {'J01': -708.0}, {'J01': 4}, {'J01': 21}, 
445.0, {'J01': -727.5}, {'J01': 6}, {'J01': 24}, 
450.0, {'J01': -817.0}, {'J01': 8}, {'J01': 27}, 
455.0, {'J01': -1065.5}, {'J01': 8}, {'J01': 28}, 
460.0, {'J01': -1357.5}, {'J01': 8}, {'J01': 33}, 
465.0, {'J01': -1228.0}, {'J01': 7}, {'J01': 30}, 
470.0, {'J01': -789.5}, {'J01': 5}, {'J01': 23}, 
475.0, {'J01': -754.0}, {'J01': 4}, {'J01': 20}, 
480.0, {'J01': -921.0}, {'J01': 4}, {'J01': 23}, 
485.0, {'J01': -1103.5}, {'J01': 6}, {'J01': 28}, 
490.0, {'J01': -1146.5}, {'J01': 8}, {'J01': 30}, 
495.0, {'J01': -1385.0}, {'J01': 8}, {'J01': 31}, 
500.0, {'J01': -1705.5}, {'J01': 8}, {'J01': 34}, 
505.0, {'J01': -1409.0}, {'J01': 7}, {'J01': 27}, 
510.0, {'J01': -613.0}, {'J01': 4}, {'J01': 19}, 
515.0, {'J01': -659.0}, {'J01': 4}, {'J01': 17}, 
520.0, {'J01': -842.5}, {'J01': 4}, {'J01': 23}, 
525.0, {'J01': -906.0}, {'J01': 7}, {'J01': 29}, 
530.0, {'J01': -949.5}, {'J01': 8}, {'J01': 25}, 
535.0, {'J01': -1146.5}, {'J01': 8}, {'J01': 29}, 
540.0, {'J01': -1383.0}, {'J01': 8}, {'J01': 33}, 
545.0, {'J01': -1154.0}, {'J01': 7}, {'J01': 26}, 
550.0, {'J01': -599.0}, {'J01': 4}, {'J01': 17}, 
555.0, {'J01': -641.0}, {'J01': 4}, {'J01': 17}, 
560.0, {'J01': -818.5}, {'J01': 4}, {'J01': 21}, 
565.0, {'J01': -920.0}, {'J01': 7}, {'J01': 26}, 
570.0, {'J01': -951.0}, {'J01': 8}, {'J01': 26}, 
575.0, {'J01': -1111.5}, {'J01': 8}, {'J01': 28}, 
580.0, {'J01': -1403.5}, {'J01': 8}, {'J01': 32}, 
585.0, {'J01': -1268.0}, {'J01': 7}, {'J01': 27}, 
590.0, {'J01': -625.0}, {'J01': 4}, {'J01': 17}, 
595.0, {'J01': -662.5}, {'J01': 4}, {'J01': 17}, 
600.0, {'J01': -780.0}, {'J01': 4}, {'J01': 21}, 
605.0, {'J01': -1009.0}, {'J01': 7}, {'J01': 29}, 
610.0, {'J01': -1252.5}, {'J01': 8}, {'J01': 36}, 
615.0, {'J01': -1542.0}, {'J01': 8}, {'J01': 36}, 
620.0, {'J01': -1910.5}, {'J01': 8}, {'J01': 39}, 
625.0, {'J01': -2002.0}, {'J01': 8}, {'J01': 38}, 
630.0, {'J01': -1536.0}, {'J01': 6}, {'J01': 29}, 
635.0, {'J01': -1279.5}, {'J01': 5}, {'J01': 25}, 
640.0, {'J01': -1479.0}, {'J01': 5}, {'J01': 30}, 
645.0, {'J01': -1664.5}, {'J01': 6}, {'J01': 33}, 
650.0, {'J01': -1570.5}, {'J01': 8}, {'J01': 33}, 
655.0, {'J01': -1683.5}, {'J01': 8}, {'J01': 32}, 
660.0, {'J01': -2014.5}, {'J01': 8}, {'J01': 37}, 
665.0, {'J01': -1894.0}, {'J01': 9}, {'J01': 35}, 
670.0, {'J01': -960.5}, {'J01': 5}, {'J01': 21}, 
675.0, {'J01': -829.0}, {'J01': 4}, {'J01': 19}, 
680.0, {'J01': -1035.5}, {'J01': 4}, {'J01': 26}, 
685.0, {'J01': -1068.0}, {'J01': 6}, {'J01': 31}, 
690.0, {'J01': -1144.5}, {'J01': 8}, {'J01': 35}, 
695.0, {'J01': -1411.5}, {'J01': 8}, {'J01': 35}, 
700.0, {'J01': -1770.0}, {'J01': 8}, {'J01': 38}, 
705.0, {'J01': -1513.0}, {'J01': 7}, {'J01': 35}, 
710.0, {'J01': -702.5}, {'J01': 4}, {'J01': 20}, 
715.0, {'J01': -587.0}, {'J01': 4}, {'J01': 16}, 
720.0, {'J01': -758.0}, {'J01': 4}, {'J01': 21}, 
725.0, {'J01': -815.0}, {'J01': 6}, {'J01': 24}, 
730.0, {'J01': -827.0}, {'J01': 8}, {'J01': 25}, 
735.0, {'J01': -1079.5}, {'J01': 8}, {'J01': 27}, 
740.0, {'J01': -1355.0}, {'J01': 8}, {'J01': 29}, 
745.0, {'J01': -1159.5}, {'J01': 7}, {'J01': 28}, 
750.0, {'J01': -702.5}, {'J01': 5}, {'J01': 21}, 
755.0, {'J01': -731.5}, {'J01': 4}, {'J01': 23}, 
760.0, {'J01': -975.5}, {'J01': 4}, {'J01': 28}, 
765.0, {'J01': -1141.5}, {'J01': 6}, {'J01': 31}, 
770.0, {'J01': -1150.0}, {'J01': 8}, {'J01': 30}, 
775.0, {'J01': -1258.5}, {'J01': 8}, {'J01': 30}, 
780.0, {'J01': -1515.5}, {'J01': 8}, {'J01': 32}, 
785.0, {'J01': -1243.0}, {'J01': 7}, {'J01': 29}, 
790.0, {'J01': -698.5}, {'J01': 4}, {'J01': 23}, 
795.0, {'J01': -706.0}, {'J01': 4}, {'J01': 20}, 
800.0, {'J01': -914.0}, {'J01': 4}, {'J01': 25}, 
805.0, {'J01': -1051.0}, {'J01': 7}, {'J01': 30}, 
810.0, {'J01': -1163.0}, {'J01': 8}, {'J01': 29}, 
815.0, {'J01': -1208.0}, {'J01': 8}, {'J01': 27}, 
820.0, {'J01': -1424.0}, {'J01': 8}, {'J01': 29}, 
825.0, {'J01': -1309.0}, {'J01': 7}, {'J01': 25}, 
830.0, {'J01': -809.5}, {'J01': 5}, {'J01': 18}, 
835.0, {'J01': -787.5}, {'J01': 4}, {'J01': 18}, 
840.0, {'J01': -989.0}, {'J01': 4}, {'J01': 26}, 
845.0, {'J01': -1113.0}, {'J01': 6}, {'J01': 27}, 
850.0, {'J01': -1137.5}, {'J01': 8}, {'J01': 28}, 
855.0, {'J01': -1351.0}, {'J01': 8}, {'J01': 29}, 
860.0, {'J01': -1648.5}, {'J01': 8}, {'J01': 33}, 
865.0, {'J01': -1200.0}, {'J01': 7}, {'J01': 23}, 
870.0, {'J01': -608.0}, {'J01': 4}, {'J01': 15}, 
875.0, {'J01': -666.5}, {'J01': 4}, {'J01': 16}, 
880.0, {'J01': -837.0}, {'J01': 4}, {'J01': 23}, 
885.0, {'J01': -913.5}, {'J01': 6}, {'J01': 25}, 
890.0, {'J01': -876.5}, {'J01': 8}, {'J01': 26}, 
895.0, {'J01': -1145.5}, {'J01': 8}, {'J01': 30}, 
900.0, {'J01': -1456.5}, {'J01': 8}, {'J01': 33}, 
905.0, {'J01': -1786.5}, {'J01': 8}, {'J01': 33}, 
910.0, {'J01': -1304.5}, {'J01': 7}, {'J01': 26}, 
915.0, {'J01': -1337.0}, {'J01': 6}, {'J01': 26}, 
920.0, {'J01': -1560.0}, {'J01': 6}, {'J01': 31}, 
925.0, {'J01': -1809.0}, {'J01': 7}, {'J01': 33}, 
930.0, {'J01': -2034.5}, {'J01': 8}, {'J01': 37}, 
935.0, {'J01': -2155.0}, {'J01': 8}, {'J01': 32}, 
940.0, {'J01': -2465.0}, {'J01': 8}, {'J01': 36}, 
945.0, {'J01': -2054.5}, {'J01': 7}, {'J01': 31}, 
950.0, {'J01': -1557.5}, {'J01': 6}, {'J01': 21}, 
955.0, {'J01': -1454.5}, {'J01': 5}, {'J01': 21}, 
960.0, {'J01': -1680.5}, {'J01': 5}, {'J01': 28}, 
965.0, {'J01': -1676.0}, {'J01': 7}, {'J01': 32}, 
970.0, {'J01': -1754.0}, {'J01': 8}, {'J01': 33}, 
975.0, {'J01': -2022.5}, {'J01': 8}, {'J01': 34}, 
980.0, {'J01': -2371.5}, {'J01': 8}, {'J01': 38}, 
985.0, {'J01': -2070.5}, {'J01': 7}, {'J01': 33}, 
990.0, {'J01': -1177.0}, {'J01': 5}, {'J01': 23}, 
995.0, {'J01': -901.5}, {'J01': 4}, {'J01': 20}, 
1000.0, {'J01': -1111.5}, {'J01': 4}, {'J01': 25}, 
1005.0, {'J01': -1174.0}, {'J01': 6}, {'J01': 24}, 
1010.0, {'J01': -1197.5}, {'J01': 8}, {'J01': 26}, 
1015.0, {'J01': -1466.0}, {'J01': 8}, {'J01': 30}, 
1020.0, {'J01': -1777.0}, {'J01': 8}, {'J01': 35}, 
1025.0, {'J01': -1525.0}, {'J01': 7}, {'J01': 31}, 
1030.0, {'J01': -739.0}, {'J01': 5}, {'J01': 18}, 
1035.0, {'J01': -739.0}, {'J01': 4}, {'J01': 19}, 
1040.0, {'J01': -886.0}, {'J01': 4}, {'J01': 23}, 
1045.0, {'J01': -1066.0}, {'J01': 7}, {'J01': 27}, 
1050.0, {'J01': -1152.5}, {'J01': 8}, {'J01': 27}, 
1055.0, {'J01': -1256.0}, {'J01': 8}, {'J01': 27}, 
1060.0, {'J01': -1495.5}, {'J01': 8}, {'J01': 30}, 
1065.0, {'J01': -1431.5}, {'J01': 7}, {'J01': 27}, 
1070.0, {'J01': -942.5}, {'J01': 5}, {'J01': 19}, 
1075.0, {'J01': -792.5}, {'J01': 4}, {'J01': 17}, 
1080.0, {'J01': -973.5}, {'J01': 4}, {'J01': 22}, 
1085.0, {'J01': -1142.5}, {'J01': 6}, {'J01': 26}, 
1090.0, {'J01': -1028.5}, {'J01': 8}, {'J01': 26}, 
1095.0, {'J01': -1186.5}, {'J01': 8}, {'J01': 27}, 
1100.0, {'J01': -1464.5}, {'J01': 8}, {'J01': 30}, 
1105.0, {'J01': -1148.5}, {'J01': 7}, {'J01': 23}, 
1110.0, {'J01': -685.0}, {'J01': 5}, {'J01': 18}, 
1115.0, {'J01': -608.0}, {'J01': 4}, {'J01': 17}, 
1120.0, {'J01': -788.0}, {'J01': 4}, {'J01': 22}, 
1125.0, {'J01': -875.5}, {'J01': 7}, {'J01': 26}, 
1130.0, {'J01': -917.0}, {'J01': 8}, {'J01': 25}, 
1135.0, {'J01': -1086.5}, {'J01': 8}, {'J01': 25}, 
1140.0, {'J01': -1354.5}, {'J01': 8}, {'J01': 31}, 
1145.0, {'J01': -1247.5}, {'J01': 7}, {'J01': 26}, 
1150.0, {'J01': -732.5}, {'J01': 5}, {'J01': 17}, 
1155.0, {'J01': -907.0}, {'J01': 5}, {'J01': 19}, 
1160.0, {'J01': -1112.0}, {'J01': 5}, {'J01': 25}, 
1165.0, {'J01': -1192.0}, {'J01': 7}, {'J01': 26}, 
1170.0, {'J01': -1224.0}, {'J01': 8}, {'J01': 25}, 
1175.0, {'J01': -1476.5}, {'J01': 8}, {'J01': 27}, 
1180.0, {'J01': -1760.0}, {'J01': 8}, {'J01': 32}, 
1185.0, {'J01': -1447.0}, {'J01': 7}, {'J01': 26}, 
1190.0, {'J01': -750.5}, {'J01': 4}, {'J01': 17}, 
1195.0, {'J01': -602.5}, {'J01': 4}, {'J01': 16}, 
1200.0, {'J01': -737.5}, {'J01': 4}, {'J01': 24}, 
1205.0, {'J01': -932.5}, {'J01': 6}, {'J01': 31}, 
1210.0, {'J01': -1091.0}, {'J01': 8}, {'J01': 34}, 
1215.0, {'J01': -1182.0}, {'J01': 8}, {'J01': 30}, 
1220.0, {'J01': -1490.5}, {'J01': 8}, {'J01': 34}, 
1225.0, {'J01': -1838.5}, {'J01': 8}, {'J01': 36}, 
1230.0, {'J01': -1602.5}, {'J01': 7}, {'J01': 29}, 
1235.0, {'J01': -1312.0}, {'J01': 6}, {'J01': 24}, 
1240.0, {'J01': -1494.0}, {'J01': 6}, {'J01': 29}, 
1245.0, {'J01': -1673.5}, {'J01': 7}, {'J01': 32}, 
1250.0, {'J01': -1877.5}, {'J01': 8}, {'J01': 32}, 
1255.0, {'J01': -2023.5}, {'J01': 8}, {'J01': 30}, 
1260.0, {'J01': -2335.5}, {'J01': 8}, {'J01': 35}, 
1265.0, {'J01': -1895.5}, {'J01': 7}, {'J01': 28}, 
1270.0, {'J01': -1023.0}, {'J01': 4}, {'J01': 17}, 
1275.0, {'J01': -916.0}, {'J01': 4}, {'J01': 17}, 
1280.0, {'J01': -1100.0}, {'J01': 4}, {'J01': 24}, 
1285.0, {'J01': -1022.0}, {'J01': 6}, {'J01': 25}, 
1290.0, {'J01': -986.0}, {'J01': 8}, {'J01': 28}, 
1295.0, {'J01': -1245.5}, {'J01': 8}, {'J01': 33}, 
1300.0, {'J01': -1582.0}, {'J01': 8}, {'J01': 36}, 
1305.0, {'J01': -1823.0}, {'J01': 8}, {'J01': 35}, 
1310.0, {'J01': -1903.5}, {'J01': 8}, {'J01': 31}, 
1315.0, {'J01': -2120.5}, {'J01': 8}, {'J01': 31}, 
1320.0, {'J01': -2437.5}, {'J01': 8}, {'J01': 34}, 
1325.0, {'J01': -2610.5}, {'J01': 8}, {'J01': 34}, 
1330.0, {'J01': -2773.0}, {'J01': 8}, {'J01': 31}, 
1335.0, {'J01': -2998.0}, {'J01': 8}, {'J01': 31}, 
1340.0, {'J01': -3290.5}, {'J01': 8}, {'J01': 35}, 
1345.0, {'J01': -2595.5}, {'J01': 7}, {'J01': 29}, 
1350.0, {'J01': -1461.5}, {'J01': 5}, {'J01': 18}, 
1355.0, {'J01': -1328.0}, {'J01': 4}, {'J01': 19}, 
1360.0, {'J01': -1529.5}, {'J01': 4}, {'J01': 25}, 
1365.0, {'J01': -1655.0}, {'J01': 6}, {'J01': 28}, 
1370.0, {'J01': -1867.5}, {'J01': 8}, {'J01': 31}, 
1375.0, {'J01': -2075.5}, {'J01': 8}, {'J01': 31}, 
1380.0, {'J01': -2374.5}, {'J01': 8}, {'J01': 33}, 
1385.0, {'J01': -2115.0}, {'J01': 7}, {'J01': 28}, 
1390.0, {'J01': -1713.0}, {'J01': 6}, {'J01': 23}, 
1395.0, {'J01': -1356.5}, {'J01': 5}, {'J01': 21}, 
1400.0, {'J01': -1566.5}, {'J01': 5}, {'J01': 28}, 
1405.0, {'J01': -1719.0}, {'J01': 7}, {'J01': 31}, 
1410.0, {'J01': -1895.5}, {'J01': 8}, {'J01': 32}, 
1415.0, {'J01': -1917.5}, {'J01': 8}, {'J01': 32}, 
1420.0, {'J01': -2245.5}, {'J01': 8}, {'J01': 35}, 
1425.0, {'J01': -1736.5}, {'J01': 7}, {'J01': 28}, 
1430.0, {'J01': -897.0}, {'J01': 4}, {'J01': 17}, 
1435.0, {'J01': -720.0}, {'J01': 4}, {'J01': 16}, 
1440.0, {'J01': -889.0}, {'J01': 4}, {'J01': 21}, 
1445.0, {'J01': -983.0}, {'J01': 6}, {'J01': 28}, 
1450.0, {'J01': -1280.5}, {'J01': 8}, {'J01': 33}, 
1455.0, {'J01': -1542.0}, {'J01': 8}, {'J01': 34}, 
1460.0, {'J01': -1893.0}, {'J01': 8}, {'J01': 39}, 
1465.0, {'J01': -1814.5}, {'J01': 7}, {'J01': 33}, 
1470.0, {'J01': -1164.5}, {'J01': 4}, {'J01': 21}, 
1475.0, {'J01': -1273.0}, {'J01': 4}, {'J01': 21}, 
1480.0, {'J01': -1447.0}, {'J01': 4}, {'J01': 24}, 
1485.0, {'J01': -1293.5}, {'J01': 7}, {'J01': 27}, 
1490.0, {'J01': -903.0}, {'J01': 8}, {'J01': 24}, 
1495.0, {'J01': -1075.5}, {'J01': 8}, {'J01': 25}, 
1500.0, {'J01': -1342.5}, {'J01': 8}, {'J01': 31}, 
1505.0, {'J01': -1188.0}, {'J01': 7}, {'J01': 25}, 
1510.0, {'J01': -705.0}, {'J01': 5}, {'J01': 19}, 
1515.0, {'J01': -654.5}, {'J01': 4}, {'J01': 17}, 
1520.0, {'J01': -833.0}, {'J01': 4}, {'J01': 22}, 
1525.0, {'J01': -880.5}, {'J01': 7}, {'J01': 25}, 
1530.0, {'J01': -962.5}, {'J01': 8}, {'J01': 26}, 
1535.0, {'J01': -1113.5}, {'J01': 8}, {'J01': 28}, 
1540.0, {'J01': -1403.0}, {'J01': 8}, {'J01': 31}, 
1545.0, {'J01': -1276.0}, {'J01': 7}, {'J01': 27}, 
1550.0, {'J01': -791.0}, {'J01': 5}, {'J01': 20}, 
1555.0, {'J01': -692.5}, {'J01': 4}, {'J01': 17}, 
1560.0, {'J01': -831.5}, {'J01': 4}, {'J01': 23}, 
1565.0, {'J01': -893.0}, {'J01': 6}, {'J01': 24}, 
1570.0, {'J01': -984.5}, {'J01': 8}, {'J01': 26}, 
1575.0, {'J01': -1249.0}, {'J01': 8}, {'J01': 28}, 
1580.0, {'J01': -1540.5}, {'J01': 8}, {'J01': 32}, 
1585.0, {'J01': -1392.0}, {'J01': 7}, {'J01': 29}, 
1590.0, {'J01': -857.5}, {'J01': 5}, {'J01': 20}, 
1595.0, {'J01': -729.5}, {'J01': 4}, {'J01': 19}, 
1600.0, {'J01': -931.0}, {'J01': 4}, {'J01': 24}, 
1605.0, {'J01': -1056.5}, {'J01': 6}, {'J01': 27}, 
1610.0, {'J01': -1037.0}, {'J01': 8}, {'J01': 27}, 
1615.0, {'J01': -1233.0}, {'J01': 8}, {'J01': 32}, 
1620.0, {'J01': -1559.0}, {'J01': 8}, {'J01': 35}, 
1625.0, {'J01': -1435.5}, {'J01': 7}, {'J01': 29}, 
1630.0, {'J01': -939.5}, {'J01': 5}, {'J01': 23}, 
1635.0, {'J01': -790.5}, {'J01': 4}, {'J01': 21}, 
1640.0, {'J01': -902.5}, {'J01': 4}, {'J01': 26}, 
1645.0, {'J01': -1105.5}, {'J01': 6}, {'J01': 31}, 
1650.0, {'J01': -1308.5}, {'J01': 8}, {'J01': 33}, 
1655.0, {'J01': -1548.0}, {'J01': 8}, {'J01': 33}, 
1660.0, {'J01': -1803.5}, {'J01': 8}, {'J01': 38}, 
1665.0, {'J01': -2133.5}, {'J01': 8}, {'J01': 39}, 
1670.0, {'J01': -2452.0}, {'J01': 8}, {'J01': 37}, 
1675.0, {'J01': -2687.5}, {'J01': 8}, {'J01': 35}, 
1680.0, {'J01': -2997.0}, {'J01': 8}, {'J01': 34}, 
1685.0, {'J01': -3174.0}, {'J01': 8}, {'J01': 33}, 
1690.0, {'J01': -3063.0}, {'J01': 8}, {'J01': 28}, 
1695.0, {'J01': -3100.5}, {'J01': 8}, {'J01': 28}, 
1700.0, {'J01': -3387.5}, {'J01': 8}, {'J01': 31}, 
1705.0, {'J01': -2501.5}, {'J01': 7}, {'J01': 24}, 
1710.0, {'J01': -1290.5}, {'J01': 4}, {'J01': 16}, 
1715.0, {'J01': -1210.5}, {'J01': 4}, {'J01': 16}, 
1720.0, {'J01': -1379.0}, {'J01': 4}, {'J01': 20}, 
1725.0, {'J01': -1470.0}, {'J01': 7}, {'J01': 24}, 
1730.0, {'J01': -1590.0}, {'J01': 8}, {'J01': 26}, 
1735.0, {'J01': -1780.5}, {'J01': 8}, {'J01': 27}, 
1740.0, {'J01': -2067.0}, {'J01': 8}, {'J01': 32}, 
1745.0, {'J01': -2033.5}, {'J01': 8}, {'J01': 30}, 
1750.0, {'J01': -1435.5}, {'J01': 7}, {'J01': 25}, 
1755.0, {'J01': -1244.0}, {'J01': 6}, {'J01': 24}, 
1760.0, {'J01': -1493.0}, {'J01': 6}, {'J01': 29}, 
1765.0, {'J01': -1374.5}, {'J01': 7}, {'J01': 29}, 
1770.0, {'J01': -1340.5}, {'J01': 8}, {'J01': 27}, 
1775.0, {'J01': -1613.0}, {'J01': 8}, {'J01': 29}, 
1780.0, {'J01': -1914.5}, {'J01': 8}, {'J01': 34}, 
1785.0, {'J01': -1706.5}, {'J01': 7}, {'J01': 32}, 
1790.0, {'J01': -886.0}, {'J01': 4}, {'J01': 22}, 
1795.0, {'J01': -743.5}, {'J01': 4}, {'J01': 18}, 
1800.0, {'J01': -901.5}, {'J01': 4}, {'J01': 25}, 
1805.0, {'J01': -1107.5}, {'J01': 6}, {'J01': 31}, 
1810.0, {'J01': -1095.0}, {'J01': 8}, {'J01': 29}, 
1815.0, {'J01': -1224.5}, {'J01': 8}, {'J01': 29}, 
1820.0, {'J01': -1530.5}, {'J01': 8}, {'J01': 35}, 
1825.0, {'J01': -1240.5}, {'J01': 7}, {'J01': 31}, 
1830.0, {'J01': -735.0}, {'J01': 5}, {'J01': 21}, 
1835.0, {'J01': -691.0}, {'J01': 4}, {'J01': 19}, 
1840.0, {'J01': -896.5}, {'J01': 4}, {'J01': 26}, 
1845.0, {'J01': -1010.5}, {'J01': 6}, {'J01': 27}, 
1850.0, {'J01': -980.0}, {'J01': 8}, {'J01': 26}, 
1855.0, {'J01': -1214.5}, {'J01': 8}, {'J01': 28}, 
1860.0, {'J01': -1516.0}, {'J01': 8}, {'J01': 34}, 
1865.0, {'J01': -1730.0}, {'J01': 8}, {'J01': 32}, 
1870.0, {'J01': -1925.5}, {'J01': 8}, {'J01': 30}, 
1875.0, {'J01': -2176.5}, {'J01': 8}, {'J01': 30}, 
1880.0, {'J01': -2437.5}, {'J01': 8}, {'J01': 32}, 
1885.0, {'J01': -2698.5}, {'J01': 8}, {'J01': 33}, 
1890.0, {'J01': -2748.5}, {'J01': 8}, {'J01': 29}, 
1895.0, {'J01': -2907.0}, {'J01': 8}, {'J01': 30}, 
1900.0, {'J01': -3219.0}, {'J01': 8}, {'J01': 34}, 
1905.0, {'J01': -2678.5}, {'J01': 7}, {'J01': 28}, 
1910.0, {'J01': -1658.5}, {'J01': 5}, {'J01': 20}, 
1915.0, {'J01': -1366.0}, {'J01': 4}, {'J01': 19}, 
1920.0, {'J01': -1570.5}, {'J01': 4}, {'J01': 24}, 
1925.0, {'J01': -1644.0}, {'J01': 6}, {'J01': 28}, 
1930.0, {'J01': -1753.0}, {'J01': 8}, {'J01': 30}, 
1935.0, {'J01': -1953.5}, {'J01': 8}, {'J01': 31}, 
1940.0, {'J01': -2270.0}, {'J01': 8}, {'J01': 34}, 
1945.0, {'J01': -2031.0}, {'J01': 7}, {'J01': 31}, 
1950.0, {'J01': -986.0}, {'J01': 5}, {'J01': 18}, 
1955.0, {'J01': -670.5}, {'J01': 4}, {'J01': 16}, 
1960.0, {'J01': -846.5}, {'J01': 4}, {'J01': 22}, 
1965.0, {'J01': -836.5}, {'J01': 7}, {'J01': 24}, 
1970.0, {'J01': -977.0}, {'J01': 8}, {'J01': 26}, 
1975.0, {'J01': -1245.0}, {'J01': 8}, {'J01': 29}, 
1980.0, {'J01': -1543.5}, {'J01': 8}, {'J01': 32}, 
1985.0, {'J01': -1385.5}, {'J01': 7}, {'J01': 28}, 
1990.0, {'J01': -860.0}, {'J01': 5}, {'J01': 22}, 
1995.0, {'J01': -722.5}, {'J01': 4}, {'J01': 19}, 
2000.0, {'J01': -876.5}, {'J01': 4}, {'J01': 25}, 
2005.0, {'J01': -1072.5}, {'J01': 7}, {'J01': 29}, 
2010.0, {'J01': -1278.0}, {'J01': 8}, {'J01': 30}, 
2015.0, {'J01': -1321.0}, {'J01': 8}, {'J01': 27}, 
2020.0, {'J01': -1602.5}, {'J01': 8}, {'J01': 31}, 
2025.0, {'J01': -1451.5}, {'J01': 7}, {'J01': 27}, 
2030.0, {'J01': -929.0}, {'J01': 5}, {'J01': 18}, 
2035.0, {'J01': -803.0}, {'J01': 4}, {'J01': 17}, 
2040.0, {'J01': -989.5}, {'J01': 4}, {'J01': 25}, 
2045.0, {'J01': -1108.0}, {'J01': 6}, {'J01': 28}, 
2050.0, {'J01': -1122.0}, {'J01': 8}, {'J01': 31}, 
2055.0, {'J01': -1312.5}, {'J01': 8}, {'J01': 31}, 
2060.0, {'J01': -1636.0}, {'J01': 8}, {'J01': 36}, 
2065.0, {'J01': -1897.0}, {'J01': 8}, {'J01': 35}, 
2070.0, {'J01': -2089.0}, {'J01': 8}, {'J01': 35}, 
2075.0, {'J01': -2290.5}, {'J01': 8}, {'J01': 32}, 
2080.0, {'J01': -2521.0}, {'J01': 8}, {'J01': 36}, 
2085.0, {'J01': -2763.0}, {'J01': 8}, {'J01': 36}, 
2090.0, {'J01': -2802.0}, {'J01': 8}, {'J01': 31}, 
2095.0, {'J01': -2996.5}, {'J01': 8}, {'J01': 29}, 
2100.0, {'J01': -3299.5}, {'J01': 8}, {'J01': 33}, 
2105.0, {'J01': -2269.0}, {'J01': 6}, {'J01': 25}, 
2110.0, {'J01': -1434.0}, {'J01': 5}, {'J01': 20}, 
2115.0, {'J01': -1249.5}, {'J01': 4}, {'J01': 19}, 
2120.0, {'J01': -1457.0}, {'J01': 4}, {'J01': 26}, 
2125.0, {'J01': -1425.5}, {'J01': 6}, {'J01': 30}, 
2130.0, {'J01': -1483.0}, {'J01': 8}, {'J01': 30}, 
2135.0, {'J01': -1788.0}, {'J01': 8}, {'J01': 33}, 
2140.0, {'J01': -2137.5}, {'J01': 8}, {'J01': 38}, 
2145.0, {'J01': -1750.5}, {'J01': 7}, {'J01': 33}, 
2150.0, {'J01': -597.0}, {'J01': 4}, {'J01': 17}, 
2155.0, {'J01': -601.5}, {'J01': 4}, {'J01': 17}, 
2160.0, {'J01': -734.5}, {'J01': 4}, {'J01': 20}, 
2165.0, {'J01': -832.0}, {'J01': 6}, {'J01': 26}, 
2170.0, {'J01': -913.5}, {'J01': 8}, {'J01': 27}, 
2175.0, {'J01': -1198.0}, {'J01': 8}, {'J01': 33}, 
2180.0, {'J01': -1539.5}, {'J01': 8}, {'J01': 37}, 
2185.0, {'J01': -1496.5}, {'J01': 7}, {'J01': 35}, 
2190.0, {'J01': -941.5}, {'J01': 5}, {'J01': 23}, 
2195.0, {'J01': -896.5}, {'J01': 5}, {'J01': 20}, 
2200.0, {'J01': -1117.5}, {'J01': 5}, {'J01': 27}, 
2205.0, {'J01': -1108.0}, {'J01': 6}, {'J01': 25}, 
2210.0, {'J01': -1063.5}, {'J01': 8}, {'J01': 27}, 
2215.0, {'J01': -1276.5}, {'J01': 8}, {'J01': 30}, 
2220.0, {'J01': -1583.5}, {'J01': 8}, {'J01': 34}, 
2225.0, {'J01': -1459.5}, {'J01': 7}, {'J01': 30}, 
2230.0, {'J01': -643.0}, {'J01': 4}, {'J01': 18}, 
2235.0, {'J01': -647.0}, {'J01': 4}, {'J01': 17}, 
2240.0, {'J01': -748.5}, {'J01': 4}, {'J01': 22}, 
2245.0, {'J01': -919.5}, {'J01': 6}, {'J01': 26}, 
2250.0, {'J01': -969.5}, {'J01': 7}, {'J01': 26}, 
2255.0, {'J01': -1186.0}, {'J01': 8}, {'J01': 31}, 
2260.0, {'J01': -1513.5}, {'J01': 8}, {'J01': 36}, 
2265.0, {'J01': -1416.0}, {'J01': 7}, {'J01': 32}, 
2270.0, {'J01': -766.5}, {'J01': 4}, {'J01': 19}, 
2275.0, {'J01': -741.0}, {'J01': 4}, {'J01': 18}, 
2280.0, {'J01': -929.5}, {'J01': 4}, {'J01': 23}, 
2285.0, {'J01': -960.0}, {'J01': 6}, {'J01': 27}, 
2290.0, {'J01': -982.0}, {'J01': 8}, {'J01': 31}, 
2295.0, {'J01': -1236.5}, {'J01': 8}, {'J01': 33}, 
2300.0, {'J01': -1579.5}, {'J01': 8}, {'J01': 37}, 
2305.0, {'J01': -1434.0}, {'J01': 7}, {'J01': 32}, 
2310.0, {'J01': -903.0}, {'J01': 5}, {'J01': 23}, 
2315.0, {'J01': -962.5}, {'J01': 5}, {'J01': 23}, 
2320.0, {'J01': -1103.5}, {'J01': 6}, {'J01': 26}, 
2325.0, {'J01': -1313.5}, {'J01': 6}, {'J01': 30}, 
2330.0, {'J01': -1029.0}, {'J01': 8}, {'J01': 29}, 
2335.0, {'J01': -1215.0}, {'J01': 8}, {'J01': 28}, 
2340.0, {'J01': -1508.5}, {'J01': 8}, {'J01': 33}, 
2345.0, {'J01': -1475.0}, {'J01': 7}, {'J01': 29}, 
2350.0, {'J01': -907.5}, {'J01': 5}, {'J01': 18}, 
2355.0, {'J01': -1095.0}, {'J01': 5}, {'J01': 21}, 
2360.0, {'J01': -1317.0}, {'J01': 5}, {'J01': 27}, 
2365.0, {'J01': -1114.0}, {'J01': 7}, {'J01': 27}, 
2370.0, {'J01': -1083.0}, {'J01': 8}, {'J01': 25}, 
2375.0, {'J01': -1267.5}, {'J01': 8}, {'J01': 28}, 
2380.0, {'J01': -1560.0}, {'J01': 8}, {'J01': 32}, 
2385.0, {'J01': -1468.0}, {'J01': 7}, {'J01': 30}, 
2390.0, {'J01': -1177.5}, {'J01': 6}, {'J01': 23}, 
2395.0, {'J01': -1072.5}, {'J01': 5}, {'J01': 20}, 
2400.0, {'J01': -1287.0}, {'J01': 5}, {'J01': 26}, 
2405.0, {'J01': -1373.5}, {'J01': 7}, {'J01': 26}, 
2410.0, {'J01': -1401.5}, {'J01': 8}, {'J01': 27}, 
2415.0, {'J01': -1617.5}, {'J01': 8}, {'J01': 29}, 
2420.0, {'J01': -1920.0}, {'J01': 8}, {'J01': 34}, 
2425.0, {'J01': -1655.5}, {'J01': 7}, {'J01': 28}, 
2430.0, {'J01': -943.0}, {'J01': 5}, {'J01': 16}, 
2435.0, {'J01': -828.0}, {'J01': 4}, {'J01': 18}, 
2440.0, {'J01': -1026.0}, {'J01': 4}, {'J01': 24}, 
2445.0, {'J01': -1213.5}, {'J01': 5}, {'J01': 26}, 
2450.0, {'J01': -1345.0}, {'J01': 8}, {'J01': 30}, 
2455.0, {'J01': -1593.5}, {'J01': 8}, {'J01': 34}, 
2460.0, {'J01': -1939.5}, {'J01': 8}, {'J01': 37}, 
2465.0, {'J01': -1460.0}, {'J01': 6}, {'J01': 30}, 
2470.0, {'J01': -790.5}, {'J01': 4}, {'J01': 19}, 
2475.0, {'J01': -814.5}, {'J01': 4}, {'J01': 18}, 
2480.0, {'J01': -903.0}, {'J01': 4}, {'J01': 24}, 
2485.0, {'J01': -1041.5}, {'J01': 7}, {'J01': 28}, 
2490.0, {'J01': -902.5}, {'J01': 8}, {'J01': 27}, 
2495.0, {'J01': -1105.0}, {'J01': 8}, {'J01': 28}, 
2500.0, {'J01': -1400.5}, {'J01': 8}, {'J01': 33}, 
2505.0, {'J01': -1337.5}, {'J01': 7}, {'J01': 30}, 
2510.0, {'J01': -804.0}, {'J01': 5}, {'J01': 20}, 
2515.0, {'J01': -803.5}, {'J01': 4}, {'J01': 21}, 
2520.0, {'J01': -986.0}, {'J01': 4}, {'J01': 24}, 
2525.0, {'J01': -1050.5}, {'J01': 6}, {'J01': 27}, 
2530.0, {'J01': -1155.0}, {'J01': 8}, {'J01': 30}, 
2535.0, {'J01': -1356.5}, {'J01': 8}, {'J01': 33}, 
2540.0, {'J01': -1695.5}, {'J01': 8}, {'J01': 37}, 
2545.0, {'J01': -1519.0}, {'J01': 7}, {'J01': 33}, 
2550.0, {'J01': -943.0}, {'J01': 5}, {'J01': 22}, 
2555.0, {'J01': -765.0}, {'J01': 4}, {'J01': 20}, 
2560.0, {'J01': -946.0}, {'J01': 4}, {'J01': 25}, 
2565.0, {'J01': -1141.5}, {'J01': 6}, {'J01': 28}, 
2570.0, {'J01': -1152.0}, {'J01': 8}, {'J01': 29}, 
2575.0, {'J01': -1378.5}, {'J01': 8}, {'J01': 28}, 
2580.0, {'J01': -1676.5}, {'J01': 8}, {'J01': 35}, 
2585.0, {'J01': -1383.0}, {'J01': 7}, {'J01': 29}, 
2590.0, {'J01': -793.5}, {'J01': 4}, {'J01': 20}, 
2595.0, {'J01': -819.0}, {'J01': 4}, {'J01': 19}, 
2600.0, {'J01': -1018.5}, {'J01': 4}, {'J01': 24}, 
2605.0, {'J01': -925.0}, {'J01': 6}, {'J01': 27}, 
2610.0, {'J01': -848.0}, {'J01': 8}, {'J01': 27}, 
2615.0, {'J01': -1032.5}, {'J01': 8}, {'J01': 27}, 
2620.0, {'J01': -1320.0}, {'J01': 8}, {'J01': 36}, 
2625.0, {'J01': -1683.5}, {'J01': 8}, {'J01': 37}, 
2630.0, {'J01': -1101.0}, {'J01': 6}, {'J01': 24}, 
2635.0, {'J01': -885.0}, {'J01': 5}, {'J01': 21}, 
2640.0, {'J01': -1025.0}, {'J01': 5}, {'J01': 25}, 
2645.0, {'J01': -1217.0}, {'J01': 6}, {'J01': 26}, 
2650.0, {'J01': -1436.0}, {'J01': 8}, {'J01': 31}, 
2655.0, {'J01': -1645.0}, {'J01': 8}, {'J01': 30}, 
2660.0, {'J01': -1956.5}, {'J01': 8}, {'J01': 34}, 
2665.0, {'J01': -2297.0}, {'J01': 8}, {'J01': 35}, 
2670.0, {'J01': -2651.5}, {'J01': 8}, {'J01': 38}, 
2675.0, {'J01': -3021.0}, {'J01': 8}, {'J01': 37}, 
2680.0, {'J01': -3394.5}, {'J01': 8}, {'J01': 39}, 
2685.0, {'J01': -3654.0}, {'J01': 8}, {'J01': 38}, 
2690.0, {'J01': -3266.5}, {'J01': 8}, {'J01': 31}, 
2695.0, {'J01': -3434.0}, {'J01': 8}, {'J01': 31}, 
2700.0, {'J01': -3755.5}, {'J01': 8}, {'J01': 35}, 
2705.0, {'J01': -2794.5}, {'J01': 7}, {'J01': 29}, 
2710.0, {'J01': -1456.5}, {'J01': 4}, {'J01': 20}, 
2715.0, {'J01': -1360.0}, {'J01': 4}, {'J01': 19}, 
2720.0, {'J01': -1557.0}, {'J01': 4}, {'J01': 23}, 
2725.0, {'J01': -1608.0}, {'J01': 7}, {'J01': 28}, 
2730.0, {'J01': -1785.0}, {'J01': 8}, {'J01': 29}, 
2735.0, {'J01': -1941.5}, {'J01': 8}, {'J01': 28}, 
2740.0, {'J01': -2231.5}, {'J01': 8}, {'J01': 32}, 
2745.0, {'J01': -2494.5}, {'J01': 8}, {'J01': 32}, 
2750.0, {'J01': -2814.5}, {'J01': 8}, {'J01': 32}, 
2755.0, {'J01': -3097.0}, {'J01': 8}, {'J01': 33}, 
2760.0, {'J01': -3428.0}, {'J01': 8}, {'J01': 34}, 
2765.0, {'J01': -3707.0}, {'J01': 8}, {'J01': 33}, 
2770.0, {'J01': -3572.5}, {'J01': 8}, {'J01': 31}, 
2775.0, {'J01': -3886.0}, {'J01': 8}, {'J01': 34}, 
2780.0, {'J01': -4239.0}, {'J01': 8}, {'J01': 39}, 
2785.0, {'J01': -3346.0}, {'J01': 7}, {'J01': 34}, 
2790.0, {'J01': -2737.0}, {'J01': 6}, {'J01': 29}, 
2795.0, {'J01': -2973.0}, {'J01': 6}, {'J01': 28}, 
2800.0, {'J01': -3272.0}, {'J01': 6}, {'J01': 36}, 
2805.0, {'J01': -3411.5}, {'J01': 7}, {'J01': 36}, 
2810.0, {'J01': -3540.5}, {'J01': 8}, {'J01': 35}, 
2815.0, {'J01': -3810.5}, {'J01': 8}, {'J01': 37}, 
2820.0, {'J01': -4154.0}, {'J01': 8}, {'J01': 40}, 
2825.0, {'J01': -3126.5}, {'J01': 7}, {'J01': 33}, 
2830.0, {'J01': -1295.5}, {'J01': 4}, {'J01': 19}, 
2835.0, {'J01': -1200.0}, {'J01': 4}, {'J01': 20}, 
2840.0, {'J01': -1407.0}, {'J01': 4}, {'J01': 24}, 
2845.0, {'J01': -1546.0}, {'J01': 7}, {'J01': 30}, 
2850.0, {'J01': -1671.5}, {'J01': 8}, {'J01': 29}, 
2855.0, {'J01': -1866.5}, {'J01': 8}, {'J01': 31}, 
2860.0, {'J01': -2182.5}, {'J01': 8}, {'J01': 34}, 
2865.0, {'J01': -2534.0}, {'J01': 8}, {'J01': 37}, 
2870.0, {'J01': -2915.0}, {'J01': 8}, {'J01': 40}, 
2875.0, {'J01': -3235.5}, {'J01': 8}, {'J01': 39}, 
2880.0, {'J01': -3511.0}, {'J01': 8}, {'J01': 37}, 
2885.0, {'J01': -3596.0}, {'J01': 8}, {'J01': 34}, 
2890.0, {'J01': -3642.0}, {'J01': 8}, {'J01': 31}, 
2895.0, {'J01': -3963.5}, {'J01': 8}, {'J01': 35}, 
2900.0, {'J01': -4324.0}, {'J01': 8}, {'J01': 39}, 
2905.0, {'J01': -3241.0}, {'J01': 7}, {'J01': 35}, 
2910.0, {'J01': -2712.0}, {'J01': 10}, {'J01': 34}, 
2915.0, {'J01': -2974.5}, {'J01': 10}, {'J01': 31}, 
2920.0, {'J01': -3308.0}, {'J01': 11}, {'J01': 41}, 
2925.0, {'J01': -3510.0}, {'J01': 11}, {'J01': 37}, 
2930.0, {'J01': -3714.5}, {'J01': 11}, {'J01': 37}, 
2935.0, {'J01': -4033.5}, {'J01': 11}, {'J01': 39}, 
2940.0, {'J01': -4434.0}, {'J01': 11}, {'J01': 43}, 
2945.0, {'J01': -3356.0}, {'J01': 10}, {'J01': 36}, 
2950.0, {'J01': -1509.0}, {'J01': 4}, {'J01': 21}, 
2955.0, {'J01': -1488.0}, {'J01': 4}, {'J01': 21}, 
2960.0, {'J01': -1705.0}, {'J01': 4}, {'J01': 26}, 
2965.0, {'J01': -1845.0}, {'J01': 7}, {'J01': 29}, 
2970.0, {'J01': -2024.5}, {'J01': 8}, {'J01': 31}, 
2975.0, {'J01': -2208.0}, {'J01': 8}, {'J01': 31}, 
2980.0, {'J01': -2537.5}, {'J01': 8}, {'J01': 38}, 
2985.0, {'J01': -1773.5}, {'J01': 7}, {'J01': 33}, 
2990.0, {'J01': -805.5}, {'J01': 4}, {'J01': 20}, 
2995.0, {'J01': -771.0}, {'J01': 4}, {'J01': 17}, 
3000.0, {'J01': -913.0}, {'J01': 4}, {'J01': 20}, 
3005.0, {'J01': -1007.5}, {'J01': 6}, {'J01': 26}, 
3010.0, {'J01': -1168.5}, {'J01': 8}, {'J01': 29}, 
3015.0, {'J01': -1387.0}, {'J01': 8}, {'J01': 30}, 
3020.0, {'J01': -1693.5}, {'J01': 8}, {'J01': 33}, 
3025.0, {'J01': -1619.0}, {'J01': 7}, {'J01': 29}, 
3030.0, {'J01': -1029.5}, {'J01': 4}, {'J01': 18}, 
3035.0, {'J01': -1096.0}, {'J01': 4}, {'J01': 19}, 
3040.0, {'J01': -1242.0}, {'J01': 4}, {'J01': 22}, 
3045.0, {'J01': -944.0}, {'J01': 7}, {'J01': 25}, 
3050.0, {'J01': -944.5}, {'J01': 8}, {'J01': 26}, 
3055.0, {'J01': -1148.5}, {'J01': 8}, {'J01': 29}, 
3060.0, {'J01': -1445.0}, {'J01': 8}, {'J01': 32}, 
3065.0, {'J01': -1291.0}, {'J01': 7}, {'J01': 28}, 
3070.0, {'J01': -610.0}, {'J01': 4}, {'J01': 16}, 
3075.0, {'J01': -596.0}, {'J01': 4}, {'J01': 16}, 
3080.0, {'J01': -766.0}, {'J01': 4}, {'J01': 21}, 
3085.0, {'J01': -869.0}, {'J01': 6}, {'J01': 26}, 
3090.0, {'J01': -1011.0}, {'J01': 8}, {'J01': 29}, 
3095.0, {'J01': -1087.5}, {'J01': 8}, {'J01': 27}, 
3100.0, {'J01': -1335.5}, {'J01': 8}, {'J01': 30}, 
3105.0, {'J01': -1255.5}, {'J01': 7}, {'J01': 27}, 
3110.0, {'J01': -774.5}, {'J01': 5}, {'J01': 19}, 
3115.0, {'J01': -787.5}, {'J01': 4}, {'J01': 18}, 
3120.0, {'J01': -906.5}, {'J01': 4}, {'J01': 21}, 
3125.0, {'J01': -948.0}, {'J01': 6}, {'J01': 25}, 
3130.0, {'J01': -1100.5}, {'J01': 8}, {'J01': 29}, 
3135.0, {'J01': -1362.5}, {'J01': 8}, {'J01': 31}, 
3140.0, {'J01': -1680.5}, {'J01': 8}, {'J01': 35}, 
3145.0, {'J01': -1516.5}, {'J01': 7}, {'J01': 28}, 
3150.0, {'J01': -841.5}, {'J01': 4}, {'J01': 20}, 
3155.0, {'J01': -900.5}, {'J01': 4}, {'J01': 21}, 
3160.0, {'J01': -1003.5}, {'J01': 4}, {'J01': 27}, 
3165.0, {'J01': -969.5}, {'J01': 7}, {'J01': 28}, 
3170.0, {'J01': -979.5}, {'J01': 8}, {'J01': 31}, 
3175.0, {'J01': -1305.0}, {'J01': 8}, {'J01': 37}, 
3180.0, {'J01': -1686.0}, {'J01': 9}, {'J01': 43}, 
3185.0, {'J01': -1420.5}, {'J01': 7}, {'J01': 39}, 
3190.0, {'J01': -709.0}, {'J01': 4}, {'J01': 23}, 
3195.0, {'J01': -650.5}, {'J01': 4}, {'J01': 21}, 
3200.0, {'J01': -878.0}, {'J01': 4}, {'J01': 29}, 
3205.0, {'J01': -984.0}, {'J01': 6}, {'J01': 30}, 
3210.0, {'J01': -1129.0}, {'J01': 8}, {'J01': 33}, 
3215.0, {'J01': -1286.0}, {'J01': 8}, {'J01': 31}, 
3220.0, {'J01': -1510.5}, {'J01': 8}, {'J01': 34}, 
3225.0, {'J01': -1766.0}, {'J01': 8}, {'J01': 34}, 
3230.0, {'J01': -1985.5}, {'J01': 8}, {'J01': 33}, 
3235.0, {'J01': -1735.0}, {'J01': 7}, {'J01': 28}, 
3240.0, {'J01': -2018.5}, {'J01': 7}, {'J01': 31}, 
3245.0, {'J01': -1997.5}, {'J01': 7}, {'J01': 27}, 
3250.0, {'J01': -2216.0}, {'J01': 8}, {'J01': 31}, 
3255.0, {'J01': -2469.0}, {'J01': 8}, {'J01': 33}, 
3260.0, {'J01': -2807.0}, {'J01': 8}, {'J01': 37}, 
3265.0, {'J01': -2293.5}, {'J01': 7}, {'J01': 31}, 
3270.0, {'J01': -1373.0}, {'J01': 4}, {'J01': 21}, 
3275.0, {'J01': -1156.5}, {'J01': 4}, {'J01': 17}, 
3280.0, {'J01': -1335.0}, {'J01': 4}, {'J01': 22}, 
3285.0, {'J01': -1287.5}, {'J01': 6}, {'J01': 23}, 
3290.0, {'J01': -1133.0}, {'J01': 8}, {'J01': 24}, 
3295.0, {'J01': -1386.5}, {'J01': 8}, {'J01': 29}, 
3300.0, {'J01': -1686.5}, {'J01': 8}, {'J01': 33}, 
3305.0, {'J01': -1405.5}, {'J01': 7}, {'J01': 29}, 
3310.0, {'J01': -796.5}, {'J01': 5}, {'J01': 21}, 
3315.0, {'J01': -739.0}, {'J01': 4}, {'J01': 20}, 
3320.0, {'J01': -897.0}, {'J01': 4}, {'J01': 24}, 
3325.0, {'J01': -1030.5}, {'J01': 6}, {'J01': 27}, 
3330.0, {'J01': -1195.5}, {'J01': 8}, {'J01': 30}, 
3335.0, {'J01': -1437.0}, {'J01': 8}, {'J01': 31}, 
3340.0, {'J01': -1751.0}, {'J01': 8}, {'J01': 34}, 
3345.0, {'J01': -1643.5}, {'J01': 7}, {'J01': 30}, 
3350.0, {'J01': -948.0}, {'J01': 4}, {'J01': 21}, 
3355.0, {'J01': -962.5}, {'J01': 4}, {'J01': 19}, 
3360.0, {'J01': -1161.0}, {'J01': 4}, {'J01': 24}, 
3365.0, {'J01': -1306.5}, {'J01': 7}, {'J01': 29}, 
3370.0, {'J01': -1175.0}, {'J01': 8}, {'J01': 30}, 
3375.0, {'J01': -1158.5}, {'J01': 8}, {'J01': 28}, 
3380.0, {'J01': -1455.0}, {'J01': 8}, {'J01': 34}, 
3385.0, {'J01': -1316.5}, {'J01': 7}, {'J01': 28}, 
3390.0, {'J01': -609.0}, {'J01': 4}, {'J01': 17}, 
3395.0, {'J01': -665.5}, {'J01': 4}, {'J01': 18}, 
3400.0, {'J01': -815.0}, {'J01': 4}, {'J01': 22}, 
3405.0, {'J01': -988.5}, {'J01': 7}, {'J01': 28}, 
3410.0, {'J01': -1160.0}, {'J01': 8}, {'J01': 31}, 
3415.0, {'J01': -1410.0}, {'J01': 8}, {'J01': 31}, 
3420.0, {'J01': -1728.0}, {'J01': 8}, {'J01': 34}, 
3425.0, {'J01': -1616.0}, {'J01': 7}, {'J01': 32}, 
3430.0, {'J01': -1287.5}, {'J01': 6}, {'J01': 23}, 
3435.0, {'J01': -1504.5}, {'J01': 6}, {'J01': 25}, 
3440.0, {'J01': -1780.0}, {'J01': 6}, {'J01': 33}, 
3445.0, {'J01': -1656.5}, {'J01': 8}, {'J01': 32}, 
3450.0, {'J01': -1633.0}, {'J01': 8}, {'J01': 29}, 
3455.0, {'J01': -1847.5}, {'J01': 8}, {'J01': 29}, 
3460.0, {'J01': -2156.0}, {'J01': 8}, {'J01': 35}, 
3465.0, {'J01': -1945.0}, {'J01': 7}, {'J01': 32}, 
3470.0, {'J01': -1216.5}, {'J01': 5}, {'J01': 20}, 
3475.0, {'J01': -1041.0}, {'J01': 4}, {'J01': 18}, 
3480.0, {'J01': -1232.0}, {'J01': 4}, {'J01': 24}, 
3485.0, {'J01': -1280.0}, {'J01': 6}, {'J01': 23}, 
3490.0, {'J01': -1291.0}, {'J01': 8}, {'J01': 25}, 
3495.0, {'J01': -1492.0}, {'J01': 8}, {'J01': 26}, 
3500.0, {'J01': -1763.5}, {'J01': 8}, {'J01': 30}, 
3505.0, {'J01': -2070.5}, {'J01': 8}, {'J01': 33}, 
3510.0, {'J01': -2211.5}, {'J01': 8}, {'J01': 29}, 
3515.0, {'J01': -2378.5}, {'J01': 8}, {'J01': 29}, 
3520.0, {'J01': -2634.5}, {'J01': 8}, {'J01': 33}, 
3525.0, {'J01': -2782.5}, {'J01': 8}, {'J01': 31}, 
3530.0, {'J01': -2922.5}, {'J01': 8}, {'J01': 30}, 
3535.0, {'J01': -3130.5}, {'J01': 8}, {'J01': 31}, 
3540.0, {'J01': -3451.5}, {'J01': 8}, {'J01': 35}, 
3545.0, {'J01': -2823.0}, {'J01': 7}, {'J01': 29}, 
3550.0, {'J01': -1649.0}, {'J01': 5}, {'J01': 19}, 
3555.0, {'J01': -1800.0}, {'J01': 5}, {'J01': 20}, 
3560.0, {'J01': -2006.5}, {'J01': 5}, {'J01': 24}, 
3565.0, {'J01': -2134.0}, {'J01': 7}, {'J01': 27}, 
3570.0, {'J01': -2162.0}, {'J01': 8}, {'J01': 25}, 
3575.0, {'J01': -2360.5}, {'J01': 8}, {'J01': 27}, 
3580.0, {'J01': -2640.5}, {'J01': 8}, {'J01': 30}, 
3585.0, {'J01': -1973.0}, {'J01': 7}, {'J01': 29}, 
3590.0, {'J01': -933.5}, {'J01': 4}, {'J01': 18}, 
3595.0, {'J01': -831.5}, {'J01': 4}, {'J01': 19}, 
3600.0, {'J01': -1033.0}, {'J01': 4}, {'J01': 24}, 
3605.0, {'J01': -1225.0}, {'J01': 6}, {'J01': 28}, 
3610.0, {'J01': -1144.5}, {'J01': 8}, {'J01': 26}, 
3615.0, {'J01': -1309.0}, {'J01': 8}, {'J01': 27}, 
3620.0, {'J01': -1587.5}, {'J01': 8}, {'J01': 30}, 
3625.0, {'J01': -1328.0}, {'J01': 7}, {'J01': 28}, 
3630.0, {'J01': -710.0}, {'J01': 5}, {'J01': 21}, 
3635.0, {'J01': -720.0}, {'J01': 4}, {'J01': 19}, 
3640.0, {'J01': -858.0}, {'J01': 4}, {'J01': 21}, 
3645.0, {'J01': -1019.0}, {'J01': 7}, {'J01': 26}, 
3650.0, {'J01': -1163.5}, {'J01': 8}, {'J01': 26}, 
3655.0, {'J01': -1378.0}, {'J01': 8}, {'J01': 26}, 
3660.0, {'J01': -1644.0}, {'J01': 8}, {'J01': 29}, 
3665.0, {'J01': -1566.5}, {'J01': 7}, {'J01': 25}, 
3670.0, {'J01': -1059.0}, {'J01': 5}, {'J01': 17}, 
3675.0, {'J01': -1185.5}, {'J01': 5}, {'J01': 18}, 
3680.0, {'J01': -1371.5}, {'J01': 5}, {'J01': 22}, 
3685.0, {'J01': -1197.5}, {'J01': 7}, {'J01': 23}, 
3690.0, {'J01': -1251.0}, {'J01': 8}, {'J01': 22}, 
3695.0, {'J01': -1473.5}, {'J01': 8}, {'J01': 24}, 
3700.0, {'J01': -1723.0}, {'J01': 8}, {'J01': 28}, 
3705.0, {'J01': -1254.0}, {'J01': 6}, {'J01': 24}, 
3710.0, {'J01': -723.0}, {'J01': 4}, {'J01': 16}, 
3715.0, {'J01': -584.5}, {'J01': 4}, {'J01': 15}, 
3720.0, {'J01': -742.5}, {'J01': 4}, {'J01': 19}, 
3725.0, {'J01': -823.0}, {'J01': 6}, {'J01': 23}, 
3730.0, {'J01': -826.0}, {'J01': 8}, {'J01': 25}, 
3735.0, {'J01': -1016.5}, {'J01': 8}, {'J01': 26}, 
3740.0, {'J01': -1287.5}, {'J01': 8}, {'J01': 30}, 
3745.0, {'J01': -1103.5}, {'J01': 7}, {'J01': 26}, 
3750.0, {'J01': -626.5}, {'J01': 4}, {'J01': 17}, 
3755.0, {'J01': -573.0}, {'J01': 4}, {'J01': 15}, 
3760.0, {'J01': -686.0}, {'J01': 4}, {'J01': 18}, 
3765.0, {'J01': -705.0}, {'J01': 6}, {'J01': 21}, 
3770.0, {'J01': -752.0}, {'J01': 8}, {'J01': 24}, 
3775.0, {'J01': -998.5}, {'J01': 8}, {'J01': 27}, 
3780.0, {'J01': -1279.0}, {'J01': 8}, {'J01': 31}, 
3785.0, {'J01': -1230.5}, {'J01': 7}, {'J01': 29}, 
3790.0, {'J01': -673.0}, {'J01': 4}, {'J01': 19}, 
3795.0, {'J01': -699.5}, {'J01': 4}, {'J01': 18}, 
3800.0, {'J01': -789.0}, {'J01': 4}, {'J01': 20}, 
3805.0, {'J01': -826.0}, {'J01': 7}, {'J01': 23}, 
3810.0, {'J01': -889.5}, {'J01': 8}, {'J01': 23}, 
3815.0, {'J01': -1061.5}, {'J01': 8}, {'J01': 24}, 
3820.0, {'J01': -1309.0}, {'J01': 8}, {'J01': 27}, 
3825.0, {'J01': -983.5}, {'J01': 6}, {'J01': 22}, 
3830.0, {'J01': -539.0}, {'J01': 4}, {'J01': 15}, 
3835.0, {'J01': -565.5}, {'J01': 4}, {'J01': 15}, 
3840.0, {'J01': -723.0}, {'J01': 4}, {'J01': 19}, 
3845.0, {'J01': -803.5}, {'J01': 6}, {'J01': 23}, 
3850.0, {'J01': -804.5}, {'J01': 8}, {'J01': 24}, 
3855.0, {'J01': -996.5}, {'J01': 8}, {'J01': 26}, 
3860.0, {'J01': -1265.5}, {'J01': 8}, {'J01': 30}, 
3865.0, {'J01': -1083.0}, {'J01': 7}, {'J01': 26}, 
3870.0, {'J01': -617.5}, {'J01': 4}, {'J01': 18}, 
3875.0, {'J01': -581.5}, {'J01': 4}, {'J01': 16}, 
3880.0, {'J01': -684.5}, {'J01': 4}, {'J01': 18}, 
3885.0, {'J01': -755.0}, {'J01': 6}, {'J01': 24}, 
3890.0, {'J01': -768.5}, {'J01': 8}, {'J01': 25}, 
3895.0, {'J01': -1026.0}, {'J01': 8}, {'J01': 28}, 
3900.0, {'J01': -1312.5}, {'J01': 8}, {'J01': 31}, 
3905.0, {'J01': -1262.0}, {'J01': 7}, {'J01': 28}, 
3910.0, {'J01': -697.0}, {'J01': 4}, {'J01': 18}, 
3915.0, {'J01': -634.0}, {'J01': 4}, {'J01': 16}, 
3920.0, {'J01': -685.5}, {'J01': 4}, {'J01': 18}, 
3925.0, {'J01': -701.0}, {'J01': 5}, {'J01': 19}, 
3930.0, {'J01': -739.5}, {'J01': 8}, {'J01': 23}, 
3935.0, {'J01': -972.0}, {'J01': 8}, {'J01': 25}, 
3940.0, {'J01': -1229.0}, {'J01': 8}, {'J01': 28}, 
3945.0, {'J01': -1036.0}, {'J01': 7}, {'J01': 24}, 
3950.0, {'J01': -552.5}, {'J01': 4}, {'J01': 15}, 
3955.0, {'J01': -587.5}, {'J01': 4}, {'J01': 15}, 
3960.0, {'J01': -744.5}, {'J01': 4}, {'J01': 19}, 
3965.0, {'J01': -827.0}, {'J01': 7}, {'J01': 23}, 
3970.0, {'J01': -827.5}, {'J01': 8}, {'J01': 22}, 
3975.0, {'J01': -1050.0}, {'J01': 8}, {'J01': 24}, 
3980.0, {'J01': -1297.0}, {'J01': 8}, {'J01': 27}, 
3985.0, {'J01': -1098.0}, {'J01': 7}, {'J01': 23}, 
3990.0, {'J01': -536.0}, {'J01': 4}, {'J01': 14}, 
3995.0, {'J01': -552.5}, {'J01': 4}, {'J01': 14}, 
4000.0, {'J01': -700.0}, {'J01': 4}, {'J01': 18}, 
4005.0, {'J01': -769.0}, {'J01': 6}, {'J01': 21}, 
4010.0, {'J01': -756.5}, {'J01': 8}, {'J01': 22}, 
4015.0, {'J01': -983.5}, {'J01': 8}, {'J01': 25}, 
4020.0, {'J01': -1240.0}, {'J01': 8}, {'J01': 28}, 
4025.0, {'J01': -1051.0}, {'J01': 7}, {'J01': 23}, 
4030.0, {'J01': -550.0}, {'J01': 4}, {'J01': 15}, 
4035.0, {'J01': -536.5}, {'J01': 4}, {'J01': 15}, 
4040.0, {'J01': -693.5}, {'J01': 4}, {'J01': 19}, 
4045.0, {'J01': -774.5}, {'J01': 6}, {'J01': 23}, 
4050.0, {'J01': -782.0}, {'J01': 8}, {'J01': 24}, 
4055.0, {'J01': -982.5}, {'J01': 8}, {'J01': 25}, 
4060.0, {'J01': -1238.0}, {'J01': 8}, {'J01': 28}, 
4065.0, {'J01': -996.0}, {'J01': 7}, {'J01': 23}, 
4070.0, {'J01': -564.5}, {'J01': 4}, {'J01': 15}, 
4075.0, {'J01': -538.5}, {'J01': 4}, {'J01': 14}, 
4080.0, {'J01': -686.0}, {'J01': 4}, {'J01': 18}, 
4085.0, {'J01': -706.0}, {'J01': 6}, {'J01': 21}, 
4090.0, {'J01': -754.0}, {'J01': 8}, {'J01': 23}, 
4095.0, {'J01': -986.5}, {'J01': 8}, {'J01': 25}, 
4100.0, {'J01': -1243.0}, {'J01': 8}, {'J01': 28}, 
4105.0, {'J01': -1162.0}, {'J01': 7}, {'J01': 25}, 
4110.0, {'J01': -563.5}, {'J01': 4}, {'J01': 15}, 
4115.0, {'J01': -603.0}, {'J01': 4}, {'J01': 15}, 
4120.0, {'J01': -761.0}, {'J01': 4}, {'J01': 19}, 
4125.0, {'J01': -842.5}, {'J01': 7}, {'J01': 23}, 
4130.0, {'J01': -847.5}, {'J01': 8}, {'J01': 23}, 
4135.0, {'J01': -1080.0}, {'J01': 8}, {'J01': 25}, 
4140.0, {'J01': -1338.5}, {'J01': 8}, {'J01': 29}, 
4145.0, {'J01': -1151.5}, {'J01': 7}, {'J01': 25}, 
4150.0, {'J01': -600.5}, {'J01': 4}, {'J01': 16}, 
4155.0, {'J01': -646.5}, {'J01': 4}, {'J01': 16}, 
4160.0, {'J01': -772.0}, {'J01': 4}, {'J01': 19}, 
4165.0, {'J01': -749.0}, {'J01': 7}, {'J01': 22}, 
4170.0, {'J01': -865.0}, {'J01': 8}, {'J01': 23}, 
4175.0, {'J01': -1097.5}, {'J01': 8}, {'J01': 25}, 
4180.0, {'J01': -1354.5}, {'J01': 8}, {'J01': 28}, 
4185.0, {'J01': -1149.0}, {'J01': 7}, {'J01': 24}, 
4190.0, {'J01': -585.5}, {'J01': 4}, {'J01': 15}, 
4195.0, {'J01': -551.5}, {'J01': 4}, {'J01': 14}, 
4200.0, {'J01': -699.0}, {'J01': 4}, {'J01': 18}, 
4205.0, {'J01': -769.5}, {'J01': 6}, {'J01': 22}, 
4210.0, {'J01': -762.0}, {'J01': 8}, {'J01': 22}, 
4215.0, {'J01': -982.5}, {'J01': 8}, {'J01': 23}, 
4220.0, {'J01': -1215.5}, {'J01': 8}, {'J01': 25}, 
4225.0, {'J01': -1050.0}, {'J01': 7}, {'J01': 21}, 
4230.0, {'J01': -466.5}, {'J01': 4}, {'J01': 12}, 
4235.0, {'J01': -526.0}, {'J01': 4}, {'J01': 13}, 
4240.0, {'J01': -663.0}, {'J01': 4}, {'J01': 17}, 
4245.0, {'J01': -787.0}, {'J01': 7}, {'J01': 23}, 
4250.0, {'J01': -857.5}, {'J01': 8}, {'J01': 25}, 
4255.0, {'J01': -1109.0}, {'J01': 8}, {'J01': 26}, 
4260.0, {'J01': -1373.0}, {'J01': 8}, {'J01': 28}, 
4265.0, {'J01': -1058.0}, {'J01': 6}, {'J01': 23}, 
4270.0, {'J01': -617.0}, {'J01': 4}, {'J01': 15}, 
4275.0, {'J01': -528.0}, {'J01': 4}, {'J01': 13}, 
4280.0, {'J01': -602.5}, {'J01': 4}, {'J01': 16}, 
4285.0, {'J01': -713.5}, {'J01': 6}, {'J01': 21}, 
4290.0, {'J01': -757.5}, {'J01': 8}, {'J01': 22}, 
4295.0, {'J01': -979.0}, {'J01': 8}, {'J01': 23}, 
4300.0, {'J01': -1212.5}, {'J01': 8}, {'J01': 25}, 
4305.0, {'J01': -1100.5}, {'J01': 7}, {'J01': 22}, 
4310.0, {'J01': -465.5}, {'J01': 4}, {'J01': 12}, 
4315.0, {'J01': -526.5}, {'J01': 4}, {'J01': 13}, 
4320.0, {'J01': -665.5}, {'J01': 4}, {'J01': 17}, 
4325.0, {'J01': -788.0}, {'J01': 7}, {'J01': 22}, 
4330.0, {'J01': -843.5}, {'J01': 8}, {'J01': 23}, 
4335.0, {'J01': -1079.5}, {'J01': 8}, {'J01': 25}, 
4340.0, {'J01': -1333.5}, {'J01': 8}, {'J01': 27}, 
4345.0, {'J01': -1121.5}, {'J01': 7}, {'J01': 23}, 
4350.0, {'J01': -556.5}, {'J01': 4}, {'J01': 14}, 
4355.0, {'J01': -582.0}, {'J01': 4}, {'J01': 14}, 
4360.0, {'J01': -676.0}, {'J01': 4}, {'J01': 17}, 
4365.0, {'J01': -747.0}, {'J01': 7}, {'J01': 22}, 
4370.0, {'J01': -863.0}, {'J01': 8}, {'J01': 23}, 
4375.0, {'J01': -1095.0}, {'J01': 8}, {'J01': 24}, 
4380.0, {'J01': -1340.5}, {'J01': 8}, {'J01': 26}, 
4385.0, {'J01': -1063.5}, {'J01': 7}, {'J01': 21}, 
4390.0, {'J01': -537.5}, {'J01': 4}, {'J01': 14}, 
4395.0, {'J01': -541.5}, {'J01': 4}, {'J01': 13}, 
4400.0, {'J01': -679.0}, {'J01': 4}, {'J01': 17}, 
4405.0, {'J01': -801.5}, {'J01': 7}, {'J01': 22}, 
4410.0, {'J01': -852.5}, {'J01': 8}, {'J01': 22}, 
4415.0, {'J01': -1074.5}, {'J01': 8}, {'J01': 24}, 
4420.0, {'J01': -1318.0}, {'J01': 8}, {'J01': 26}, 
4425.0, {'J01': -1094.5}, {'J01': 7}, {'J01': 22}, 
4430.0, {'J01': -511.0}, {'J01': 4}, {'J01': 13}, 
4435.0, {'J01': -538.5}, {'J01': 4}, {'J01': 13}, 
4440.0, {'J01': -676.5}, {'J01': 4}, {'J01': 17}, 
4445.0, {'J01': -799.0}, {'J01': 7}, {'J01': 22}, 
4450.0, {'J01': -852.0}, {'J01': 8}, {'J01': 22}, 
4455.0, {'J01': -1074.0}, {'J01': 8}, {'J01': 24}, 
4460.0, {'J01': -1320.0}, {'J01': 8}, {'J01': 27}, 
4465.0, {'J01': -1058.0}, {'J01': 7}, {'J01': 23}, 
4470.0, {'J01': -548.0}, {'J01': 4}, {'J01': 15}, 
4475.0, {'J01': -533.5}, {'J01': 4}, {'J01': 14}, 
4480.0, {'J01': -604.0}, {'J01': 4}, {'J01': 16}, 
4485.0, {'J01': -716.5}, {'J01': 6}, {'J01': 21}, 
4490.0, {'J01': -766.0}, {'J01': 8}, {'J01': 24}, 
4495.0, {'J01': -1010.0}, {'J01': 8}, {'J01': 26}, 
4500.0, {'J01': -1274.0}, {'J01': 8}, {'J01': 28}, 
4505.0, {'J01': -1192.5}, {'J01': 7}, {'J01': 25}, 
4510.0, {'J01': -585.0}, {'J01': 4}, {'J01': 15}, 
4515.0, {'J01': -621.0}, {'J01': 4}, {'J01': 15}, 
4520.0, {'J01': -664.5}, {'J01': 4}, {'J01': 17}, 
4525.0, {'J01': -788.0}, {'J01': 7}, {'J01': 23}, 
4530.0, {'J01': -850.0}, {'J01': 8}, {'J01': 23}, 
4535.0, {'J01': -1083.5}, {'J01': 8}, {'J01': 25}, 
4540.0, {'J01': -1340.5}, {'J01': 8}, {'J01': 28}, 
4545.0, {'J01': -972.0}, {'J01': 6}, {'J01': 22}, 
4550.0, {'J01': -585.5}, {'J01': 4}, {'J01': 15}, 
4555.0, {'J01': -509.0}, {'J01': 4}, {'J01': 13}, 
4560.0, {'J01': -603.5}, {'J01': 4}, {'J01': 16}, 
4565.0, {'J01': -715.5}, {'J01': 6}, {'J01': 21}, 
4570.0, {'J01': -764.5}, {'J01': 8}, {'J01': 23}, 
4575.0, {'J01': -995.5}, {'J01': 8}, {'J01': 24}, 
4580.0, {'J01': -1240.5}, {'J01': 8}, {'J01': 27}, 
4585.0, {'J01': -1042.5}, {'J01': 7}, {'J01': 22}, 
4590.0, {'J01': -532.0}, {'J01': 4}, {'J01': 14}, 
4595.0, {'J01': -497.5}, {'J01': 4}, {'J01': 13}, 
4600.0, {'J01': -593.5}, {'J01': 4}, {'J01': 16}, 
4605.0, {'J01': -705.0}, {'J01': 6}, {'J01': 21}, 
4610.0, {'J01': -749.5}, {'J01': 8}, {'J01': 22}, 
4615.0, {'J01': -971.0}, {'J01': 8}, {'J01': 23}, 
4620.0, {'J01': -1208.0}, {'J01': 8}, {'J01': 26}, 
4625.0, {'J01': -1000.5}, {'J01': 7}, {'J01': 24}, 
4630.0, {'J01': -516.5}, {'J01': 4}, {'J01': 15}, 
4635.0, {'J01': -511.5}, {'J01': 4}, {'J01': 14}, 
4640.0, {'J01': -591.0}, {'J01': 4}, {'J01': 16}, 
4645.0, {'J01': -702.5}, {'J01': 6}, {'J01': 22}, 
4650.0, {'J01': -759.0}, {'J01': 8}, {'J01': 24}, 
4655.0, {'J01': -1002.0}, {'J01': 8}, {'J01': 26}, 
4660.0, {'J01': -1265.0}, {'J01': 8}, {'J01': 28}, 
4665.0, {'J01': -1072.0}, {'J01': 7}, {'J01': 24}, 
4670.0, {'J01': -590.0}, {'J01': 4}, {'J01': 15}, 
4675.0, {'J01': -505.5}, {'J01': 4}, {'J01': 13}, 
4680.0, {'J01': -590.0}, {'J01': 4}, {'J01': 16}, 
4685.0, {'J01': -704.0}, {'J01': 6}, {'J01': 22}, 
4690.0, {'J01': -766.0}, {'J01': 8}, {'J01': 25}, 
4695.0, {'J01': -1017.0}, {'J01': 8}, {'J01': 26}, 
4700.0, {'J01': -1281.0}, {'J01': 8}, {'J01': 28}, 
4705.0, {'J01': -979.5}, {'J01': 6}, {'J01': 24}, 
4710.0, {'J01': -620.0}, {'J01': 4}, {'J01': 16}, 
4715.0, {'J01': -542.5}, {'J01': 4}, {'J01': 14}, 
4720.0, {'J01': -592.0}, {'J01': 4}, {'J01': 16}, 
4725.0, {'J01': -704.0}, {'J01': 6}, {'J01': 21}, 
4730.0, {'J01': -754.5}, {'J01': 8}, {'J01': 24}, 
4735.0, {'J01': -999.5}, {'J01': 8}, {'J01': 26}, 
4740.0, {'J01': -1263.5}, {'J01': 8}, {'J01': 28}, 
4745.0, {'J01': -1131.0}, {'J01': 7}, {'J01': 24}, 
4750.0, {'J01': -587.0}, {'J01': 4}, {'J01': 15}, 
4755.0, {'J01': -502.5}, {'J01': 4}, {'J01': 13}, 
4760.0, {'J01': -586.5}, {'J01': 4}, {'J01': 16}, 
4765.0, {'J01': -699.5}, {'J01': 6}, {'J01': 21}, 
4770.0, {'J01': -745.0}, {'J01': 8}, {'J01': 22}, 
4775.0, {'J01': -965.5}, {'J01': 8}, {'J01': 23}, 
4780.0, {'J01': -1198.5}, {'J01': 8}, {'J01': 25}, 
4785.0, {'J01': -980.5}, {'J01': 7}, {'J01': 21}, 
4790.0, {'J01': -467.0}, {'J01': 4}, {'J01': 12}, 
4795.0, {'J01': -465.5}, {'J01': 4}, {'J01': 12}, 
4800.0, {'J01': -594.0}, {'J01': 4}, {'J01': 16}, 
4805.0, {'J01': -706.0}, {'J01': 6}, {'J01': 21}, 
4810.0, {'J01': -752.0}, {'J01': 8}, {'J01': 22}, 
4815.0, {'J01': -973.0}, {'J01': 8}, {'J01': 23}, 
4820.0, {'J01': -1206.0}, {'J01': 8}, {'J01': 24}, 
4825.0, {'J01': -1081.0}, {'J01': 7}, {'J01': 20}, 
4830.0, {'J01': -431.5}, {'J01': 4}, {'J01': 10}, 
4835.0, {'J01': -471.5}, {'J01': 4}, {'J01': 11}, 
4840.0, {'J01': -588.5}, {'J01': 4}, {'J01': 15}, 
4845.0, {'J01': -639.5}, {'J01': 7}, {'J01': 19}, 
4850.0, {'J01': -841.0}, {'J01': 8}, {'J01': 22}, 
4855.0, {'J01': -1061.0}, {'J01': 8}, {'J01': 22}, 
4860.0, {'J01': -1281.0}, {'J01': 8}, {'J01': 22}, 
4865.0, {'J01': -1016.0}, {'J01': 7}, {'J01': 17}, 
4870.0, {'J01': -392.5}, {'J01': 4}, {'J01': 8}, 
4875.0, {'J01': -348.5}, {'J01': 3}, {'J01': 8}, 
4880.0, {'J01': -436.5}, {'J01': 3}, {'J01': 12}, 
4885.0, {'J01': -570.5}, {'J01': 6}, {'J01': 18}, 
4890.0, {'J01': -767.0}, {'J01': 8}, {'J01': 23}, 
4895.0, {'J01': -1004.5}, {'J01': 8}, {'J01': 25}, 
4900.0, {'J01': -1254.5}, {'J01': 8}, {'J01': 25}, 
4905.0, {'J01': -850.5}, {'J01': 6}, {'J01': 18}, 
4910.0, {'J01': -490.0}, {'J01': 4}, {'J01': 11}, 
4915.0, {'J01': -373.0}, {'J01': 3}, {'J01': 9}, 
4920.0, {'J01': -418.0}, {'J01': 3}, {'J01': 12}, 
4925.0, {'J01': -552.5}, {'J01': 6}, {'J01': 18}, 
4930.0, {'J01': -747.0}, {'J01': 8}, {'J01': 22}, 
4935.0, {'J01': -971.5}, {'J01': 8}, {'J01': 23}, 
4940.0, {'J01': -1206.0}, {'J01': 8}, {'J01': 24}, 
4945.0, {'J01': -967.5}, {'J01': 7}, {'J01': 19}, 
4950.0, {'J01': -444.0}, {'J01': 4}, {'J01': 11}, 
4955.0, {'J01': -435.0}, {'J01': 4}, {'J01': 10}, 
4960.0, {'J01': -498.0}, {'J01': 4}, {'J01': 13}, 
4965.0, {'J01': -642.5}, {'J01': 7}, {'J01': 19}, 
4970.0, {'J01': -844.0}, {'J01': 8}, {'J01': 22}, 
4975.0, {'J01': -1064.0}, {'J01': 8}, {'J01': 22}, 
4980.0, {'J01': -1284.0}, {'J01': 8}, {'J01': 22}, 
4985.0, {'J01': -1018.0}, {'J01': 7}, {'J01': 17}, 
4990.0, {'J01': -392.0}, {'J01': 4}, {'J01': 8}, 
4995.0, {'J01': -409.5}, {'J01': 4}, {'J01': 9}, 
5000.0, {'J01': -505.5}, {'J01': 4}, {'J01': 13}, 
5005.0, {'J01': -651.0}, {'J01': 7}, {'J01': 19}, 
5010.0, {'J01': -852.5}, {'J01': 8}, {'J01': 22}, 
5015.0, {'J01': -1076.5}, {'J01': 8}, {'J01': 23}, 
5020.0, {'J01': -1311.0}, {'J01': 8}, {'J01': 24}, 
5025.0, {'J01': -895.5}, {'J01': 6}, {'J01': 18}, 
5030.0, {'J01': -467.0}, {'J01': 4}, {'J01': 11}, 
5035.0, {'J01': -409.0}, {'J01': 3}, {'J01': 10}, 
5040.0, {'J01': -437.0}, {'J01': 3}, {'J01': 12}, 
5045.0, {'J01': -571.0}, {'J01': 6}, {'J01': 19}, 
5050.0, {'J01': -773.0}, {'J01': 8}, {'J01': 23}, 
5055.0, {'J01': -1003.0}, {'J01': 8}, {'J01': 23}, 
5060.0, {'J01': -1233.5}, {'J01': 8}, {'J01': 24}, 
5065.0, {'J01': -935.0}, {'J01': 7}, {'J01': 19}, 
5070.0, {'J01': -463.5}, {'J01': 4}, {'J01': 12}, 
5075.0, {'J01': -389.0}, {'J01': 3}, {'J01': 10}, 
5080.0, {'J01': -424.0}, {'J01': 3}, {'J01': 12}, 
5085.0, {'J01': -556.5}, {'J01': 6}, {'J01': 17}, 
5090.0, {'J01': -744.0}, {'J01': 8}, {'J01': 23}, 
5095.0, {'J01': -974.0}, {'J01': 8}, {'J01': 23}, 
5100.0, {'J01': -1204.0}, {'J01': 8}, {'J01': 23}, 
5105.0, {'J01': -1070.0}, {'J01': 7}, {'J01': 19}, 
5110.0, {'J01': -412.5}, {'J01': 4}, {'J01': 9}, 
5115.0, {'J01': -329.5}, {'J01': 3}, {'J01': 8}, 
5120.0, {'J01': -415.5}, {'J01': 3}, {'J01': 12}, 
5125.0, {'J01': -548.0}, {'J01': 6}, {'J01': 18}, 
5130.0, {'J01': -741.5}, {'J01': 8}, {'J01': 22}, 
5135.0, {'J01': -961.5}, {'J01': 8}, {'J01': 22}, 
5140.0, {'J01': -1182.5}, {'J01': 8}, {'J01': 23}, 
5145.0, {'J01': -1002.5}, {'J01': 7}, {'J01': 18}, 
5150.0, {'J01': -399.5}, {'J01': 4}, {'J01': 9}, 
5155.0, {'J01': -399.0}, {'J01': 4}, {'J01': 9}, 
5160.0, {'J01': -495.5}, {'J01': 4}, {'J01': 13}, 
5165.0, {'J01': -638.5}, {'J01': 7}, {'J01': 18}, 
5170.0, {'J01': -842.5}, {'J01': 8}, {'J01': 24}, 
5175.0, {'J01': -1082.5}, {'J01': 8}, {'J01': 24}, 
5180.0, {'J01': -1322.5}, {'J01': 8}, {'J01': 24}, 
5185.0, {'J01': -1077.0}, {'J01': 7}, {'J01': 19}, 
5190.0, {'J01': -474.0}, {'J01': 4}, {'J01': 11}, 
5195.0, {'J01': -351.5}, {'J01': 3}, {'J01': 9}, 
5200.0, {'J01': -429.0}, {'J01': 3}, {'J01': 12}, 
5205.0, {'J01': -565.5}, {'J01': 6}, {'J01': 18}, 
5210.0, {'J01': -760.5}, {'J01': 8}, {'J01': 23}, 
5215.0, {'J01': -995.0}, {'J01': 8}, {'J01': 24}, 
5220.0, {'J01': -1235.0}, {'J01': 8}, {'J01': 24}, 
5225.0, {'J01': -1115.0}, {'J01': 7}, {'J01': 20}, 
5230.0, {'J01': -458.0}, {'J01': 4}, {'J01': 10}, 
5235.0, {'J01': -317.0}, {'J01': 3}, {'J01': 6}, 
5240.0, {'J01': -377.0}, {'J01': 3}, {'J01': 6}, 
5245.0, {'J01': -448.0}, {'J01': 6}, {'J01': 11}, 
5250.0, {'J01': -574.0}, {'J01': 8}, {'J01': 16}, 
5255.0, {'J01': -734.0}, {'J01': 8}, {'J01': 16}, 
5260.0, {'J01': -894.0}, {'J01': 8}, {'J01': 16}, 
5265.0, {'J01': -819.5}, {'J01': 7}, {'J01': 14}, 
5270.0, {'J01': -370.0}, {'J01': 4}, {'J01': 8}, 
5275.0, {'J01': -326.5}, {'J01': 3}, {'J01': 6}, 
5280.0, {'J01': -386.5}, {'J01': 3}, {'J01': 6}, 
5285.0, {'J01': -459.5}, {'J01': 6}, {'J01': 12}, 
5290.0, {'J01': -592.0}, {'J01': 8}, {'J01': 16}, 
5295.0, {'J01': -752.0}, {'J01': 8}, {'J01': 16}, 
5300.0, {'J01': -912.0}, {'J01': 8}, {'J01': 16}, 
5305.0, {'J01': -723.0}, {'J01': 7}, {'J01': 13}, 
5310.0, {'J01': -378.0}, {'J01': 4}, {'J01': 8}, 
5315.0, {'J01': -333.5}, {'J01': 3}, {'J01': 6}, 
5320.0, {'J01': -393.5}, {'J01': 3}, {'J01': 6}, 
5325.0, {'J01': -467.5}, {'J01': 6}, {'J01': 12}, 
5330.0, {'J01': -601.0}, {'J01': 8}, {'J01': 16}, 
5335.0, {'J01': -761.0}, {'J01': 8}, {'J01': 16}, 
5340.0, {'J01': -921.0}, {'J01': 8}, {'J01': 16}, 
5345.0, {'J01': -840.0}, {'J01': 7}, {'J01': 14}, 
5350.0, {'J01': -379.5}, {'J01': 4}, {'J01': 8}, 
5355.0, {'J01': -334.5}, {'J01': 3}, {'J01': 6}, 
5360.0, {'J01': -394.5}, {'J01': 3}, {'J01': 6}, 
5365.0, {'J01': -466.5}, {'J01': 6}, {'J01': 12}, 
5370.0, {'J01': -599.5}, {'J01': 8}, {'J01': 16}, 
5375.0, {'J01': -759.5}, {'J01': 8}, {'J01': 16}, 
5380.0, {'J01': -919.5}, {'J01': 8}, {'J01': 16}, 
5385.0, {'J01': -838.5}, {'J01': 7}, {'J01': 14}, 
5390.0, {'J01': -378.0}, {'J01': 4}, {'J01': 8}, 
5395.0, {'J01': -396.0}, {'J01': 4}, {'J01': 7}, 
5400.0, {'J01': -466.0}, {'J01': 4}, {'J01': 7}, 
