5.0, {'J01': -0.0, 'top_mgr': 0}, {'J01': 0}, {'J01': 0}, 
10.0, {'J01': -0.0, 'top_mgr': 1}, {'J01': 0}, {'J01': 0}, 
15.0, {'J01': -4.800000000000001, 'top_mgr': 4}, {'J01': 1}, {'J01': 3}, 
20.0, {'J01': -17.799999999999997, 'top_mgr': 2}, {'J01': 2}, {'J01': 4}, 
25.0, {'J01': -13.8, 'top_mgr': 3}, {'J01': 3}, {'J01': 5}, 
30.0, {'J01': -29.8, 'top_mgr': 1}, {'J01': 4}, {'J01': 7}, 
35.0, {'J01': -53.6, 'top_mgr': 0}, {'J01': 4}, {'J01': 11}, 
40.0, {'J01': -42.400000000000006, 'top_mgr': 4}, {'J01': 4}, {'J01': 7}, 
45.0, {'J01': -33.2, 'top_mgr': 7}, {'J01': 3}, {'J01': 8}, 
50.0, {'J01': -67.80000000000001, 'top_mgr': 2}, {'J01': 3}, {'J01': 19}, 
55.0, {'J01': -95.4, 'top_mgr': 5}, {'J01': 6}, {'J01': 21}, 
60.0, {'J01': -109.20000000000002, 'top_mgr': 9}, {'J01': 6}, {'J01': 20}, 
65.0, {'J01': -123.80000000000001, 'top_mgr': 9}, {'J01': 4}, {'J01': 19}, 
70.0, {'J01': -153.80000000000004, 'top_mgr': 8}, {'J01': 4}, {'J01': 17}, 
75.0, {'J01': -176.4, 'top_mgr': 6}, {'J01': 4}, {'J01': 16}, 
80.0, {'J01': -190.4, 'top_mgr': 4}, {'J01': 4}, {'J01': 16}, 
85.0, {'J01': -209.20000000000002, 'top_mgr': 4}, {'J01': 4}, {'J01': 20}, 
90.0, {'J01': -170.4, 'top_mgr': 8}, {'J01': 4}, {'J01': 17}, 
95.0, {'J01': -158.2, 'top_mgr': 4}, {'J01': 8}, {'J01': 23}, 
100.0, {'J01': -202.39999999999998, 'top_mgr': 0}, {'J01': 8}, {'J01': 30}, 
105.0, {'J01': -188.39999999999998, 'top_mgr': 2}, {'J01': 8}, {'J01': 35}, 
110.0, {'J01': -200.2, 'top_mgr': 3}, {'J01': 8}, {'J01': 34}, 
115.0, {'J01': -181.60000000000002, 'top_mgr': 6}, {'J01': 8}, {'J01': 30}, 
120.0, {'J01': -194.20000000000005, 'top_mgr': 4}, {'J01': 8}, {'J01': 31}, 
125.0, {'J01': -227.40000000000003, 'top_mgr': 1}, {'J01': 8}, {'J01': 34}, 
130.0, {'J01': -274.80000000000007, 'top_mgr': 0}, {'J01': 8}, {'J01': 38}, 
135.0, {'J01': -324.8, 'top_mgr': 1}, {'J01': 8}, {'J01': 40}, 
140.0, {'J01': -347.6, 'top_mgr': 3}, {'J01': 8}, {'J01': 42}, 
145.0, {'J01': -389.40000000000003, 'top_mgr': 0}, {'J01': 8}, {'J01': 43}, 
150.0, {'J01': -441.20000000000005, 'top_mgr': 0}, {'J01': 9}, {'J01': 49}, 
155.0, {'J01': -473.00000000000006, 'top_mgr': 1}, {'J01': 9}, {'J01': 49}, 
160.0, {'J01': -491.40000000000003, 'top_mgr': 2}, {'J01': 9}, {'J01': 49}, 
165.0, {'J01': -471.6, 'top_mgr': 12}, {'J01': 7}, {'J01': 40}, 
170.0, {'J01': -370.40000000000003, 'top_mgr': 12}, {'J01': 4}, {'J01': 30}, 
175.0, {'J01': -388.0, 'top_mgr': 7}, {'J01': 5}, {'J01': 29}, 
180.0, {'J01': -439.0, 'top_mgr': 0}, {'J01': 6}, {'J01': 36}, 
185.0, {'J01': -442.2, 'top_mgr': 8}, {'J01': 5}, {'J01': 28}, 
190.0, {'J01': -252.0, 'top_mgr': 15}, {'J01': 5}, {'J01': 15}, 
195.0, {'J01': -272.0, 'top_mgr': 9}, {'J01': 5}, {'J01': 15}, 
200.0, {'J01': -298.8, 'top_mgr': 3}, {'J01': 5}, {'J01': 19}, 
205.0, {'J01': -348.2000000000001, 'top_mgr': 0}, {'J01': 6}, {'J01': 30}, 
210.0, {'J01': -350.0, 'top_mgr': 1}, {'J01': 6}, {'J01': 35}, 
215.0, {'J01': -354.6, 'top_mgr': 2}, {'J01': 8}, {'J01': 37}, 
220.0, {'J01': -312.80000000000007, 'top_mgr': 7}, {'J01': 8}, {'J01': 32}, 
225.0, {'J01': -326.20000000000005, 'top_mgr': 3}, {'J01': 8}, {'J01': 29}, 
230.0, {'J01': -355.6, 'top_mgr': 1}, {'J01': 8}, {'J01': 31}, 
235.0, {'J01': -359.8, 'top_mgr': 5}, {'J01': 8}, {'J01': 30}, 
240.0, {'J01': -356.00000000000006, 'top_mgr': 3}, {'J01': 7}, {'J01': 30}, 
245.0, {'J01': -396.00000000000006, 'top_mgr': 1}, {'J01': 7}, {'J01': 34}, 
250.0, {'J01': -436.00000000000006, 'top_mgr': 1}, {'J01': 7}, {'J01': 37}, 
255.0, {'J01': -457.00000000000006, 'top_mgr': 4}, {'J01': 8}, {'J01': 37}, 
260.0, {'J01': -487.80000000000007, 'top_mgr': 3}, {'J01': 8}, {'J01': 34}, 
265.0, {'J01': -441.6, 'top_mgr': 9}, {'J01': 7}, {'J01': 28}, 
270.0, {'J01': -447.6, 'top_mgr': 11}, {'J01': 5}, {'J01': 22}, 
275.0, {'J01': -470.20000000000005, 'top_mgr': 8}, {'J01': 5}, {'J01': 19}, 
280.0, {'J01': -323.79999999999995, 'top_mgr': 11}, {'J01': 3}, {'J01': 12}, 
285.0, {'J01': -224.4, 'top_mgr': 3}, {'J01': 3}, {'J01': 16}, 
290.0, {'J01': -268.2, 'top_mgr': 1}, {'J01': 6}, {'J01': 27}, 
295.0, {'J01': -310.2, 'top_mgr': 3}, {'J01': 8}, {'J01': 33}, 
300.0, {'J01': -350.2, 'top_mgr': 0}, {'J01': 8}, {'J01': 36}, 
305.0, {'J01': -370.59999999999997, 'top_mgr': 5}, {'J01': 8}, {'J01': 32}, 
310.0, {'J01': -309.4, 'top_mgr': 8}, {'J01': 7}, {'J01': 26}, 
315.0, {'J01': -238.20000000000002, 'top_mgr': 5}, {'J01': 7}, {'J01': 24}, 
320.0, {'J01': -279.20000000000005, 'top_mgr': 1}, {'J01': 7}, {'J01': 28}, 
325.0, {'J01': -245.6, 'top_mgr': 2}, {'J01': 7}, {'J01': 32}, 
330.0, {'J01': -285.0, 'top_mgr': 1}, {'J01': 8}, {'J01': 38}, 
335.0, {'J01': -275.79999999999995, 'top_mgr': 10}, {'J01': 7}, {'J01': 29}, 
340.0, {'J01': -254.20000000000002, 'top_mgr': 12}, {'J01': 4}, {'J01': 19}, 
345.0, {'J01': -268.59999999999997, 'top_mgr': 9}, {'J01': 4}, {'J01': 16}, 
350.0, {'J01': -202.4, 'top_mgr': 10}, {'J01': 4}, {'J01': 12}, 
355.0, {'J01': -221.60000000000002, 'top_mgr': 3}, {'J01': 4}, {'J01': 16}, 
360.0, {'J01': -234.4, 'top_mgr': 5}, {'J01': 4}, {'J01': 12}, 
365.0, {'J01': -256.4, 'top_mgr': 10}, {'J01': 4}, {'J01': 14}, 
370.0, {'J01': -240.39999999999998, 'top_mgr': 5}, {'J01': 4}, {'J01': 15}, 
375.0, {'J01': -280.2, 'top_mgr': 1}, {'J01': 4}, {'J01': 22}, 
380.0, {'J01': -314.79999999999995, 'top_mgr': 2}, {'J01': 7}, {'J01': 27}, 
385.0, {'J01': -341.4, 'top_mgr': 2}, {'J01': 7}, {'J01': 26}, 
390.0, {'J01': -350.4, 'top_mgr': 6}, {'J01': 6}, {'J01': 23}, 
395.0, {'J01': -369.20000000000005, 'top_mgr': 10}, {'J01': 4}, {'J01': 21}, 
400.0, {'J01': -250.80000000000004, 'top_mgr': 7}, {'J01': 3}, {'J01': 16}, 
405.0, {'J01': -281.40000000000003, 'top_mgr': 1}, {'J01': 3}, {'J01': 19}, 
410.0, {'J01': -320.8, 'top_mgr': 1}, {'J01': 6}, {'J01': 28}, 
415.0, {'J01': -349.2000000000001, 'top_mgr': 2}, {'J01': 8}, {'J01': 35}, 
420.0, {'J01': -299.6000000000001, 'top_mgr': 3}, {'J01': 8}, {'J01': 34}, 
425.0, {'J01': -339.8000000000001, 'top_mgr': 1}, {'J01': 8}, {'J01': 37}, 
430.0, {'J01': -380.8000000000001, 'top_mgr': 0}, {'J01': 8}, {'J01': 38}, 
435.0, {'J01': -363.20000000000005, 'top_mgr': 5}, {'J01': 8}, {'J01': 38}, 
440.0, {'J01': -312.20000000000005, 'top_mgr': 2}, {'J01': 8}, {'J01': 39}, 
445.0, {'J01': -330.20000000000005, 'top_mgr': 6}, {'J01': 8}, {'J01': 37}, 
450.0, {'J01': -350.6000000000001, 'top_mgr': 5}, {'J01': 8}, {'J01': 32}, 
455.0, {'J01': -369.40000000000003, 'top_mgr': 3}, {'J01': 8}, {'J01': 36}, 
460.0, {'J01': -411.20000000000005, 'top_mgr': 0}, {'J01': 9}, {'J01': 40}, 
465.0, {'J01': -451.20000000000005, 'top_mgr': 0}, {'J01': 9}, {'J01': 40}, 
470.0, {'J01': -386.2, 'top_mgr': 7}, {'J01': 8}, {'J01': 36}, 
475.0, {'J01': -361.00000000000006, 'top_mgr': 7}, {'J01': 7}, {'J01': 31}, 
480.0, {'J01': -352.6, 'top_mgr': 5}, {'J01': 7}, {'J01': 29}, 
485.0, {'J01': -356.00000000000006, 'top_mgr': 3}, {'J01': 7}, {'J01': 27}, 
490.0, {'J01': -337.20000000000005, 'top_mgr': 3}, {'J01': 7}, {'J01': 29}, 
495.0, {'J01': -378.00000000000006, 'top_mgr': 1}, {'J01': 8}, {'J01': 37}, 
500.0, {'J01': -417.40000000000003, 'top_mgr': 1}, {'J01': 8}, {'J01': 39}, 
505.0, {'J01': -409.20000000000005, 'top_mgr': 4}, {'J01': 8}, {'J01': 39}, 
510.0, {'J01': -432.6, 'top_mgr': 2}, {'J01': 8}, {'J01': 37}, 
515.0, {'J01': -452.6, 'top_mgr': 1}, {'J01': 8}, {'J01': 39}, 
520.0, {'J01': -499.40000000000003, 'top_mgr': 1}, {'J01': 9}, {'J01': 45}, 
525.0, {'J01': -526.6, 'top_mgr': 4}, {'J01': 10}, {'J01': 44}, 
530.0, {'J01': -474.0, 'top_mgr': 11}, {'J01': 11}, {'J01': 37}, 
535.0, {'J01': -417.0, 'top_mgr': 9}, {'J01': 8}, {'J01': 32}, 
540.0, {'J01': -447.8, 'top_mgr': 1}, {'J01': 8}, {'J01': 32}, 
545.0, {'J01': -483.0, 'top_mgr': 3}, {'J01': 9}, {'J01': 35}, 
550.0, {'J01': -427.20000000000005, 'top_mgr': 2}, {'J01': 9}, {'J01': 41}, 
555.0, {'J01': -446.00000000000006, 'top_mgr': 1}, {'J01': 9}, {'J01': 41}, 
560.0, {'J01': -482.00000000000006, 'top_mgr': 0}, {'J01': 9}, {'J01': 41}, 
565.0, {'J01': -510.80000000000007, 'top_mgr': 4}, {'J01': 10}, {'J01': 40}, 
570.0, {'J01': -554.8000000000001, 'top_mgr': 1}, {'J01': 10}, {'J01': 43}, 
575.0, {'J01': -572.0, 'top_mgr': 1}, {'J01': 11}, {'J01': 48}, 
580.0, {'J01': -600.0, 'top_mgr': 4}, {'J01': 11}, {'J01': 45}, 
585.0, {'J01': -626.0, 'top_mgr': 4}, {'J01': 11}, {'J01': 43}, 
590.0, {'J01': -531.8, 'top_mgr': 4}, {'J01': 13}, {'J01': 49}, 
595.0, {'J01': -556.8, 'top_mgr': 1}, {'J01': 13}, {'J01': 50}, 
600.0, {'J01': -501.8, 'top_mgr': 5}, {'J01': 14}, {'J01': 49}, 
605.0, {'J01': -536.8, 'top_mgr': 3}, {'J01': 14}, {'J01': 47}, 
610.0, {'J01': -553.3999999999999, 'top_mgr': 2}, {'J01': 16}, {'J01': 50}, 
615.0, {'J01': -582.3999999999999, 'top_mgr': 5}, {'J01': 16}, {'J01': 52}, 
620.0, {'J01': -620.9999999999999, 'top_mgr': 3}, {'J01': 16}, {'J01': 54}, 
625.0, {'J01': -643.0, 'top_mgr': 3}, {'J01': 16}, {'J01': 55}, 
630.0, {'J01': -683.6, 'top_mgr': 3}, {'J01': 19}, {'J01': 57}, 
635.0, {'J01': -725.5999999999999, 'top_mgr': 3}, {'J01': 20}, {'J01': 59}, 
640.0, {'J01': -747.0, 'top_mgr': 3}, {'J01': 20}, {'J01': 60}, 
645.0, {'J01': -775.4000000000001, 'top_mgr': 5}, {'J01': 20}, {'J01': 60}, 
650.0, {'J01': -721.4000000000001, 'top_mgr': 7}, {'J01': 20}, {'J01': 55}, 
655.0, {'J01': -640.8000000000002, 'top_mgr': 10}, {'J01': 19}, {'J01': 52}, 
660.0, {'J01': -682.2000000000002, 'top_mgr': 2}, {'J01': 19}, {'J01': 54}, 
665.0, {'J01': -728.6000000000001, 'top_mgr': 1}, {'J01': 19}, {'J01': 55}, 
670.0, {'J01': -785.6000000000001, 'top_mgr': 0}, {'J01': 19}, {'J01': 60}, 
675.0, {'J01': -781.8000000000001, 'top_mgr': 7}, {'J01': 20}, {'J01': 56}, 
680.0, {'J01': -820.8000000000001, 'top_mgr': 2}, {'J01': 22}, {'J01': 62}, 
685.0, {'J01': -872.8000000000001, 'top_mgr': 0}, {'J01': 22}, {'J01': 66}, 
690.0, {'J01': -843.8000000000001, 'top_mgr': 9}, {'J01': 23}, {'J01': 58}, 
695.0, {'J01': -861.2, 'top_mgr': 3}, {'J01': 26}, {'J01': 59}, 
700.0, {'J01': -865.4, 'top_mgr': 3}, {'J01': 26}, {'J01': 58}, 
705.0, {'J01': -891.6, 'top_mgr': 4}, {'J01': 26}, {'J01': 58}, 
710.0, {'J01': -938.6, 'top_mgr': 2}, {'J01': 27}, {'J01': 61}, 
715.0, {'J01': -863.2000000000002, 'top_mgr': 11}, {'J01': 23}, {'J01': 52}, 
720.0, {'J01': -909.2000000000002, 'top_mgr': 0}, {'J01': 23}, {'J01': 54}, 
725.0, {'J01': -951.8000000000002, 'top_mgr': 2}, {'J01': 22}, {'J01': 56}, 
730.0, {'J01': -976.2000000000002, 'top_mgr': 4}, {'J01': 21}, {'J01': 56}, 
735.0, {'J01': -920.0, 'top_mgr': 12}, {'J01': 16}, {'J01': 44}, 
740.0, {'J01': -765.4000000000001, 'top_mgr': 13}, {'J01': 13}, {'J01': 36}, 
745.0, {'J01': -750.8000000000002, 'top_mgr': 7}, {'J01': 11}, {'J01': 33}, 
750.0, {'J01': -806.2000000000002, 'top_mgr': 0}, {'J01': 12}, {'J01': 40}, 
755.0, {'J01': -864.4000000000002, 'top_mgr': 2}, {'J01': 13}, {'J01': 47}, 
760.0, {'J01': -922.4000000000002, 'top_mgr': 0}, {'J01': 13}, {'J01': 53}, 
765.0, {'J01': -978.6000000000003, 'top_mgr': 0}, {'J01': 14}, {'J01': 56}, 
770.0, {'J01': -884.6000000000003, 'top_mgr': 13}, {'J01': 11}, {'J01': 44}, 
775.0, {'J01': -830.4000000000001, 'top_mgr': 8}, {'J01': 10}, {'J01': 37}, 
780.0, {'J01': -865.4000000000001, 'top_mgr': 9}, {'J01': 10}, {'J01': 33}, 
785.0, {'J01': -863.6000000000001, 'top_mgr': 9}, {'J01': 11}, {'J01': 32}, 
790.0, {'J01': -718.8000000000002, 'top_mgr': 8}, {'J01': 9}, {'J01': 32}, 
795.0, {'J01': -678.0, 'top_mgr': 6}, {'J01': 8}, {'J01': 35}, 
800.0, {'J01': -671.0, 'top_mgr': 3}, {'J01': 8}, {'J01': 40}, 
805.0, {'J01': -615.0000000000001, 'top_mgr': 3}, {'J01': 9}, {'J01': 47}, 
810.0, {'J01': -649.8000000000001, 'top_mgr': 6}, {'J01': 9}, {'J01': 44}, 
815.0, {'J01': -665.2000000000002, 'top_mgr': 3}, {'J01': 9}, {'J01': 44}, 
820.0, {'J01': -696.0, 'top_mgr': 5}, {'J01': 11}, {'J01': 46}, 
825.0, {'J01': -740.0, 'top_mgr': 2}, {'J01': 11}, {'J01': 46}, 
830.0, {'J01': -686.4000000000001, 'top_mgr': 4}, {'J01': 12}, {'J01': 44}, 
835.0, {'J01': -714.8000000000001, 'top_mgr': 3}, {'J01': 14}, {'J01': 50}, 
840.0, {'J01': -768.8000000000001, 'top_mgr': 0}, {'J01': 14}, {'J01': 52}, 
845.0, {'J01': -825.0000000000001, 'top_mgr': 0}, {'J01': 14}, {'J01': 56}, 
850.0, {'J01': -827.6, 'top_mgr': 7}, {'J01': 13}, {'J01': 50}, 
855.0, {'J01': -855.4, 'top_mgr': 4}, {'J01': 13}, {'J01': 47}, 
860.0, {'J01': -853.2000000000002, 'top_mgr': 2}, {'J01': 13}, {'J01': 49}, 
865.0, {'J01': -847.0, 'top_mgr': 5}, {'J01': 14}, {'J01': 46}, 
870.0, {'J01': -872.0, 'top_mgr': 3}, {'J01': 14}, {'J01': 45}, 
875.0, {'J01': -909.4, 'top_mgr': 1}, {'J01': 15}, {'J01': 50}, 
880.0, {'J01': -918.0000000000001, 'top_mgr': 9}, {'J01': 14}, {'J01': 44}, 
885.0, {'J01': -952.2000000000002, 'top_mgr': 4}, {'J01': 14}, {'J01': 43}, 
890.0, {'J01': -993.2000000000002, 'top_mgr': 3}, {'J01': 14}, {'J01': 44}, 
895.0, {'J01': -1012.6000000000001, 'top_mgr': 5}, {'J01': 13}, {'J01': 42}, 
900.0, {'J01': -1001.2, 'top_mgr': 7}, {'J01': 15}, {'J01': 41}, 
905.0, {'J01': -923.0000000000001, 'top_mgr': 8}, {'J01': 15}, {'J01': 36}, 
910.0, {'J01': -900.8000000000002, 'top_mgr': 6}, {'J01': 13}, {'J01': 31}, 
915.0, {'J01': -939.0, 'top_mgr': 1}, {'J01': 13}, {'J01': 40}, 
920.0, {'J01': -586.7999999999998, 'top_mgr': 10}, {'J01': 13}, {'J01': 43}, 
925.0, {'J01': -611.4, 'top_mgr': 2}, {'J01': 15}, {'J01': 51}, 
930.0, {'J01': -661.9999999999999, 'top_mgr': 1}, {'J01': 15}, {'J01': 54}, 
935.0, {'J01': -692.8, 'top_mgr': 4}, {'J01': 15}, {'J01': 52}, 
940.0, {'J01': -717.4, 'top_mgr': 4}, {'J01': 15}, {'J01': 50}, 
945.0, {'J01': -767.5999999999999, 'top_mgr': 1}, {'J01': 15}, {'J01': 53}, 
950.0, {'J01': -794.0000000000001, 'top_mgr': 4}, {'J01': 15}, {'J01': 51}, 
955.0, {'J01': -714.8000000000001, 'top_mgr': 12}, {'J01': 15}, {'J01': 46}, 
960.0, {'J01': -739.4, 'top_mgr': 12}, {'J01': 14}, {'J01': 39}, 
965.0, {'J01': -771.0000000000001, 'top_mgr': 6}, {'J01': 14}, {'J01': 35}, 
970.0, {'J01': -788.6000000000001, 'top_mgr': 7}, {'J01': 15}, {'J01': 35}, 
975.0, {'J01': -822.4000000000002, 'top_mgr': 3}, {'J01': 14}, {'J01': 39}, 
980.0, {'J01': -701.4000000000001, 'top_mgr': 3}, {'J01': 14}, {'J01': 45}, 
985.0, {'J01': -680.2, 'top_mgr': 3}, {'J01': 15}, {'J01': 49}, 
990.0, {'J01': -587.2, 'top_mgr': 7}, {'J01': 15}, {'J01': 45}, 
995.0, {'J01': -574.4000000000001, 'top_mgr': 1}, {'J01': 16}, {'J01': 48}, 
1000.0, {'J01': -519.2, 'top_mgr': 1}, {'J01': 16}, {'J01': 52}, 
1005.0, {'J01': -524.4000000000001, 'top_mgr': 3}, {'J01': 17}, {'J01': 52}, 
1010.0, {'J01': -445.6000000000001, 'top_mgr': 9}, {'J01': 16}, {'J01': 48}, 
1015.0, {'J01': -395.40000000000003, 'top_mgr': 13}, {'J01': 14}, {'J01': 40}, 
1020.0, {'J01': -429.00000000000006, 'top_mgr': 7}, {'J01': 14}, {'J01': 36}, 
1025.0, {'J01': -418.40000000000003, 'top_mgr': 9}, {'J01': 12}, {'J01': 32}, 
1030.0, {'J01': -465.40000000000003, 'top_mgr': 0}, {'J01': 12}, {'J01': 35}, 
1035.0, {'J01': -517.4, 'top_mgr': 0}, {'J01': 12}, {'J01': 43}, 
1040.0, {'J01': -501.79999999999995, 'top_mgr': 8}, {'J01': 9}, {'J01': 36}, 
1045.0, {'J01': -485.0, 'top_mgr': 2}, {'J01': 9}, {'J01': 36}, 
1050.0, {'J01': -366.79999999999995, 'top_mgr': 7}, {'J01': 10}, {'J01': 36}, 
1055.0, {'J01': -404.59999999999997, 'top_mgr': 1}, {'J01': 10}, {'J01': 40}, 
1060.0, {'J01': -438.4, 'top_mgr': 3}, {'J01': 11}, {'J01': 41}, 
1065.0, {'J01': -449.3999999999999, 'top_mgr': 3}, {'J01': 11}, {'J01': 38}, 
1070.0, {'J01': -490.3999999999999, 'top_mgr': 3}, {'J01': 12}, {'J01': 43}, 
1075.0, {'J01': -527.8, 'top_mgr': 1}, {'J01': 12}, {'J01': 44}, 
1080.0, {'J01': -570.8, 'top_mgr': 0}, {'J01': 12}, {'J01': 45}, 
1085.0, {'J01': -614.8, 'top_mgr': 0}, {'J01': 12}, {'J01': 45}, 
1090.0, {'J01': -485.3999999999999, 'top_mgr': 10}, {'J01': 10}, {'J01': 36}, 
1095.0, {'J01': -457.6, 'top_mgr': 10}, {'J01': 9}, {'J01': 27}, 
1100.0, {'J01': -485.59999999999997, 'top_mgr': 8}, {'J01': 10}, {'J01': 24}, 
1105.0, {'J01': -421.4, 'top_mgr': 9}, {'J01': 12}, {'J01': 23}, 
1110.0, {'J01': -449.4, 'top_mgr': 6}, {'J01': 11}, {'J01': 26}, 
1115.0, {'J01': -351.0, 'top_mgr': 5}, {'J01': 10}, {'J01': 30}, 
1120.0, {'J01': -393.0, 'top_mgr': 1}, {'J01': 10}, {'J01': 36}, 
1125.0, {'J01': -412.2, 'top_mgr': 3}, {'J01': 10}, {'J01': 38}, 
1130.0, {'J01': -409.2, 'top_mgr': 6}, {'J01': 10}, {'J01': 32}, 
1135.0, {'J01': -395.6, 'top_mgr': 11}, {'J01': 7}, {'J01': 25}, 
1140.0, {'J01': -355.0, 'top_mgr': 7}, {'J01': 5}, {'J01': 23}, 
1145.0, {'J01': -389.8, 'top_mgr': 2}, {'J01': 5}, {'J01': 25}, 
1150.0, {'J01': -337.2, 'top_mgr': 12}, {'J01': 4}, {'J01': 17}, 
1155.0, {'J01': -344.2, 'top_mgr': 6}, {'J01': 4}, {'J01': 16}, 
1160.0, {'J01': -386.2, 'top_mgr': 0}, {'J01': 4}, {'J01': 22}, 
1165.0, {'J01': -338.8, 'top_mgr': 2}, {'J01': 6}, {'J01': 27}, 
1170.0, {'J01': -381.8, 'top_mgr': 1}, {'J01': 8}, {'J01': 34}, 
1175.0, {'J01': -422.20000000000005, 'top_mgr': 1}, {'J01': 8}, {'J01': 38}, 
1180.0, {'J01': -411.6, 'top_mgr': 3}, {'J01': 8}, {'J01': 37}, 
1185.0, {'J01': -325.4, 'top_mgr': 2}, {'J01': 8}, {'J01': 35}, 
1190.0, {'J01': -230.6, 'top_mgr': 9}, {'J01': 7}, {'J01': 29}, 
1195.0, {'J01': -255.4, 'top_mgr': 7}, {'J01': 6}, {'J01': 27}, 
1200.0, {'J01': -271.2, 'top_mgr': 2}, {'J01': 6}, {'J01': 31}, 
1205.0, {'J01': -287.6, 'top_mgr': 4}, {'J01': 7}, {'J01': 32}, 
1210.0, {'J01': -313.00000000000006, 'top_mgr': 2}, {'J01': 8}, {'J01': 34}, 
1215.0, {'J01': -350.00000000000006, 'top_mgr': 1}, {'J01': 8}, {'J01': 35}, 
1220.0, {'J01': -391.20000000000005, 'top_mgr': 0}, {'J01': 8}, {'J01': 39}, 
1225.0, {'J01': -373.40000000000003, 'top_mgr': 4}, {'J01': 8}, {'J01': 39}, 
1230.0, {'J01': -350.80000000000007, 'top_mgr': 8}, {'J01': 7}, {'J01': 35}, 
1235.0, {'J01': -353.6, 'top_mgr': 11}, {'J01': 5}, {'J01': 29}, 
1240.0, {'J01': -326.40000000000003, 'top_mgr': 11}, {'J01': 4}, {'J01': 22}, 
1245.0, {'J01': -303.40000000000003, 'top_mgr': 7}, {'J01': 4}, {'J01': 21}, 
1250.0, {'J01': -219.0, 'top_mgr': 13}, {'J01': 4}, {'J01': 16}, 
1255.0, {'J01': -261.0, 'top_mgr': 2}, {'J01': 4}, {'J01': 25}, 
1260.0, {'J01': -311.00000000000006, 'top_mgr': 0}, {'J01': 7}, {'J01': 35}, 
1265.0, {'J01': -361.00000000000006, 'top_mgr': 0}, {'J01': 8}, {'J01': 42}, 
1270.0, {'J01': -378.59999999999997, 'top_mgr': 8}, {'J01': 7}, {'J01': 36}, 
1275.0, {'J01': -412.00000000000006, 'top_mgr': 5}, {'J01': 6}, {'J01': 31}, 
1280.0, {'J01': -343.40000000000003, 'top_mgr': 8}, {'J01': 5}, {'J01': 30}, 
1285.0, {'J01': -372.2, 'top_mgr': 6}, {'J01': 5}, {'J01': 26}, 
1290.0, {'J01': -415.00000000000006, 'top_mgr': 2}, {'J01': 5}, {'J01': 31}, 
1295.0, {'J01': -391.40000000000003, 'top_mgr': 7}, {'J01': 8}, {'J01': 33}, 
1300.0, {'J01': -437.40000000000003, 'top_mgr': 2}, {'J01': 8}, {'J01': 37}, 
1305.0, {'J01': -492.40000000000003, 'top_mgr': 0}, {'J01': 8}, {'J01': 40}, 
1310.0, {'J01': -550.4, 'top_mgr': 0}, {'J01': 8}, {'J01': 46}, 
1315.0, {'J01': -561.2000000000002, 'top_mgr': 6}, {'J01': 7}, {'J01': 40}, 
1320.0, {'J01': -569.4000000000001, 'top_mgr': 11}, {'J01': 5}, {'J01': 29}, 
1325.0, {'J01': -587.8000000000001, 'top_mgr': 4}, {'J01': 4}, {'J01': 28}, 
1330.0, {'J01': -571.4, 'top_mgr': 7}, {'J01': 4}, {'J01': 22}, 
1335.0, {'J01': -606.6, 'top_mgr': 7}, {'J01': 4}, {'J01': 21}, 
1340.0, {'J01': -549.9999999999999, 'top_mgr': 6}, {'J01': 4}, {'J01': 19}, 
1345.0, {'J01': -569.1999999999999, 'top_mgr': 2}, {'J01': 4}, {'J01': 25}, 
1350.0, {'J01': -562.4000000000001, 'top_mgr': 2}, {'J01': 7}, {'J01': 33}, 
1355.0, {'J01': -585.8000000000001, 'top_mgr': 4}, {'J01': 8}, {'J01': 34}, 
1360.0, {'J01': -599.6000000000001, 'top_mgr': 3}, {'J01': 8}, {'J01': 34}, 
1365.0, {'J01': -549.6, 'top_mgr': 3}, {'J01': 8}, {'J01': 35}, 
1370.0, {'J01': -594.6, 'top_mgr': 0}, {'J01': 8}, {'J01': 36}, 
1375.0, {'J01': -643.4000000000001, 'top_mgr': 0}, {'J01': 8}, {'J01': 39}, 
1380.0, {'J01': -643.6, 'top_mgr': 4}, {'J01': 8}, {'J01': 35}, 
1385.0, {'J01': -659.8000000000001, 'top_mgr': 4}, {'J01': 8}, {'J01': 32}, 
1390.0, {'J01': -511.00000000000006, 'top_mgr': 9}, {'J01': 7}, {'J01': 26}, 
1395.0, {'J01': -486.00000000000006, 'top_mgr': 2}, {'J01': 7}, {'J01': 29}, 
1400.0, {'J01': -521.4, 'top_mgr': 3}, {'J01': 7}, {'J01': 30}, 
1405.0, {'J01': -561.2, 'top_mgr': 1}, {'J01': 8}, {'J01': 34}, 
1410.0, {'J01': -568.0, 'top_mgr': 7}, {'J01': 7}, {'J01': 34}, 
1415.0, {'J01': -547.0, 'top_mgr': 7}, {'J01': 6}, {'J01': 31}, 
1420.0, {'J01': -587.4, 'top_mgr': 1}, {'J01': 6}, {'J01': 32}, 
1425.0, {'J01': -604.6, 'top_mgr': 7}, {'J01': 5}, {'J01': 25}, 
1430.0, {'J01': -553.1999999999999, 'top_mgr': 11}, {'J01': 4}, {'J01': 18}, 
1435.0, {'J01': -368.40000000000003, 'top_mgr': 6}, {'J01': 4}, {'J01': 16}, 
1440.0, {'J01': -391.6, 'top_mgr': 1}, {'J01': 4}, {'J01': 26}, 
1445.0, {'J01': -295.0, 'top_mgr': 3}, {'J01': 6}, {'J01': 30}, 
1450.0, {'J01': -336.6, 'top_mgr': 2}, {'J01': 8}, {'J01': 33}, 
1455.0, {'J01': -265.8, 'top_mgr': 4}, {'J01': 8}, {'J01': 33}, 
1460.0, {'J01': -314.4, 'top_mgr': 0}, {'J01': 8}, {'J01': 41}, 
1465.0, {'J01': -357.0, 'top_mgr': 2}, {'J01': 8}, {'J01': 41}, 
1470.0, {'J01': -398.6, 'top_mgr': 1}, {'J01': 8}, {'J01': 41}, 
1475.0, {'J01': -444.6, 'top_mgr': 0}, {'J01': 8}, {'J01': 43}, 
1480.0, {'J01': -479.59999999999997, 'top_mgr': 3}, {'J01': 8}, {'J01': 42}, 
1485.0, {'J01': -426.6, 'top_mgr': 7}, {'J01': 8}, {'J01': 35}, 
1490.0, {'J01': -386.0, 'top_mgr': 6}, {'J01': 8}, {'J01': 34}, 
1495.0, {'J01': -326.6, 'top_mgr': 7}, {'J01': 7}, {'J01': 30}, 
1500.0, {'J01': -367.20000000000005, 'top_mgr': 2}, {'J01': 7}, {'J01': 33}, 
1505.0, {'J01': -419.80000000000007, 'top_mgr': 0}, {'J01': 7}, {'J01': 41}, 
1510.0, {'J01': -452.20000000000005, 'top_mgr': 2}, {'J01': 7}, {'J01': 39}, 
1515.0, {'J01': -459.6000000000001, 'top_mgr': 7}, {'J01': 8}, {'J01': 35}, 
1520.0, {'J01': -472.20000000000005, 'top_mgr': 3}, {'J01': 8}, {'J01': 34}, 
1525.0, {'J01': -511.40000000000003, 'top_mgr': 2}, {'J01': 8}, {'J01': 39}, 
1530.0, {'J01': -396.00000000000006, 'top_mgr': 8}, {'J01': 8}, {'J01': 36}, 
1535.0, {'J01': -350.40000000000003, 'top_mgr': 4}, {'J01': 8}, {'J01': 35}, 
1540.0, {'J01': -384.0, 'top_mgr': 2}, {'J01': 8}, {'J01': 36}, 
1545.0, {'J01': -405.2, 'top_mgr': 3}, {'J01': 8}, {'J01': 33}, 
1550.0, {'J01': -420.19999999999993, 'top_mgr': 2}, {'J01': 8}, {'J01': 38}, 
1555.0, {'J01': -397.79999999999995, 'top_mgr': 1}, {'J01': 8}, {'J01': 40}, 
1560.0, {'J01': -424.4, 'top_mgr': 4}, {'J01': 8}, {'J01': 40}, 
1565.0, {'J01': -428.59999999999997, 'top_mgr': 4}, {'J01': 8}, {'J01': 38}, 
1570.0, {'J01': -477.0, 'top_mgr': 1}, {'J01': 8}, {'J01': 43}, 
1575.0, {'J01': -494.8, 'top_mgr': 3}, {'J01': 8}, {'J01': 45}, 
1580.0, {'J01': -452.6, 'top_mgr': 15}, {'J01': 6}, {'J01': 37}, 
1585.0, {'J01': -490.79999999999995, 'top_mgr': 9}, {'J01': 5}, {'J01': 34}, 
1590.0, {'J01': -440.59999999999997, 'top_mgr': 7}, {'J01': 5}, {'J01': 31}, 
1595.0, {'J01': -477.4, 'top_mgr': 1}, {'J01': 5}, {'J01': 36}, 
1600.0, {'J01': -496.4, 'top_mgr': 6}, {'J01': 5}, {'J01': 38}, 
1605.0, {'J01': -531.4, 'top_mgr': 2}, {'J01': 8}, {'J01': 45}, 
1610.0, {'J01': -580.8, 'top_mgr': 4}, {'J01': 7}, {'J01': 47}, 
1615.0, {'J01': -362.8, 'top_mgr': 9}, {'J01': 5}, {'J01': 38}, 
1620.0, {'J01': -378.40000000000003, 'top_mgr': 12}, {'J01': 4}, {'J01': 30}, 
1625.0, {'J01': -404.6, 'top_mgr': 8}, {'J01': 4}, {'J01': 26}, 
1630.0, {'J01': -426.8, 'top_mgr': 9}, {'J01': 4}, {'J01': 25}, 
1635.0, {'J01': -345.59999999999997, 'top_mgr': 13}, {'J01': 5}, {'J01': 21}, 
1640.0, {'J01': -269.2, 'top_mgr': 4}, {'J01': 6}, {'J01': 31}, 
1645.0, {'J01': -260.4, 'top_mgr': 2}, {'J01': 7}, {'J01': 41}, 
1650.0, {'J01': -312.4, 'top_mgr': 2}, {'J01': 8}, {'J01': 45}, 
1655.0, {'J01': -368.20000000000005, 'top_mgr': 0}, {'J01': 8}, {'J01': 47}, 
1660.0, {'J01': -388.59999999999997, 'top_mgr': 5}, {'J01': 8}, {'J01': 46}, 
1665.0, {'J01': -441.59999999999997, 'top_mgr': 1}, {'J01': 8}, {'J01': 51}, 
1670.0, {'J01': -429.99999999999994, 'top_mgr': 7}, {'J01': 8}, {'J01': 47}, 
1675.0, {'J01': -370.2, 'top_mgr': 5}, {'J01': 8}, {'J01': 42}, 
1680.0, {'J01': -409.4, 'top_mgr': 3}, {'J01': 8}, {'J01': 44}, 
1685.0, {'J01': -447.0, 'top_mgr': 2}, {'J01': 8}, {'J01': 47}, 
1690.0, {'J01': -497.0, 'top_mgr': 1}, {'J01': 8}, {'J01': 49}, 
1695.0, {'J01': -504.99999999999994, 'top_mgr': 5}, {'J01': 8}, {'J01': 44}, 
1700.0, {'J01': -524.8000000000001, 'top_mgr': 3}, {'J01': 8}, {'J01': 41}, 
1705.0, {'J01': -561.4, 'top_mgr': 2}, {'J01': 8}, {'J01': 44}, 
1710.0, {'J01': -607.4, 'top_mgr': 0}, {'J01': 8}, {'J01': 48}, 
1715.0, {'J01': -643.6000000000001, 'top_mgr': 1}, {'J01': 8}, {'J01': 49}, 
1720.0, {'J01': -673.2, 'top_mgr': 5}, {'J01': 8}, {'J01': 46}, 
1725.0, {'J01': -706.2, 'top_mgr': 2}, {'J01': 8}, {'J01': 49}, 
1730.0, {'J01': -756.6, 'top_mgr': 2}, {'J01': 8}, {'J01': 53}, 
1735.0, {'J01': -783.2000000000002, 'top_mgr': 8}, {'J01': 7}, {'J01': 49}, 
1740.0, {'J01': -785.0000000000001, 'top_mgr': 5}, {'J01': 7}, {'J01': 46}, 
1745.0, {'J01': -747.4000000000001, 'top_mgr': 6}, {'J01': 7}, {'J01': 43}, 
1750.0, {'J01': -777.6000000000001, 'top_mgr': 3}, {'J01': 7}, {'J01': 44}, 
1755.0, {'J01': -802.2000000000002, 'top_mgr': 3}, {'J01': 8}, {'J01': 45}, 
1760.0, {'J01': -829.8000000000002, 'top_mgr': 1}, {'J01': 8}, {'J01': 49}, 
1765.0, {'J01': -880.8000000000002, 'top_mgr': 0}, {'J01': 8}, {'J01': 52}, 
1770.0, {'J01': -906.6, 'top_mgr': 2}, {'J01': 8}, {'J01': 51}, 
1775.0, {'J01': -745.0000000000002, 'top_mgr': 5}, {'J01': 8}, {'J01': 47}, 
1780.0, {'J01': -677.0000000000001, 'top_mgr': 6}, {'J01': 9}, {'J01': 46}, 
1785.0, {'J01': -545.8, 'top_mgr': 6}, {'J01': 10}, {'J01': 43}, 
1790.0, {'J01': -560.6, 'top_mgr': 4}, {'J01': 11}, {'J01': 44}, 
1795.0, {'J01': -565.8000000000001, 'top_mgr': 4}, {'J01': 11}, {'J01': 40}, 
1800.0, {'J01': -597.2, 'top_mgr': 9}, {'J01': 9}, {'J01': 38}, 
1805.0, {'J01': -615.4000000000001, 'top_mgr': 13}, {'J01': 6}, {'J01': 30}, 
1810.0, {'J01': -645.6000000000001, 'top_mgr': 6}, {'J01': 7}, {'J01': 27}, 
1815.0, {'J01': -417.2, 'top_mgr': 8}, {'J01': 9}, {'J01': 25}, 
1820.0, {'J01': -380.6, 'top_mgr': 7}, {'J01': 8}, {'J01': 29}, 
1825.0, {'J01': -358.6, 'top_mgr': 5}, {'J01': 8}, {'J01': 31}, 
1830.0, {'J01': -392.0, 'top_mgr': 3}, {'J01': 10}, {'J01': 38}, 
1835.0, {'J01': -427.4000000000001, 'top_mgr': 4}, {'J01': 11}, {'J01': 40}, 
1840.0, {'J01': -417.80000000000007, 'top_mgr': 4}, {'J01': 11}, {'J01': 38}, 
1845.0, {'J01': -372.80000000000007, 'top_mgr': 2}, {'J01': 11}, {'J01': 42}, 
1850.0, {'J01': -404.0000000000001, 'top_mgr': 1}, {'J01': 12}, {'J01': 42}, 
1855.0, {'J01': -411.6, 'top_mgr': 3}, {'J01': 12}, {'J01': 43}, 
1860.0, {'J01': -422.80000000000007, 'top_mgr': 4}, {'J01': 12}, {'J01': 41}, 
1865.0, {'J01': -437.4000000000001, 'top_mgr': 11}, {'J01': 9}, {'J01': 34}, 
1870.0, {'J01': -455.20000000000005, 'top_mgr': 9}, {'J01': 6}, {'J01': 27}, 
1875.0, {'J01': -474.80000000000007, 'top_mgr': 9}, {'J01': 4}, {'J01': 21}, 
1880.0, {'J01': -427.20000000000005, 'top_mgr': 9}, {'J01': 4}, {'J01': 17}, 
1885.0, {'J01': -454.6, 'top_mgr': 8}, {'J01': 5}, {'J01': 19}, 
1890.0, {'J01': -483.6, 'top_mgr': 8}, {'J01': 6}, {'J01': 20}, 
1895.0, {'J01': -416.2, 'top_mgr': 6}, {'J01': 6}, {'J01': 20}, 
1900.0, {'J01': -322.59999999999997, 'top_mgr': 3}, {'J01': 5}, {'J01': 25}, 
1905.0, {'J01': -365.4, 'top_mgr': 2}, {'J01': 7}, {'J01': 34}, 
1910.0, {'J01': -415.6, 'top_mgr': 1}, {'J01': 8}, {'J01': 42}, 
1915.0, {'J01': -447.40000000000003, 'top_mgr': 5}, {'J01': 8}, {'J01': 39}, 
1920.0, {'J01': -439.00000000000006, 'top_mgr': 2}, {'J01': 8}, {'J01': 39}, 
1925.0, {'J01': -455.6000000000001, 'top_mgr': 4}, {'J01': 9}, {'J01': 41}, 
1930.0, {'J01': -495.6000000000001, 'top_mgr': 2}, {'J01': 9}, {'J01': 41}, 
1935.0, {'J01': -489.2, 'top_mgr': 5}, {'J01': 9}, {'J01': 38}, 
1940.0, {'J01': -501.40000000000003, 'top_mgr': 4}, {'J01': 10}, {'J01': 37}, 
1945.0, {'J01': -533.4, 'top_mgr': 6}, {'J01': 10}, {'J01': 37}, 
1950.0, {'J01': -533.6, 'top_mgr': 9}, {'J01': 7}, {'J01': 30}, 
1955.0, {'J01': -554.6, 'top_mgr': 6}, {'J01': 7}, {'J01': 26}, 
1960.0, {'J01': -574.4, 'top_mgr': 10}, {'J01': 7}, {'J01': 21}, 
1965.0, {'J01': -443.6, 'top_mgr': 7}, {'J01': 6}, {'J01': 18}, 
1970.0, {'J01': -486.6, 'top_mgr': 0}, {'J01': 6}, {'J01': 25}, 
1975.0, {'J01': -535.8, 'top_mgr': 1}, {'J01': 8}, {'J01': 38}, 
1980.0, {'J01': -586.6, 'top_mgr': 1}, {'J01': 8}, {'J01': 43}, 
1985.0, {'J01': -643.6, 'top_mgr': 0}, {'J01': 8}, {'J01': 48}, 
1990.0, {'J01': -697.6, 'top_mgr': 0}, {'J01': 9}, {'J01': 50}, 
1995.0, {'J01': -749.6, 'top_mgr': 0}, {'J01': 9}, {'J01': 50}, 
2000.0, {'J01': -729.6, 'top_mgr': 3}, {'J01': 10}, {'J01': 52}, 
2005.0, {'J01': -777.6, 'top_mgr': 1}, {'J01': 10}, {'J01': 52}, 
2010.0, {'J01': -717.4000000000002, 'top_mgr': 4}, {'J01': 8}, {'J01': 49}, 
2015.0, {'J01': -678.8000000000002, 'top_mgr': 4}, {'J01': 7}, {'J01': 45}, 
2020.0, {'J01': -697.4000000000001, 'top_mgr': 5}, {'J01': 7}, {'J01': 40}, 
2025.0, {'J01': -733.4000000000001, 'top_mgr': 2}, {'J01': 8}, {'J01': 43}, 
2030.0, {'J01': -778.6000000000001, 'top_mgr': 1}, {'J01': 9}, {'J01': 47}, 
2035.0, {'J01': -708.4000000000002, 'top_mgr': 4}, {'J01': 9}, {'J01': 43}, 
2040.0, {'J01': -700.0000000000001, 'top_mgr': 5}, {'J01': 9}, {'J01': 41}, 
2045.0, {'J01': -678.4, 'top_mgr': 12}, {'J01': 6}, {'J01': 34}, 
2050.0, {'J01': -692.2, 'top_mgr': 7}, {'J01': 5}, {'J01': 32}, 
2055.0, {'J01': -661.4, 'top_mgr': 9}, {'J01': 5}, {'J01': 25}, 
2060.0, {'J01': -605.4, 'top_mgr': 9}, {'J01': 5}, {'J01': 20}, 
2065.0, {'J01': -573.2, 'top_mgr': 5}, {'J01': 5}, {'J01': 19}, 
2070.0, {'J01': -601.2, 'top_mgr': 8}, {'J01': 5}, {'J01': 19}, 
2075.0, {'J01': -622.6, 'top_mgr': 4}, {'J01': 7}, {'J01': 21}, 
2080.0, {'J01': -644.6, 'top_mgr': 5}, {'J01': 7}, {'J01': 20}, 
2085.0, {'J01': -636.6, 'top_mgr': 5}, {'J01': 7}, {'J01': 20}, 
2090.0, {'J01': -655.2, 'top_mgr': 5}, {'J01': 7}, {'J01': 20}, 
2095.0, {'J01': -676.4000000000001, 'top_mgr': 3}, {'J01': 7}, {'J01': 21}, 
2100.0, {'J01': -701.4000000000001, 'top_mgr': 6}, {'J01': 7}, {'J01': 22}, 
2105.0, {'J01': -725.4000000000001, 'top_mgr': 6}, {'J01': 7}, {'J01': 22}, 
2110.0, {'J01': -753.0000000000001, 'top_mgr': 9}, {'J01': 8}, {'J01': 24}, 
2115.0, {'J01': -551.1999999999999, 'top_mgr': 8}, {'J01': 6}, {'J01': 23}, 
2120.0, {'J01': -436.4, 'top_mgr': 7}, {'J01': 4}, {'J01': 24}, 
2125.0, {'J01': -470.40000000000003, 'top_mgr': 3}, {'J01': 7}, {'J01': 31}, 
2130.0, {'J01': -505.79999999999995, 'top_mgr': 1}, {'J01': 8}, {'J01': 33}, 
2135.0, {'J01': -531.8, 'top_mgr': 3}, {'J01': 8}, {'J01': 39}, 
2140.0, {'J01': -545.8, 'top_mgr': 6}, {'J01': 8}, {'J01': 34}, 
2145.0, {'J01': -573.5999999999999, 'top_mgr': 3}, {'J01': 8}, {'J01': 37}, 
2150.0, {'J01': -620.5999999999999, 'top_mgr': 0}, {'J01': 8}, {'J01': 40}, 
2155.0, {'J01': -670.1999999999999, 'top_mgr': 0}, {'J01': 8}, {'J01': 44}, 
2160.0, {'J01': -686.4, 'top_mgr': 6}, {'J01': 7}, {'J01': 39}, 
2165.0, {'J01': -608.9999999999999, 'top_mgr': 5}, {'J01': 7}, {'J01': 38}, 
2170.0, {'J01': -661.6, 'top_mgr': 0}, {'J01': 7}, {'J01': 42}, 
2175.0, {'J01': -711.8000000000001, 'top_mgr': 3}, {'J01': 8}, {'J01': 42}, 
2180.0, {'J01': -440.59999999999997, 'top_mgr': 9}, {'J01': 8}, {'J01': 38}, 
2185.0, {'J01': -413.59999999999997, 'top_mgr': 3}, {'J01': 8}, {'J01': 42}, 
2190.0, {'J01': -412.2, 'top_mgr': 2}, {'J01': 8}, {'J01': 43}, 
2195.0, {'J01': -442.2, 'top_mgr': 3}, {'J01': 8}, {'J01': 42}, 
2200.0, {'J01': -415.0, 'top_mgr': 4}, {'J01': 8}, {'J01': 41}, 
2205.0, {'J01': -444.2, 'top_mgr': 1}, {'J01': 8}, {'J01': 42}, 
2210.0, {'J01': -399.8, 'top_mgr': 8}, {'J01': 8}, {'J01': 35}, 
2215.0, {'J01': -436.59999999999997, 'top_mgr': 3}, {'J01': 8}, {'J01': 39}, 
2220.0, {'J01': -447.59999999999997, 'top_mgr': 5}, {'J01': 8}, {'J01': 36}, 
2225.0, {'J01': -488.20000000000005, 'top_mgr': 2}, {'J01': 8}, {'J01': 37}, 
2230.0, {'J01': -537.6, 'top_mgr': 1}, {'J01': 8}, {'J01': 42}, 
2235.0, {'J01': -591.2, 'top_mgr': 0}, {'J01': 8}, {'J01': 46}, 
2240.0, {'J01': -609.8000000000001, 'top_mgr': 1}, {'J01': 8}, {'J01': 49}, 
2245.0, {'J01': -572.8000000000001, 'top_mgr': 10}, {'J01': 7}, {'J01': 40}, 
2250.0, {'J01': -554.0000000000001, 'top_mgr': 12}, {'J01': 5}, {'J01': 31}, 
2255.0, {'J01': -580.2, 'top_mgr': 8}, {'J01': 5}, {'J01': 27}, 
2260.0, {'J01': -474.00000000000006, 'top_mgr': 9}, {'J01': 5}, {'J01': 21}, 
2265.0, {'J01': -438.8, 'top_mgr': 12}, {'J01': 5}, {'J01': 22}, 
2270.0, {'J01': -371.4000000000001, 'top_mgr': 6}, {'J01': 5}, {'J01': 22}, 
2275.0, {'J01': -399.40000000000003, 'top_mgr': 5}, {'J01': 5}, {'J01': 20}, 
2280.0, {'J01': -359.0, 'top_mgr': 6}, {'J01': 5}, {'J01': 20}, 
2285.0, {'J01': -347.6, 'top_mgr': 3}, {'J01': 4}, {'J01': 20}, 
2290.0, {'J01': -388.8, 'top_mgr': 2}, {'J01': 3}, {'J01': 25}, 
2295.0, {'J01': -391.6, 'top_mgr': 2}, {'J01': 7}, {'J01': 33}, 
2300.0, {'J01': -410.00000000000006, 'top_mgr': 3}, {'J01': 8}, {'J01': 36}, 
2305.0, {'J01': -324.80000000000007, 'top_mgr': 3}, {'J01': 8}, {'J01': 34}, 
2310.0, {'J01': -326.00000000000006, 'top_mgr': 1}, {'J01': 8}, {'J01': 37}, 
2315.0, {'J01': -370.40000000000003, 'top_mgr': 1}, {'J01': 8}, {'J01': 38}, 
2320.0, {'J01': -425.6, 'top_mgr': 0}, {'J01': 8}, {'J01': 44}, 
2325.0, {'J01': -481.6000000000001, 'top_mgr': 0}, {'J01': 8}, {'J01': 48}, 
2330.0, {'J01': -529.0, 'top_mgr': 1}, {'J01': 8}, {'J01': 50}, 
2335.0, {'J01': -543.4, 'top_mgr': 5}, {'J01': 8}, {'J01': 46}, 
2340.0, {'J01': -573.0, 'top_mgr': 5}, {'J01': 8}, {'J01': 43}, 
2345.0, {'J01': -567.6, 'top_mgr': 6}, {'J01': 8}, {'J01': 39}, 
2350.0, {'J01': -453.00000000000006, 'top_mgr': 4}, {'J01': 8}, {'J01': 38}, 
2355.0, {'J01': -451.8, 'top_mgr': 3}, {'J01': 8}, {'J01': 39}, 
2360.0, {'J01': -386.40000000000003, 'top_mgr': 2}, {'J01': 8}, {'J01': 38}, 
2365.0, {'J01': -427.2, 'top_mgr': 1}, {'J01': 8}, {'J01': 39}, 
2370.0, {'J01': -363.6000000000001, 'top_mgr': 11}, {'J01': 6}, {'J01': 30}, 
2375.0, {'J01': -342.00000000000006, 'top_mgr': 9}, {'J01': 6}, {'J01': 25}, 
2380.0, {'J01': -386.6, 'top_mgr': 0}, {'J01': 6}, {'J01': 29}, 
2385.0, {'J01': -425.6, 'top_mgr': 1}, {'J01': 7}, {'J01': 34}, 
2390.0, {'J01': -369.59999999999997, 'top_mgr': 7}, {'J01': 7}, {'J01': 30}, 
2395.0, {'J01': -354.4, 'top_mgr': 10}, {'J01': 6}, {'J01': 22}, 
2400.0, {'J01': -315.8, 'top_mgr': 11}, {'J01': 5}, {'J01': 17}, 
2405.0, {'J01': -244.0, 'top_mgr': 10}, {'J01': 5}, {'J01': 14}, 
2410.0, {'J01': -239.8, 'top_mgr': 8}, {'J01': 5}, {'J01': 14}, 
2415.0, {'J01': -264.00000000000006, 'top_mgr': 3}, {'J01': 5}, {'J01': 20}, 
2420.0, {'J01': -311.2, 'top_mgr': 0}, {'J01': 5}, {'J01': 26}, 
2425.0, {'J01': -352.59999999999997, 'top_mgr': 4}, {'J01': 6}, {'J01': 33}, 
2430.0, {'J01': -273.40000000000003, 'top_mgr': 7}, {'J01': 8}, {'J01': 38}, 
2435.0, {'J01': -215.6, 'top_mgr': 6}, {'J01': 8}, {'J01': 37}, 
2440.0, {'J01': -164.0, 'top_mgr': 4}, {'J01': 8}, {'J01': 40}, 
2445.0, {'J01': -195.20000000000002, 'top_mgr': 3}, {'J01': 8}, {'J01': 39}, 
2450.0, {'J01': -239.20000000000005, 'top_mgr': 0}, {'J01': 8}, {'J01': 44}, 
2455.0, {'J01': -281.59999999999997, 'top_mgr': 1}, {'J01': 8}, {'J01': 47}, 
2460.0, {'J01': -295.99999999999994, 'top_mgr': 6}, {'J01': 8}, {'J01': 42}, 
2465.0, {'J01': -309.0, 'top_mgr': 7}, {'J01': 8}, {'J01': 37}, 
2470.0, {'J01': -287.99999999999994, 'top_mgr': 2}, {'J01': 8}, {'J01': 36}, 
2475.0, {'J01': -329.80000000000007, 'top_mgr': 3}, {'J01': 8}, {'J01': 37}, 
2480.0, {'J01': -357.99999999999994, 'top_mgr': 5}, {'J01': 9}, {'J01': 39}, 
2485.0, {'J01': -402.59999999999997, 'top_mgr': 0}, {'J01': 10}, {'J01': 43}, 
2490.0, {'J01': -438.79999999999995, 'top_mgr': 3}, {'J01': 12}, {'J01': 43}, 
2495.0, {'J01': -478.0, 'top_mgr': 2}, {'J01': 12}, {'J01': 44}, 
2500.0, {'J01': -418.59999999999997, 'top_mgr': 8}, {'J01': 10}, {'J01': 36}, 
2505.0, {'J01': -430.99999999999994, 'top_mgr': 13}, {'J01': 6}, {'J01': 29}, 
2510.0, {'J01': -413.4, 'top_mgr': 13}, {'J01': 4}, {'J01': 20}, 
2515.0, {'J01': -347.79999999999995, 'top_mgr': 6}, {'J01': 4}, {'J01': 19}, 
2520.0, {'J01': -341.6, 'top_mgr': 4}, {'J01': 3}, {'J01': 21}, 
2525.0, {'J01': -328.99999999999994, 'top_mgr': 2}, {'J01': 6}, {'J01': 27}, 
2530.0, {'J01': -359.6, 'top_mgr': 4}, {'J01': 8}, {'J01': 29}, 
2535.0, {'J01': -374.59999999999997, 'top_mgr': 6}, {'J01': 8}, {'J01': 30}, 
2540.0, {'J01': -355.59999999999997, 'top_mgr': 2}, {'J01': 8}, {'J01': 34}, 
2545.0, {'J01': -346.4, 'top_mgr': 7}, {'J01': 7}, {'J01': 31}, 
2550.0, {'J01': -324.59999999999997, 'top_mgr': 8}, {'J01': 4}, {'J01': 25}, 
2555.0, {'J01': -277.6, 'top_mgr': 10}, {'J01': 3}, {'J01': 21}, 
2560.0, {'J01': -316.0, 'top_mgr': 2}, {'J01': 3}, {'J01': 23}, 
2565.0, {'J01': -348.2, 'top_mgr': 1}, {'J01': 6}, {'J01': 28}, 
2570.0, {'J01': -396.4, 'top_mgr': 1}, {'J01': 6}, {'J01': 35}, 
2575.0, {'J01': -449.4, 'top_mgr': 0}, {'J01': 8}, {'J01': 40}, 
2580.0, {'J01': -460.4, 'top_mgr': 4}, {'J01': 7}, {'J01': 40}, 
2585.0, {'J01': -476.4, 'top_mgr': 10}, {'J01': 6}, {'J01': 30}, 
2590.0, {'J01': -406.4, 'top_mgr': 4}, {'J01': 5}, {'J01': 27}, 
2595.0, {'J01': -376.4, 'top_mgr': 4}, {'J01': 5}, {'J01': 23}, 
2600.0, {'J01': -368.6, 'top_mgr': 6}, {'J01': 4}, {'J01': 26}, 
2605.0, {'J01': -406.40000000000003, 'top_mgr': 2}, {'J01': 4}, {'J01': 28}, 
2610.0, {'J01': -410.8, 'top_mgr': 3}, {'J01': 6}, {'J01': 30}, 
2615.0, {'J01': -454.40000000000003, 'top_mgr': 2}, {'J01': 8}, {'J01': 37}, 
2620.0, {'J01': -481.00000000000006, 'top_mgr': 6}, {'J01': 8}, {'J01': 34}, 
2625.0, {'J01': -482.8, 'top_mgr': 4}, {'J01': 8}, {'J01': 31}, 
2630.0, {'J01': -496.8, 'top_mgr': 7}, {'J01': 7}, {'J01': 30}, 
2635.0, {'J01': -460.2, 'top_mgr': 9}, {'J01': 4}, {'J01': 26}, 
2640.0, {'J01': -486.8, 'top_mgr': 6}, {'J01': 4}, {'J01': 23}, 
2645.0, {'J01': -470.00000000000006, 'top_mgr': 5}, {'J01': 5}, {'J01': 22}, 
2650.0, {'J01': -472.00000000000006, 'top_mgr': 9}, {'J01': 5}, {'J01': 22}, 
2655.0, {'J01': -491.20000000000005, 'top_mgr': 2}, {'J01': 5}, {'J01': 26}, 
2660.0, {'J01': -514.4000000000001, 'top_mgr': 5}, {'J01': 5}, {'J01': 24}, 
2665.0, {'J01': -548.4000000000001, 'top_mgr': 4}, {'J01': 6}, {'J01': 31}, 
2670.0, {'J01': -585.4000000000001, 'top_mgr': 3}, {'J01': 8}, {'J01': 36}, 
2675.0, {'J01': -587.1999999999999, 'top_mgr': 7}, {'J01': 7}, {'J01': 33}, 
2680.0, {'J01': -618.8000000000001, 'top_mgr': 5}, {'J01': 6}, {'J01': 33}, 
2685.0, {'J01': -628.0, 'top_mgr': 5}, {'J01': 6}, {'J01': 32}, 
2690.0, {'J01': -651.2, 'top_mgr': 7}, {'J01': 6}, {'J01': 27}, 
2695.0, {'J01': -665.5999999999998, 'top_mgr': 4}, {'J01': 6}, {'J01': 26}, 
2700.0, {'J01': -710.5999999999998, 'top_mgr': 1}, {'J01': 6}, {'J01': 30}, 
2705.0, {'J01': -763.5999999999999, 'top_mgr': 1}, {'J01': 7}, {'J01': 41}, 
2710.0, {'J01': -791.2, 'top_mgr': 3}, {'J01': 8}, {'J01': 42}, 
2715.0, {'J01': -800.8000000000001, 'top_mgr': 8}, {'J01': 7}, {'J01': 35}, 
2720.0, {'J01': -820.6, 'top_mgr': 2}, {'J01': 7}, {'J01': 35}, 
2725.0, {'J01': -816.6, 'top_mgr': 1}, {'J01': 7}, {'J01': 39}, 
2730.0, {'J01': -820.8, 'top_mgr': 7}, {'J01': 6}, {'J01': 35}, 
2735.0, {'J01': -780.8, 'top_mgr': 11}, {'J01': 6}, {'J01': 26}, 
2740.0, {'J01': -789.1999999999999, 'top_mgr': 7}, {'J01': 6}, {'J01': 21}, 
2745.0, {'J01': -481.00000000000006, 'top_mgr': 9}, {'J01': 4}, {'J01': 17}, 
2750.0, {'J01': -350.8, 'top_mgr': 4}, {'J01': 3}, {'J01': 21}, 
2755.0, {'J01': -386.59999999999997, 'top_mgr': 1}, {'J01': 6}, {'J01': 28}, 
2760.0, {'J01': -429.8, 'top_mgr': 0}, {'J01': 8}, {'J01': 34}, 
2765.0, {'J01': -431.2, 'top_mgr': 5}, {'J01': 8}, {'J01': 31}, 
2770.0, {'J01': -477.2, 'top_mgr': 0}, {'J01': 8}, {'J01': 36}, 
2775.0, {'J01': -523.4, 'top_mgr': 1}, {'J01': 8}, {'J01': 39}, 
2780.0, {'J01': -528.6, 'top_mgr': 3}, {'J01': 8}, {'J01': 39}, 
2785.0, {'J01': -553.4, 'top_mgr': 3}, {'J01': 8}, {'J01': 37}, 
2790.0, {'J01': -532.6, 'top_mgr': 7}, {'J01': 8}, {'J01': 36}, 
2795.0, {'J01': -528.0, 'top_mgr': 10}, {'J01': 6}, {'J01': 29}, 
2800.0, {'J01': -555.6, 'top_mgr': 8}, {'J01': 5}, {'J01': 26}, 
2805.0, {'J01': -581.8000000000001, 'top_mgr': 8}, {'J01': 5}, {'J01': 20}, 
2810.0, {'J01': -599.0000000000001, 'top_mgr': 2}, {'J01': 5}, {'J01': 21}, 
2815.0, {'J01': -655.0000000000001, 'top_mgr': 0}, {'J01': 5}, {'J01': 31}, 
2820.0, {'J01': -710.0000000000001, 'top_mgr': 0}, {'J01': 7}, {'J01': 38}, 
2825.0, {'J01': -644.4000000000002, 'top_mgr': 10}, {'J01': 6}, {'J01': 32}, 
2830.0, {'J01': -351.00000000000006, 'top_mgr': 8}, {'J01': 6}, {'J01': 25}, 
2835.0, {'J01': -390.40000000000003, 'top_mgr': 0}, {'J01': 6}, {'J01': 28}, 
2840.0, {'J01': -441.8, 'top_mgr': 0}, {'J01': 7}, {'J01': 37}, 
2845.0, {'J01': -492.8, 'top_mgr': 0}, {'J01': 8}, {'J01': 40}, 
2850.0, {'J01': -541.8, 'top_mgr': 0}, {'J01': 8}, {'J01': 41}, 
2855.0, {'J01': -425.6, 'top_mgr': 6}, {'J01': 8}, {'J01': 35}, 
2860.0, {'J01': -448.40000000000003, 'top_mgr': 2}, {'J01': 8}, {'J01': 35}, 
2865.0, {'J01': -488.20000000000005, 'top_mgr': 2}, {'J01': 8}, {'J01': 35}, 
2870.0, {'J01': -426.20000000000005, 'top_mgr': 6}, {'J01': 7}, {'J01': 31}, 
2875.0, {'J01': -435.20000000000005, 'top_mgr': 6}, {'J01': 7}, {'J01': 29}, 
2880.0, {'J01': -441.6, 'top_mgr': 5}, {'J01': 7}, {'J01': 29}, 
2885.0, {'J01': -450.6000000000001, 'top_mgr': 9}, {'J01': 6}, {'J01': 26}, 
2890.0, {'J01': -472.00000000000006, 'top_mgr': 9}, {'J01': 4}, {'J01': 22}, 
2895.0, {'J01': -475.80000000000007, 'top_mgr': 5}, {'J01': 4}, {'J01': 20}, 
2900.0, {'J01': -514.2, 'top_mgr': 3}, {'J01': 4}, {'J01': 21}, 
2905.0, {'J01': -496.80000000000007, 'top_mgr': 3}, {'J01': 6}, {'J01': 31}, 
2910.0, {'J01': -497.00000000000006, 'top_mgr': 2}, {'J01': 8}, {'J01': 37}, 
2915.0, {'J01': -533.2, 'top_mgr': 2}, {'J01': 8}, {'J01': 40}, 
2920.0, {'J01': -537.4000000000001, 'top_mgr': 2}, {'J01': 8}, {'J01': 42}, 
2925.0, {'J01': -556.8, 'top_mgr': 5}, {'J01': 8}, {'J01': 38}, 
2930.0, {'J01': -436.20000000000005, 'top_mgr': 7}, {'J01': 8}, {'J01': 34}, 
2935.0, {'J01': -405.6, 'top_mgr': 2}, {'J01': 8}, {'J01': 35}, 
2940.0, {'J01': -430.0, 'top_mgr': 2}, {'J01': 8}, {'J01': 36}, 
2945.0, {'J01': -440.40000000000003, 'top_mgr': 2}, {'J01': 8}, {'J01': 38}, 
2950.0, {'J01': -378.4, 'top_mgr': 10}, {'J01': 7}, {'J01': 30}, 
2955.0, {'J01': -286.40000000000003, 'top_mgr': 7}, {'J01': 6}, {'J01': 25}, 
2960.0, {'J01': -281.00000000000006, 'top_mgr': 6}, {'J01': 5}, {'J01': 25}, 
2965.0, {'J01': -308.40000000000003, 'top_mgr': 4}, {'J01': 5}, {'J01': 25}, 
2970.0, {'J01': -349.4000000000001, 'top_mgr': 5}, {'J01': 5}, {'J01': 26}, 
2975.0, {'J01': -402.6000000000001, 'top_mgr': 3}, {'J01': 4}, {'J01': 30}, 
2980.0, {'J01': -423.80000000000007, 'top_mgr': 4}, {'J01': 6}, {'J01': 35}, 
2985.0, {'J01': -471.6000000000001, 'top_mgr': 1}, {'J01': 8}, {'J01': 39}, 
2990.0, {'J01': -529.6, 'top_mgr': 0}, {'J01': 8}, {'J01': 41}, 
2995.0, {'J01': -587.6, 'top_mgr': 0}, {'J01': 8}, {'J01': 43}, 
3000.0, {'J01': -590.8, 'top_mgr': 10}, {'J01': 6}, {'J01': 34}, 
3005.0, {'J01': -479.00000000000006, 'top_mgr': 9}, {'J01': 4}, {'J01': 27}, 
3010.0, {'J01': -512.8000000000001, 'top_mgr': 9}, {'J01': 4}, {'J01': 23}, 
3015.0, {'J01': -455.20000000000005, 'top_mgr': 8}, {'J01': 4}, {'J01': 21}, 
3020.0, {'J01': -308.2, 'top_mgr': 4}, {'J01': 4}, {'J01': 26}, 
3025.0, {'J01': -321.40000000000003, 'top_mgr': 3}, {'J01': 6}, {'J01': 29}, 
3030.0, {'J01': -336.2, 'top_mgr': 2}, {'J01': 7}, {'J01': 33}, 
3035.0, {'J01': -371.59999999999997, 'top_mgr': 2}, {'J01': 8}, {'J01': 34}, 
3040.0, {'J01': -416.99999999999994, 'top_mgr': 3}, {'J01': 8}, {'J01': 37}, 
3045.0, {'J01': -443.59999999999997, 'top_mgr': 2}, {'J01': 8}, {'J01': 36}, 
3050.0, {'J01': -461.00000000000006, 'top_mgr': 3}, {'J01': 8}, {'J01': 34}, 
3055.0, {'J01': -469.40000000000003, 'top_mgr': 5}, {'J01': 8}, {'J01': 33}, 
3060.0, {'J01': -488.00000000000006, 'top_mgr': 2}, {'J01': 8}, {'J01': 35}, 
3065.0, {'J01': -525.6, 'top_mgr': 1}, {'J01': 8}, {'J01': 36}, 
3070.0, {'J01': -573.4, 'top_mgr': 0}, {'J01': 8}, {'J01': 42}, 
3075.0, {'J01': -521.6, 'top_mgr': 10}, {'J01': 7}, {'J01': 32}, 
3080.0, {'J01': -511.40000000000003, 'top_mgr': 12}, {'J01': 4}, {'J01': 23}, 
3085.0, {'J01': -515.4000000000001, 'top_mgr': 5}, {'J01': 4}, {'J01': 20}, 
3090.0, {'J01': -544.0, 'top_mgr': 4}, {'J01': 4}, {'J01': 20}, 
3095.0, {'J01': -575.4, 'top_mgr': 3}, {'J01': 6}, {'J01': 22}, 
3100.0, {'J01': -543.5999999999999, 'top_mgr': 4}, {'J01': 4}, {'J01': 19}, 
3105.0, {'J01': -519.4, 'top_mgr': 8}, {'J01': 4}, {'J01': 16}, 
3110.0, {'J01': -535.0, 'top_mgr': 4}, {'J01': 4}, {'J01': 16}, 
3115.0, {'J01': -559.0, 'top_mgr': 8}, {'J01': 4}, {'J01': 16}, 
3120.0, {'J01': -535.0, 'top_mgr': 4}, {'J01': 4}, {'J01': 16}, 
3125.0, {'J01': -558.8, 'top_mgr': 3}, {'J01': 4}, {'J01': 19}, 
3130.0, {'J01': -598.8000000000001, 'top_mgr': 2}, {'J01': 5}, {'J01': 26}, 
3135.0, {'J01': -641.8000000000001, 'top_mgr': 2}, {'J01': 8}, {'J01': 33}, 
3140.0, {'J01': -650.4000000000001, 'top_mgr': 6}, {'J01': 6}, {'J01': 30}, 
3145.0, {'J01': -657.2, 'top_mgr': 6}, {'J01': 5}, {'J01': 28}, 
3150.0, {'J01': -688.6, 'top_mgr': 2}, {'J01': 5}, {'J01': 29}, 
3155.0, {'J01': -702.2, 'top_mgr': 7}, {'J01': 6}, {'J01': 31}, 
3160.0, {'J01': -757.6, 'top_mgr': 0}, {'J01': 8}, {'J01': 42}, 
3165.0, {'J01': -814.6, 'top_mgr': 0}, {'J01': 8}, {'J01': 49}, 
3170.0, {'J01': -398.2, 'top_mgr': 8}, {'J01': 8}, {'J01': 43}, 
3175.0, {'J01': -412.6, 'top_mgr': 2}, {'J01': 9}, {'J01': 47}, 
3180.0, {'J01': -467.79999999999995, 'top_mgr': 1}, {'J01': 11}, {'J01': 55}, 
3185.0, {'J01': -485.2, 'top_mgr': 10}, {'J01': 10}, {'J01': 49}, 
3190.0, {'J01': -471.0, 'top_mgr': 15}, {'J01': 5}, {'J01': 35}, 
3195.0, {'J01': -406.8, 'top_mgr': 11}, {'J01': 4}, {'J01': 28}, 
3200.0, {'J01': -411.6, 'top_mgr': 3}, {'J01': 6}, {'J01': 30}, 
3205.0, {'J01': -452.20000000000005, 'top_mgr': 3}, {'J01': 7}, {'J01': 39}, 
3210.0, {'J01': -356.6, 'top_mgr': 1}, {'J01': 8}, {'J01': 46}, 
3215.0, {'J01': -400.59999999999997, 'top_mgr': 2}, {'J01': 8}, {'J01': 46}, 
3220.0, {'J01': -403.2, 'top_mgr': 3}, {'J01': 8}, {'J01': 45}, 
3225.0, {'J01': -416.79999999999995, 'top_mgr': 4}, {'J01': 8}, {'J01': 42}, 
3230.0, {'J01': -429.0, 'top_mgr': 2}, {'J01': 8}, {'J01': 46}, 
3235.0, {'J01': -434.4, 'top_mgr': 2}, {'J01': 8}, {'J01': 45}, 
3240.0, {'J01': -477.59999999999997, 'top_mgr': 0}, {'J01': 9}, {'J01': 48}, 
3245.0, {'J01': -494.6, 'top_mgr': 3}, {'J01': 10}, {'J01': 48}, 
3250.0, {'J01': -520.4000000000001, 'top_mgr': 1}, {'J01': 11}, {'J01': 49}, 
3255.0, {'J01': -564.8000000000001, 'top_mgr': 1}, {'J01': 12}, {'J01': 52}, 
3260.0, {'J01': -583.6000000000001, 'top_mgr': 3}, {'J01': 12}, {'J01': 51}, 
3265.0, {'J01': -587.6000000000001, 'top_mgr': 5}, {'J01': 12}, {'J01': 49}, 
3270.0, {'J01': -594.8000000000001, 'top_mgr': 3}, {'J01': 13}, {'J01': 51}, 
3275.0, {'J01': -638.6, 'top_mgr': 3}, {'J01': 13}, {'J01': 54}, 
3280.0, {'J01': -682.6, 'top_mgr': 0}, {'J01': 13}, {'J01': 54}, 
3285.0, {'J01': -719.2, 'top_mgr': 2}, {'J01': 13}, {'J01': 53}, 
3290.0, {'J01': -748.6000000000001, 'top_mgr': 7}, {'J01': 14}, {'J01': 47}, 
3295.0, {'J01': -569.6, 'top_mgr': 10}, {'J01': 13}, {'J01': 39}, 
3300.0, {'J01': -580.6, 'top_mgr': 2}, {'J01': 14}, {'J01': 43}, 
3305.0, {'J01': -632.6, 'top_mgr': 0}, {'J01': 14}, {'J01': 47}, 
3310.0, {'J01': -630.6000000000001, 'top_mgr': 6}, {'J01': 12}, {'J01': 51}, 
3315.0, {'J01': -636.6, 'top_mgr': 10}, {'J01': 10}, {'J01': 43}, 
3320.0, {'J01': -621.6000000000001, 'top_mgr': 7}, {'J01': 7}, {'J01': 39}, 
3325.0, {'J01': -670.4000000000001, 'top_mgr': 1}, {'J01': 7}, {'J01': 40}, 
3330.0, {'J01': -638.4000000000001, 'top_mgr': 6}, {'J01': 9}, {'J01': 43}, 
3335.0, {'J01': -549.8, 'top_mgr': 11}, {'J01': 6}, {'J01': 35}, 
3340.0, {'J01': -549.8000000000001, 'top_mgr': 11}, {'J01': 5}, {'J01': 28}, 
3345.0, {'J01': -570.2, 'top_mgr': 6}, {'J01': 5}, {'J01': 28}, 
3350.0, {'J01': -534.0, 'top_mgr': 6}, {'J01': 5}, {'J01': 30}, 
3355.0, {'J01': -491.0, 'top_mgr': 4}, {'J01': 7}, {'J01': 35}, 
3360.0, {'J01': -534.4, 'top_mgr': 2}, {'J01': 8}, {'J01': 38}, 
3365.0, {'J01': -492.20000000000005, 'top_mgr': 2}, {'J01': 8}, {'J01': 41}, 
3370.0, {'J01': -544.8000000000001, 'top_mgr': 0}, {'J01': 8}, {'J01': 44}, 
3375.0, {'J01': -598.8000000000001, 'top_mgr': 1}, {'J01': 8}, {'J01': 46}, 
3380.0, {'J01': -632.2, 'top_mgr': 4}, {'J01': 8}, {'J01': 44}, 
3385.0, {'J01': -588.4, 'top_mgr': 8}, {'J01': 7}, {'J01': 38}, 
3390.0, {'J01': -572.4, 'top_mgr': 2}, {'J01': 7}, {'J01': 38}, 
3395.0, {'J01': -518.4, 'top_mgr': 2}, {'J01': 7}, {'J01': 40}, 
3400.0, {'J01': -568.6, 'top_mgr': 1}, {'J01': 8}, {'J01': 46}, 
3405.0, {'J01': -619.6, 'top_mgr': 0}, {'J01': 8}, {'J01': 49}, 
3410.0, {'J01': -647.4, 'top_mgr': 3}, {'J01': 8}, {'J01': 48}, 
3415.0, {'J01': -634.2, 'top_mgr': 3}, {'J01': 9}, {'J01': 49}, 
3420.0, {'J01': -686.2000000000002, 'top_mgr': 0}, {'J01': 9}, {'J01': 53}, 
3425.0, {'J01': -632.8000000000002, 'top_mgr': 9}, {'J01': 7}, {'J01': 47}, 
3430.0, {'J01': -644.4000000000002, 'top_mgr': 11}, {'J01': 7}, {'J01': 38}, 
3435.0, {'J01': -669.8000000000002, 'top_mgr': 9}, {'J01': 7}, {'J01': 34}, 
3440.0, {'J01': -631.8000000000001, 'top_mgr': 8}, {'J01': 7}, {'J01': 29}, 
3445.0, {'J01': -668.6, 'top_mgr': 4}, {'J01': 7}, {'J01': 30}, 
3450.0, {'J01': -560.8, 'top_mgr': 12}, {'J01': 5}, {'J01': 24}, 
3455.0, {'J01': -597.8000000000001, 'top_mgr': 1}, {'J01': 5}, {'J01': 35}, 
3460.0, {'J01': -363.4, 'top_mgr': 8}, {'J01': 6}, {'J01': 32}, 
3465.0, {'J01': -337.6, 'top_mgr': 6}, {'J01': 8}, {'J01': 36}, 
3470.0, {'J01': -372.6000000000001, 'top_mgr': 1}, {'J01': 8}, {'J01': 40}, 
3475.0, {'J01': -344.40000000000003, 'top_mgr': 6}, {'J01': 8}, {'J01': 35}, 
3480.0, {'J01': -372.80000000000007, 'top_mgr': 1}, {'J01': 8}, {'J01': 35}, 
3485.0, {'J01': -370.6000000000001, 'top_mgr': 3}, {'J01': 8}, {'J01': 39}, 
3490.0, {'J01': -416.00000000000006, 'top_mgr': 1}, {'J01': 8}, {'J01': 40}, 
3495.0, {'J01': -417.59999999999997, 'top_mgr': 3}, {'J01': 8}, {'J01': 39}, 
3500.0, {'J01': -451.59999999999997, 'top_mgr': 2}, {'J01': 8}, {'J01': 41}, 
3505.0, {'J01': -453.99999999999994, 'top_mgr': 3}, {'J01': 8}, {'J01': 44}, 
3510.0, {'J01': -364.8, 'top_mgr': 6}, {'J01': 8}, {'J01': 41}, 
3515.0, {'J01': -410.0, 'top_mgr': 1}, {'J01': 8}, {'J01': 42}, 
3520.0, {'J01': -467.0, 'top_mgr': 0}, {'J01': 8}, {'J01': 49}, 
3525.0, {'J01': -499.8, 'top_mgr': 5}, {'J01': 10}, {'J01': 49}, 
3530.0, {'J01': -483.0, 'top_mgr': 8}, {'J01': 10}, {'J01': 41}, 
3535.0, {'J01': -436.80000000000007, 'top_mgr': 4}, {'J01': 10}, {'J01': 41}, 
3540.0, {'J01': -485.80000000000007, 'top_mgr': 0}, {'J01': 11}, {'J01': 45}, 
3545.0, {'J01': -498.6000000000001, 'top_mgr': 7}, {'J01': 9}, {'J01': 43}, 
3550.0, {'J01': -529.8000000000001, 'top_mgr': 2}, {'J01': 9}, {'J01': 41}, 
3555.0, {'J01': -525.2, 'top_mgr': 3}, {'J01': 9}, {'J01': 40}, 
3560.0, {'J01': -560.5999999999999, 'top_mgr': 2}, {'J01': 10}, {'J01': 45}, 
3565.0, {'J01': -484.6, 'top_mgr': 6}, {'J01': 11}, {'J01': 45}, 
3570.0, {'J01': -495.40000000000003, 'top_mgr': 6}, {'J01': 13}, {'J01': 45}, 
3575.0, {'J01': -533.0, 'top_mgr': 1}, {'J01': 13}, {'J01': 47}, 
3580.0, {'J01': -574.0, 'top_mgr': 2}, {'J01': 15}, {'J01': 49}, 
3585.0, {'J01': -579.8000000000001, 'top_mgr': 3}, {'J01': 15}, {'J01': 47}, 
3590.0, {'J01': -619.6, 'top_mgr': 3}, {'J01': 16}, {'J01': 50}, 
3595.0, {'J01': -601.8, 'top_mgr': 4}, {'J01': 17}, {'J01': 51}, 
3600.0, {'J01': -647.8, 'top_mgr': 0}, {'J01': 17}, {'J01': 53}, 
3605.0, {'J01': -691.8, 'top_mgr': 1}, {'J01': 17}, {'J01': 53}, 
3610.0, {'J01': -605.0, 'top_mgr': 11}, {'J01': 13}, {'J01': 43}, 
3615.0, {'J01': -566.0, 'top_mgr': 10}, {'J01': 11}, {'J01': 34}, 
3620.0, {'J01': -446.3999999999999, 'top_mgr': 10}, {'J01': 8}, {'J01': 27}, 
3625.0, {'J01': -462.6, 'top_mgr': 8}, {'J01': 6}, {'J01': 23}, 
3630.0, {'J01': -449.59999999999997, 'top_mgr': 5}, {'J01': 6}, {'J01': 29}, 
3635.0, {'J01': -502.4, 'top_mgr': 0}, {'J01': 6}, {'J01': 37}, 
3640.0, {'J01': -549.5999999999999, 'top_mgr': 1}, {'J01': 8}, {'J01': 41}, 
3645.0, {'J01': -523.0, 'top_mgr': 3}, {'J01': 8}, {'J01': 38}, 
3650.0, {'J01': -559.2, 'top_mgr': 1}, {'J01': 8}, {'J01': 37}, 
3655.0, {'J01': -600.2, 'top_mgr': 0}, {'J01': 8}, {'J01': 38}, 
3660.0, {'J01': -528.8, 'top_mgr': 3}, {'J01': 8}, {'J01': 37}, 
3665.0, {'J01': -527.8, 'top_mgr': 4}, {'J01': 8}, {'J01': 33}, 
3670.0, {'J01': -557.4000000000001, 'top_mgr': 3}, {'J01': 8}, {'J01': 33}, 
3675.0, {'J01': -597.0, 'top_mgr': 1}, {'J01': 8}, {'J01': 36}, 
3680.0, {'J01': -446.0, 'top_mgr': 11}, {'J01': 6}, {'J01': 26}, 
3685.0, {'J01': -378.40000000000003, 'top_mgr': 10}, {'J01': 4}, {'J01': 20}, 
3690.0, {'J01': -283.0, 'top_mgr': 6}, {'J01': 4}, {'J01': 18}, 
3695.0, {'J01': -286.8, 'top_mgr': 4}, {'J01': 4}, {'J01': 19}, 
3700.0, {'J01': -319.4, 'top_mgr': 2}, {'J01': 7}, {'J01': 28}, 
3705.0, {'J01': -341.6, 'top_mgr': 6}, {'J01': 7}, {'J01': 27}, 
3710.0, {'J01': -345.0, 'top_mgr': 3}, {'J01': 6}, {'J01': 25}, 
3715.0, {'J01': -248.4, 'top_mgr': 4}, {'J01': 5}, {'J01': 21}, 
3720.0, {'J01': -239.2, 'top_mgr': 3}, {'J01': 5}, {'J01': 21}, 
3725.0, {'J01': -119.60000000000001, 'top_mgr': 3}, {'J01': 5}, {'J01': 22}, 
3730.0, {'J01': -135.0, 'top_mgr': 6}, {'J01': 7}, {'J01': 24}, 
3735.0, {'J01': -138.39999999999998, 'top_mgr': 5}, {'J01': 6}, {'J01': 19}, 
3740.0, {'J01': -105.4, 'top_mgr': 6}, {'J01': 4}, {'J01': 13}, 
3745.0, {'J01': -110.60000000000001, 'top_mgr': 2}, {'J01': 4}, {'J01': 11}, 
3750.0, {'J01': -123.4, 'top_mgr': 2}, {'J01': 4}, {'J01': 9}, 
3755.0, {'J01': -118.2, 'top_mgr': 2}, {'J01': 4}, {'J01': 8}, 
3760.0, {'J01': -103.4, 'top_mgr': 2}, {'J01': 4}, {'J01': 6}, 
3765.0, {'J01': -111.4, 'top_mgr': 6}, {'J01': 4}, {'J01': 6}, 
3770.0, {'J01': -114.4, 'top_mgr': 3}, {'J01': 3}, {'J01': 6}, 
3775.0, {'J01': -16.4, 'top_mgr': 4}, {'J01': 4}, {'J01': 7}, 
3780.0, {'J01': -29.4, 'top_mgr': 2}, {'J01': 7}, {'J01': 12}, 
3785.0, {'J01': -44.800000000000004, 'top_mgr': 2}, {'J01': 8}, {'J01': 18}, 
3790.0, {'J01': -55.0, 'top_mgr': 2}, {'J01': 7}, {'J01': 19}, 
3795.0, {'J01': -57.6, 'top_mgr': 6}, {'J01': 4}, {'J01': 14}, 
3800.0, {'J01': -65.20000000000002, 'top_mgr': 4}, {'J01': 4}, {'J01': 10}, 
3805.0, {'J01': -41.400000000000006, 'top_mgr': 6}, {'J01': 4}, {'J01': 7}, 
3810.0, {'J01': -51.400000000000006, 'top_mgr': 1}, {'J01': 4}, {'J01': 8}, 
3815.0, {'J01': -55.400000000000006, 'top_mgr': 3}, {'J01': 4}, {'J01': 6}, 
3820.0, {'J01': -67.0, 'top_mgr': 1}, {'J01': 4}, {'J01': 8}, 
3825.0, {'J01': -71.4, 'top_mgr': 2}, {'J01': 4}, {'J01': 6}, 
3830.0, {'J01': -79.4, 'top_mgr': 6}, {'J01': 4}, {'J01': 6}, 
3835.0, {'J01': -87.4, 'top_mgr': 4}, {'J01': 4}, {'J01': 6}, 
3840.0, {'J01': -98.60000000000001, 'top_mgr': 2}, {'J01': 4}, {'J01': 8}, 
3845.0, {'J01': -103.4, 'top_mgr': 2}, {'J01': 4}, {'J01': 6}, 
3850.0, {'J01': -114.80000000000001, 'top_mgr': 3}, {'J01': 4}, {'J01': 8}, 
3855.0, {'J01': -135.8, 'top_mgr': 0}, {'J01': 4}, {'J01': 13}, 
3860.0, {'J01': -158.8, 'top_mgr': 0}, {'J01': 7}, {'J01': 20}, 
3865.0, {'J01': -176.8, 'top_mgr': 0}, {'J01': 8}, {'J01': 22}, 
3870.0, {'J01': -184.0, 'top_mgr': 2}, {'J01': 8}, {'J01': 20}, 
3875.0, {'J01': -129.60000000000002, 'top_mgr': 2}, {'J01': 8}, {'J01': 19}, 
3880.0, {'J01': -137.60000000000002, 'top_mgr': 3}, {'J01': 7}, {'J01': 18}, 
3885.0, {'J01': -142.20000000000002, 'top_mgr': 5}, {'J01': 4}, {'J01': 14}, 
3890.0, {'J01': -155.0, 'top_mgr': 2}, {'J01': 4}, {'J01': 12}, 
3895.0, {'J01': -171.0, 'top_mgr': 0}, {'J01': 4}, {'J01': 12}, 
3900.0, {'J01': -193.0, 'top_mgr': 1}, {'J01': 6}, {'J01': 18}, 
3905.0, {'J01': -213.0, 'top_mgr': 1}, {'J01': 8}, {'J01': 22}, 
3910.0, {'J01': -225.8, 'top_mgr': 2}, {'J01': 7}, {'J01': 20}, 
3915.0, {'J01': -173.0, 'top_mgr': 6}, {'J01': 4}, {'J01': 14}, 
3920.0, {'J01': -177.4, 'top_mgr': 4}, {'J01': 3}, {'J01': 10}, 
3925.0, {'J01': -116.60000000000002, 'top_mgr': 3}, {'J01': 2}, {'J01': 7}, 
3930.0, {'J01': -134.60000000000002, 'top_mgr': 0}, {'J01': 3}, {'J01': 9}, 
3935.0, {'J01': -155.60000000000002, 'top_mgr': 0}, {'J01': 4}, {'J01': 14}, 
3940.0, {'J01': -171.0, 'top_mgr': 2}, {'J01': 5}, {'J01': 15}, 
3945.0, {'J01': -124.80000000000001, 'top_mgr': 6}, {'J01': 4}, {'J01': 9}, 
3950.0, {'J01': -141.8, 'top_mgr': 2}, {'J01': 4}, {'J01': 10}, 
3955.0, {'J01': -143.4, 'top_mgr': 3}, {'J01': 4}, {'J01': 8}, 
3960.0, {'J01': -141.8, 'top_mgr': 4}, {'J01': 4}, {'J01': 7}, 
3965.0, {'J01': -156.60000000000002, 'top_mgr': 2}, {'J01': 4}, {'J01': 9}, 
3970.0, {'J01': -167.2, 'top_mgr': 1}, {'J01': 4}, {'J01': 12}, 
3975.0, {'J01': -189.20000000000002, 'top_mgr': 0}, {'J01': 6}, {'J01': 18}, 
3980.0, {'J01': -164.4, 'top_mgr': 2}, {'J01': 8}, {'J01': 20}, 
3985.0, {'J01': -89.20000000000002, 'top_mgr': 4}, {'J01': 7}, {'J01': 17}, 
3990.0, {'J01': -99.80000000000001, 'top_mgr': 3}, {'J01': 6}, {'J01': 16}, 
3995.0, {'J01': -113.0, 'top_mgr': 1}, {'J01': 5}, {'J01': 16}, 
4000.0, {'J01': -124.20000000000002, 'top_mgr': 3}, {'J01': 4}, {'J01': 13}, 
4005.0, {'J01': -138.6, 'top_mgr': 1}, {'J01': 4}, {'J01': 12}, 
4010.0, {'J01': -154.6, 'top_mgr': 0}, {'J01': 4}, {'J01': 12}, 
4015.0, {'J01': -165.0, 'top_mgr': 2}, {'J01': 4}, {'J01': 12}, 
4020.0, {'J01': -118.19999999999999, 'top_mgr': 6}, {'J01': 4}, {'J01': 8}, 
4025.0, {'J01': -134.20000000000002, 'top_mgr': 4}, {'J01': 4}, {'J01': 8}, 
4030.0, {'J01': -126.60000000000002, 'top_mgr': 2}, {'J01': 4}, {'J01': 8}, 
4035.0, {'J01': -146.60000000000002, 'top_mgr': 1}, {'J01': 4}, {'J01': 12}, 
4040.0, {'J01': -168.60000000000002, 'top_mgr': 0}, {'J01': 6}, {'J01': 18}, 
4045.0, {'J01': -180.6, 'top_mgr': 2}, {'J01': 8}, {'J01': 20}, 
4050.0, {'J01': -49.00000000000001, 'top_mgr': 4}, {'J01': 8}, {'J01': 16}, 
4055.0, {'J01': -57.00000000000001, 'top_mgr': 3}, {'J01': 8}, {'J01': 16}, 
4060.0, {'J01': -67.60000000000001, 'top_mgr': 1}, {'J01': 8}, {'J01': 18}, 
4065.0, {'J01': -75.4, 'top_mgr': 2}, {'J01': 8}, {'J01': 17}, 
4070.0, {'J01': -82.60000000000001, 'top_mgr': 4}, {'J01': 7}, {'J01': 17}, 
4075.0, {'J01': -102.2, 'top_mgr': 2}, {'J01': 6}, {'J01': 18}, 
4080.0, {'J01': -115.80000000000001, 'top_mgr': 2}, {'J01': 5}, {'J01': 17}, 
4085.0, {'J01': -117.4, 'top_mgr': 1}, {'J01': 5}, {'J01': 16}, 
4090.0, {'J01': -133.0, 'top_mgr': 2}, {'J01': 6}, {'J01': 17}, 
4095.0, {'J01': -137.0, 'top_mgr': 4}, {'J01': 5}, {'J01': 13}, 
4100.0, {'J01': -131.00000000000003, 'top_mgr': 2}, {'J01': 5}, {'J01': 13}, 
4105.0, {'J01': -153.00000000000003, 'top_mgr': 0}, {'J01': 7}, {'J01': 19}, 
4110.0, {'J01': -172.00000000000003, 'top_mgr': 0}, {'J01': 8}, {'J01': 22}, 
4115.0, {'J01': -180.8, 'top_mgr': 2}, {'J01': 7}, {'J01': 20}, 
4120.0, {'J01': -193.40000000000003, 'top_mgr': 2}, {'J01': 6}, {'J01': 18}, 
4125.0, {'J01': -209.40000000000003, 'top_mgr': 0}, {'J01': 6}, {'J01': 18}, 
4130.0, {'J01': -152.20000000000002, 'top_mgr': 2}, {'J01': 6}, {'J01': 18}, 
4135.0, {'J01': -165.60000000000002, 'top_mgr': 2}, {'J01': 5}, {'J01': 16}, 
4140.0, {'J01': -181.60000000000002, 'top_mgr': 0}, {'J01': 5}, {'J01': 16}, 
4145.0, {'J01': -193.60000000000002, 'top_mgr': 2}, {'J01': 7}, {'J01': 18}, 
4150.0, {'J01': -128.60000000000002, 'top_mgr': 4}, {'J01': 7}, {'J01': 17}, 
4155.0, {'J01': -134.8, 'top_mgr': 2}, {'J01': 7}, {'J01': 15}, 
4160.0, {'J01': -109.2, 'top_mgr': 1}, {'J01': 7}, {'J01': 17}, 
4165.0, {'J01': -111.80000000000001, 'top_mgr': 3}, {'J01': 7}, {'J01': 14}, 
4170.0, {'J01': -125.2, 'top_mgr': 1}, {'J01': 8}, {'J01': 18}, 
4175.0, {'J01': -129.8, 'top_mgr': 3}, {'J01': 8}, {'J01': 16}, 
4180.0, {'J01': -138.20000000000002, 'top_mgr': 3}, {'J01': 7}, {'J01': 16}, 
4185.0, {'J01': -157.20000000000002, 'top_mgr': 0}, {'J01': 7}, {'J01': 19}, 
4190.0, {'J01': -175.8, 'top_mgr': 0}, {'J01': 7}, {'J01': 21}, 
4195.0, {'J01': -198.8, 'top_mgr': 0}, {'J01': 7}, {'J01': 24}, 
4200.0, {'J01': -213.6, 'top_mgr': 2}, {'J01': 7}, {'J01': 24}, 
4205.0, {'J01': -171.8, 'top_mgr': 4}, {'J01': 5}, {'J01': 20}, 
4210.0, {'J01': -147.8, 'top_mgr': 6}, {'J01': 4}, {'J01': 14}, 
4215.0, {'J01': -167.8, 'top_mgr': 0}, {'J01': 4}, {'J01': 14}, 
4220.0, {'J01': -120.6, 'top_mgr': 3}, {'J01': 4}, {'J01': 12}, 
4225.0, {'J01': -106.4, 'top_mgr': 6}, {'J01': 2}, {'J01': 9}, 
4230.0, {'J01': -87.4, 'top_mgr': 3}, {'J01': 4}, {'J01': 12}, 
4235.0, {'J01': -62.00000000000001, 'top_mgr': 5}, {'J01': 3}, {'J01': 8}, 
4240.0, {'J01': -44.400000000000006, 'top_mgr': 5}, {'J01': 4}, {'J01': 11}, 
4245.0, {'J01': -62.400000000000006, 'top_mgr': 3}, {'J01': 7}, {'J01': 17}, 
4250.0, {'J01': -75.4, 'top_mgr': 3}, {'J01': 8}, {'J01': 20}, 
4255.0, {'J01': -88.60000000000001, 'top_mgr': 1}, {'J01': 8}, {'J01': 22}, 
4260.0, {'J01': -93.60000000000002, 'top_mgr': 3}, {'J01': 8}, {'J01': 19}, 
4265.0, {'J01': -109.80000000000001, 'top_mgr': 1}, {'J01': 8}, {'J01': 19}, 
4270.0, {'J01': -132.8, 'top_mgr': 0}, {'J01': 8}, {'J01': 22}, 
4275.0, {'J01': -134.79999999999998, 'top_mgr': 4}, {'J01': 6}, {'J01': 19}, 
4280.0, {'J01': -135.2, 'top_mgr': 4}, {'J01': 5}, {'J01': 15}, 
4285.0, {'J01': -112.0, 'top_mgr': 2}, {'J01': 5}, {'J01': 13}, 
4290.0, {'J01': -133.0, 'top_mgr': 0}, {'J01': 6}, {'J01': 18}, 
4295.0, {'J01': -153.0, 'top_mgr': 0}, {'J01': 8}, {'J01': 22}, 
4300.0, {'J01': -169.0, 'top_mgr': 0}, {'J01': 8}, {'J01': 22}, 
4305.0, {'J01': -177.8, 'top_mgr': 2}, {'J01': 7}, {'J01': 20}, 
4310.0, {'J01': -180.40000000000003, 'top_mgr': 6}, {'J01': 4}, {'J01': 14}, 
4315.0, {'J01': -120.4, 'top_mgr': 4}, {'J01': 4}, {'J01': 10}, 
4320.0, {'J01': -88.60000000000001, 'top_mgr': 6}, {'J01': 4}, {'J01': 6}, 
4325.0, {'J01': -96.60000000000001, 'top_mgr': 4}, {'J01': 4}, {'J01': 6}, 
4330.0, {'J01': -107.4, 'top_mgr': 2}, {'J01': 4}, {'J01': 8}, 
4335.0, {'J01': -126.4, 'top_mgr': 0}, {'J01': 4}, {'J01': 11}, 
4340.0, {'J01': -149.40000000000003, 'top_mgr': 0}, {'J01': 6}, {'J01': 18}, 
4345.0, {'J01': -160.4, 'top_mgr': 2}, {'J01': 7}, {'J01': 20}, 
4350.0, {'J01': -162.2, 'top_mgr': 6}, {'J01': 4}, {'J01': 14}, 
4355.0, {'J01': -154.2, 'top_mgr': 4}, {'J01': 3}, {'J01': 10}, 
4360.0, {'J01': -38.4, 'top_mgr': 4}, {'J01': 3}, {'J01': 6}, 
4365.0, {'J01': -41.400000000000006, 'top_mgr': 4}, {'J01': 2}, {'J01': 6}, 
4370.0, {'J01': -61.2, 'top_mgr': 2}, {'J01': 3}, {'J01': 9}, 
4375.0, {'J01': -30.6, 'top_mgr': 6}, {'J01': 4}, {'J01': 8}, 
4380.0, {'J01': -42.6, 'top_mgr': 4}, {'J01': 4}, {'J01': 8}, 
4385.0, {'J01': -58.400000000000006, 'top_mgr': 2}, {'J01': 4}, {'J01': 11}, 
4390.0, {'J01': -80.0, 'top_mgr': 1}, {'J01': 4}, {'J01': 14}, 
4395.0, {'J01': -82.4, 'top_mgr': 3}, {'J01': 6}, {'J01': 17}, 
4400.0, {'J01': -93.2, 'top_mgr': 3}, {'J01': 8}, {'J01': 19}, 
4405.0, {'J01': -72.2, 'top_mgr': 3}, {'J01': 7}, {'J01': 17}, 
4410.0, {'J01': -86.6, 'top_mgr': 2}, {'J01': 6}, {'J01': 17}, 
4415.0, {'J01': -87.4, 'top_mgr': 6}, {'J01': 4}, {'J01': 12}, 
4420.0, {'J01': -90.20000000000002, 'top_mgr': 4}, {'J01': 3}, {'J01': 8}, 
4425.0, {'J01': -79.0, 'top_mgr': 1}, {'J01': 3}, {'J01': 9}, 
4430.0, {'J01': -74.6, 'top_mgr': 3}, {'J01': 4}, {'J01': 11}, 
4435.0, {'J01': -72.8, 'top_mgr': 1}, {'J01': 5}, {'J01': 13}, 
4440.0, {'J01': -91.2, 'top_mgr': 3}, {'J01': 4}, {'J01': 15}, 
4445.0, {'J01': -96.0, 'top_mgr': 3}, {'J01': 7}, {'J01': 19}, 
4450.0, {'J01': -69.4, 'top_mgr': 3}, {'J01': 8}, {'J01': 19}, 
4455.0, {'J01': -87.4, 'top_mgr': 0}, {'J01': 8}, {'J01': 21}, 
4460.0, {'J01': -88.60000000000001, 'top_mgr': 2}, {'J01': 7}, {'J01': 20}, 
4465.0, {'J01': -93.4, 'top_mgr': 4}, {'J01': 6}, {'J01': 16}, 
4470.0, {'J01': -75.2, 'top_mgr': 4}, {'J01': 5}, {'J01': 14}, 
4475.0, {'J01': -97.2, 'top_mgr': 0}, {'J01': 5}, {'J01': 16}, 
4480.0, {'J01': -118.2, 'top_mgr': 0}, {'J01': 5}, {'J01': 17}, 
4485.0, {'J01': -136.0, 'top_mgr': 2}, {'J01': 6}, {'J01': 18}, 
4490.0, {'J01': -142.4, 'top_mgr': 6}, {'J01': 4}, {'J01': 12}, 
4495.0, {'J01': -109.60000000000002, 'top_mgr': 2}, {'J01': 4}, {'J01': 10}, 
4500.0, {'J01': -96.4, 'top_mgr': 2}, {'J01': 4}, {'J01': 9}, 
4505.0, {'J01': -101.20000000000002, 'top_mgr': 2}, {'J01': 4}, {'J01': 10}, 
4510.0, {'J01': -121.6, 'top_mgr': 1}, {'J01': 4}, {'J01': 14}, 
4515.0, {'J01': -138.20000000000002, 'top_mgr': 1}, {'J01': 7}, {'J01': 20}, 
4520.0, {'J01': -153.40000000000003, 'top_mgr': 2}, {'J01': 8}, {'J01': 21}, 
4525.0, {'J01': -94.60000000000001, 'top_mgr': 4}, {'J01': 7}, {'J01': 18}, 
4530.0, {'J01': -103.4, 'top_mgr': 1}, {'J01': 7}, {'J01': 19}, 
4535.0, {'J01': -111.60000000000001, 'top_mgr': 2}, {'J01': 7}, {'J01': 17}, 
4540.0, {'J01': -72.8, 'top_mgr': 4}, {'J01': 6}, {'J01': 14}, 
4545.0, {'J01': -85.0, 'top_mgr': 3}, {'J01': 5}, {'J01': 14}, 
4550.0, {'J01': -98.4, 'top_mgr': 1}, {'J01': 4}, {'J01': 14}, 
4555.0, {'J01': -98.19999999999999, 'top_mgr': 2}, {'J01': 4}, {'J01': 12}, 
4560.0, {'J01': -105.39999999999999, 'top_mgr': 2}, {'J01': 7}, {'J01': 17}, 
4565.0, {'J01': -125.4, 'top_mgr': 0}, {'J01': 8}, {'J01': 21}, 
4570.0, {'J01': -133.8, 'top_mgr': 4}, {'J01': 6}, {'J01': 18}, 
4575.0, {'J01': -78.4, 'top_mgr': 4}, {'J01': 4}, {'J01': 14}, 
4580.0, {'J01': -88.0, 'top_mgr': 4}, {'J01': 4}, {'J01': 10}, 
4585.0, {'J01': -96.60000000000001, 'top_mgr': 2}, {'J01': 4}, {'J01': 8}, 
4590.0, {'J01': -110.6, 'top_mgr': 2}, {'J01': 3}, {'J01': 11}, 
4595.0, {'J01': -50.400000000000006, 'top_mgr': 4}, {'J01': 2}, {'J01': 9}, 
4600.0, {'J01': -73.4, 'top_mgr': 0}, {'J01': 3}, {'J01': 12}, 
4605.0, {'J01': -90.4, 'top_mgr': 2}, {'J01': 5}, {'J01': 15}, 
4610.0, {'J01': -70.80000000000001, 'top_mgr': 4}, {'J01': 7}, {'J01': 19}, 
4615.0, {'J01': -87.8, 'top_mgr': 2}, {'J01': 8}, {'J01': 23}, 
4620.0, {'J01': -106.0, 'top_mgr': 1}, {'J01': 8}, {'J01': 25}, 
4625.0, {'J01': -122.2, 'top_mgr': 1}, {'J01': 8}, {'J01': 25}, 
4630.0, {'J01': -133.2, 'top_mgr': 2}, {'J01': 8}, {'J01': 23}, 
4635.0, {'J01': -139.0, 'top_mgr': 2}, {'J01': 8}, {'J01': 22}, 
4640.0, {'J01': -149.60000000000002, 'top_mgr': 2}, {'J01': 8}, {'J01': 20}, 
4645.0, {'J01': -147.0, 'top_mgr': 4}, {'J01': 7}, {'J01': 19}, 
4650.0, {'J01': -145.4, 'top_mgr': 2}, {'J01': 6}, {'J01': 21}, 
4655.0, {'J01': -151.8, 'top_mgr': 4}, {'J01': 5}, {'J01': 17}, 
4660.0, {'J01': -155.20000000000005, 'top_mgr': 4}, {'J01': 4}, {'J01': 14}, 
4665.0, {'J01': -177.20000000000005, 'top_mgr': 0}, {'J01': 4}, {'J01': 16}, 
4670.0, {'J01': -195.20000000000002, 'top_mgr': 2}, {'J01': 4}, {'J01': 15}, 
4675.0, {'J01': -212.20000000000005, 'top_mgr': 2}, {'J01': 4}, {'J01': 13}, 
4680.0, {'J01': -226.40000000000003, 'top_mgr': 2}, {'J01': 4}, {'J01': 12}, 
4685.0, {'J01': -130.8, 'top_mgr': 4}, {'J01': 3}, {'J01': 10}, 
4690.0, {'J01': -118.2, 'top_mgr': 3}, {'J01': 4}, {'J01': 14}, 
4695.0, {'J01': -139.8, 'top_mgr': 2}, {'J01': 7}, {'J01': 20}, 
4700.0, {'J01': -154.4, 'top_mgr': 2}, {'J01': 7}, {'J01': 21}, 
4705.0, {'J01': -164.0, 'top_mgr': 4}, {'J01': 6}, {'J01': 18}, 
4710.0, {'J01': -136.8, 'top_mgr': 4}, {'J01': 6}, {'J01': 14}, 
4715.0, {'J01': -156.8, 'top_mgr': 3}, {'J01': 7}, {'J01': 17}, 
4720.0, {'J01': -88.19999999999999, 'top_mgr': 3}, {'J01': 8}, {'J01': 20}, 
4725.0, {'J01': -88.0, 'top_mgr': 2}, {'J01': 8}, {'J01': 21}, 
4730.0, {'J01': -103.2, 'top_mgr': 2}, {'J01': 7}, {'J01': 21}, 
4735.0, {'J01': -109.6, 'top_mgr': 6}, {'J01': 4}, {'J01': 15}, 
4740.0, {'J01': -113.0, 'top_mgr': 3}, {'J01': 4}, {'J01': 12}, 
4745.0, {'J01': -129.0, 'top_mgr': 0}, {'J01': 4}, {'J01': 12}, 
4750.0, {'J01': -112.6, 'top_mgr': 3}, {'J01': 4}, {'J01': 9}, 
4755.0, {'J01': -116.4, 'top_mgr': 3}, {'J01': 3}, {'J01': 6}, 
4760.0, {'J01': -107.00000000000001, 'top_mgr': 2}, {'J01': 4}, {'J01': 11}, 
4765.0, {'J01': -131.0, 'top_mgr': 0}, {'J01': 7}, {'J01': 19}, 
4770.0, {'J01': -81.80000000000001, 'top_mgr': 3}, {'J01': 7}, {'J01': 19}, 
4775.0, {'J01': -88.19999999999999, 'top_mgr': 3}, {'J01': 6}, {'J01': 16}, 
4780.0, {'J01': -61.8, 'top_mgr': 2}, {'J01': 6}, {'J01': 15}, 
4785.0, {'J01': -82.8, 'top_mgr': 0}, {'J01': 7}, {'J01': 20}, 
4790.0, {'J01': -92.8, 'top_mgr': 2}, {'J01': 8}, {'J01': 20}, 
4795.0, {'J01': -73.6, 'top_mgr': 4}, {'J01': 8}, {'J01': 16}, 
4800.0, {'J01': -81.20000000000002, 'top_mgr': 4}, {'J01': 7}, {'J01': 16}, 
4805.0, {'J01': -100.20000000000002, 'top_mgr': 0}, {'J01': 7}, {'J01': 19}, 
4810.0, {'J01': -110.0, 'top_mgr': 2}, {'J01': 6}, {'J01': 18}, 
4815.0, {'J01': -112.4, 'top_mgr': 6}, {'J01': 4}, {'J01': 12}, 
4820.0, {'J01': -92.2, 'top_mgr': 4}, {'J01': 4}, {'J01': 8}, 
4825.0, {'J01': -49.800000000000004, 'top_mgr': 2}, {'J01': 4}, {'J01': 8}, 
4830.0, {'J01': -69.8, 'top_mgr': 0}, {'J01': 4}, {'J01': 12}, 
4835.0, {'J01': -91.80000000000001, 'top_mgr': 0}, {'J01': 6}, {'J01': 18}, 
4840.0, {'J01': -73.2, 'top_mgr': 3}, {'J01': 8}, {'J01': 19}, 
4845.0, {'J01': -49.0, 'top_mgr': 3}, {'J01': 8}, {'J01': 16}, 
4850.0, {'J01': -60.20000000000001, 'top_mgr': 2}, {'J01': 8}, {'J01': 18}, 
4855.0, {'J01': -79.2, 'top_mgr': 0}, {'J01': 8}, {'J01': 21}, 
4860.0, {'J01': -89.0, 'top_mgr': 2}, {'J01': 7}, {'J01': 21}, 
4865.0, {'J01': -94.6, 'top_mgr': 6}, {'J01': 4}, {'J01': 15}, 
4870.0, {'J01': -102.60000000000001, 'top_mgr': 4}, {'J01': 4}, {'J01': 11}, 
4875.0, {'J01': -120.20000000000002, 'top_mgr': 2}, {'J01': 3}, {'J01': 10}, 
4880.0, {'J01': -147.20000000000002, 'top_mgr': 0}, {'J01': 4}, {'J01': 13}, 
4885.0, {'J01': -142.20000000000002, 'top_mgr': 2}, {'J01': 4}, {'J01': 14}, 
4890.0, {'J01': -165.20000000000002, 'top_mgr': 0}, {'J01': 8}, {'J01': 21}, 
4895.0, {'J01': -161.8, 'top_mgr': 2}, {'J01': 8}, {'J01': 22}, 
4900.0, {'J01': -144.4, 'top_mgr': 3}, {'J01': 8}, {'J01': 20}, 
4905.0, {'J01': -147.60000000000002, 'top_mgr': 3}, {'J01': 8}, {'J01': 17}, 
4910.0, {'J01': -137.2, 'top_mgr': 2}, {'J01': 8}, {'J01': 18}, 
4915.0, {'J01': -142.40000000000003, 'top_mgr': 2}, {'J01': 8}, {'J01': 16}, 
4920.0, {'J01': -148.4, 'top_mgr': 4}, {'J01': 7}, {'J01': 16}, 
4925.0, {'J01': -130.0, 'top_mgr': 2}, {'J01': 6}, {'J01': 18}, 
4930.0, {'J01': -100.6, 'top_mgr': 5}, {'J01': 5}, {'J01': 13}, 
4935.0, {'J01': -100.20000000000002, 'top_mgr': 3}, {'J01': 5}, {'J01': 11}, 
4940.0, {'J01': -106.00000000000001, 'top_mgr': 3}, {'J01': 7}, {'J01': 16}, 
4945.0, {'J01': -114.80000000000001, 'top_mgr': 4}, {'J01': 8}, {'J01': 17}, 
4950.0, {'J01': -130.60000000000002, 'top_mgr': 1}, {'J01': 8}, {'J01': 19}, 
4955.0, {'J01': -144.2, 'top_mgr': 4}, {'J01': 6}, {'J01': 19}, 
4960.0, {'J01': -150.2, 'top_mgr': 1}, {'J01': 6}, {'J01': 18}, 
4965.0, {'J01': -163.20000000000002, 'top_mgr': 2}, {'J01': 5}, {'J01': 16}, 
4970.0, {'J01': -95.0, 'top_mgr': 6}, {'J01': 4}, {'J01': 11}, 
4975.0, {'J01': -54.6, 'top_mgr': 4}, {'J01': 4}, {'J01': 7}, 
4980.0, {'J01': -69.6, 'top_mgr': 2}, {'J01': 4}, {'J01': 9}, 
4985.0, {'J01': -80.39999999999999, 'top_mgr': 3}, {'J01': 4}, {'J01': 8}, 
4990.0, {'J01': -97.4, 'top_mgr': 5}, {'J01': 4}, {'J01': 9}, 
4995.0, {'J01': -113.4, 'top_mgr': 4}, {'J01': 4}, {'J01': 9}, 
5000.0, {'J01': -117.40000000000002, 'top_mgr': 4}, {'J01': 4}, {'J01': 9}, 
5005.0, {'J01': -126.6, 'top_mgr': 3}, {'J01': 4}, {'J01': 7}, 
5010.0, {'J01': -98.6, 'top_mgr': 6}, {'J01': 3}, {'J01': 6}, 
5015.0, {'J01': -69.8, 'top_mgr': 4}, {'J01': 4}, {'J01': 11}, 
5020.0, {'J01': -84.6, 'top_mgr': 2}, {'J01': 7}, {'J01': 15}, 
5025.0, {'J01': -41.400000000000006, 'top_mgr': 4}, {'J01': 8}, {'J01': 16}, 
5030.0, {'J01': -49.4, 'top_mgr': 3}, {'J01': 8}, {'J01': 16}, 
5035.0, {'J01': -57.4, 'top_mgr': 3}, {'J01': 8}, {'J01': 16}, 
5040.0, {'J01': -68.0, 'top_mgr': 1}, {'J01': 8}, {'J01': 18}, 
5045.0, {'J01': -77.80000000000001, 'top_mgr': 2}, {'J01': 7}, {'J01': 18}, 
5050.0, {'J01': -95.80000000000001, 'top_mgr': 0}, {'J01': 7}, {'J01': 20}, 
5055.0, {'J01': -108.20000000000002, 'top_mgr': 2}, {'J01': 6}, {'J01': 18}, 
5060.0, {'J01': -110.4, 'top_mgr': 6}, {'J01': 4}, {'J01': 12}, 
5065.0, {'J01': -115.60000000000001, 'top_mgr': 4}, {'J01': 3}, {'J01': 9}, 
5070.0, {'J01': -88.20000000000002, 'top_mgr': 4}, {'J01': 4}, {'J01': 7}, 
5075.0, {'J01': -101.20000000000002, 'top_mgr': 4}, {'J01': 7}, {'J01': 12}, 
5080.0, {'J01': -115.60000000000001, 'top_mgr': 1}, {'J01': 8}, {'J01': 18}, 
5085.0, {'J01': -136.4, 'top_mgr': 0}, {'J01': 8}, {'J01': 21}, 
5090.0, {'J01': -158.4, 'top_mgr': 0}, {'J01': 8}, {'J01': 23}, 
5095.0, {'J01': -172.59999999999997, 'top_mgr': 3}, {'J01': 7}, {'J01': 22}, 
5100.0, {'J01': -116.4, 'top_mgr': 4}, {'J01': 5}, {'J01': 21}, 
5105.0, {'J01': -134.20000000000002, 'top_mgr': 5}, {'J01': 4}, {'J01': 16}, 
5110.0, {'J01': -107.2, 'top_mgr': 5}, {'J01': 4}, {'J01': 14}, 
5115.0, {'J01': -119.2, 'top_mgr': 3}, {'J01': 4}, {'J01': 14}, 
5120.0, {'J01': -151.2, 'top_mgr': 0}, {'J01': 4}, {'J01': 18}, 
5125.0, {'J01': -132.6, 'top_mgr': 6}, {'J01': 6}, {'J01': 18}, 
5130.0, {'J01': -59.8, 'top_mgr': 5}, {'J01': 8}, {'J01': 18}, 
5135.0, {'J01': -71.80000000000001, 'top_mgr': 2}, {'J01': 8}, {'J01': 18}, 
5140.0, {'J01': -86.8, 'top_mgr': 1}, {'J01': 8}, {'J01': 20}, 
5145.0, {'J01': -109.8, 'top_mgr': 0}, {'J01': 8}, {'J01': 23}, 
5150.0, {'J01': -115.19999999999999, 'top_mgr': 1}, {'J01': 8}, {'J01': 23}, 
5155.0, {'J01': -106.0, 'top_mgr': 3}, {'J01': 7}, {'J01': 21}, 
5160.0, {'J01': -116.0, 'top_mgr': 3}, {'J01': 6}, {'J01': 18}, 
5165.0, {'J01': -124.4, 'top_mgr': 2}, {'J01': 5}, {'J01': 16}, 
5170.0, {'J01': -140.4, 'top_mgr': 0}, {'J01': 5}, {'J01': 16}, 
5175.0, {'J01': -153.4, 'top_mgr': 3}, {'J01': 4}, {'J01': 14}, 
5180.0, {'J01': -155.0, 'top_mgr': 6}, {'J01': 4}, {'J01': 8}, 
5185.0, {'J01': -79.0, 'top_mgr': 4}, {'J01': 4}, {'J01': 6}, 
5190.0, {'J01': -90.0, 'top_mgr': 2}, {'J01': 4}, {'J01': 8}, 
5195.0, {'J01': -100.80000000000001, 'top_mgr': 2}, {'J01': 3}, {'J01': 10}, 
5200.0, {'J01': -29.0, 'top_mgr': 4}, {'J01': 6}, {'J01': 12}, 
5205.0, {'J01': -42.6, 'top_mgr': 3}, {'J01': 8}, {'J01': 17}, 
5210.0, {'J01': -54.6, 'top_mgr': 2}, {'J01': 8}, {'J01': 17}, 
5215.0, {'J01': -61.6, 'top_mgr': 2}, {'J01': 7}, {'J01': 17}, 
5220.0, {'J01': -71.00000000000001, 'top_mgr': 2}, {'J01': 7}, {'J01': 18}, 
5225.0, {'J01': -83.60000000000001, 'top_mgr': 3}, {'J01': 5}, {'J01': 17}, 
5230.0, {'J01': -93.4, 'top_mgr': 5}, {'J01': 4}, {'J01': 12}, 
5235.0, {'J01': -80.2, 'top_mgr': 4}, {'J01': 4}, {'J01': 8}, 
5240.0, {'J01': -56.80000000000001, 'top_mgr': 5}, {'J01': 2}, {'J01': 6}, 
5245.0, {'J01': -80.80000000000001, 'top_mgr': 0}, {'J01': 3}, {'J01': 10}, 
5250.0, {'J01': -93.60000000000001, 'top_mgr': 3}, {'J01': 4}, {'J01': 10}, 
5255.0, {'J01': -87.4, 'top_mgr': 3}, {'J01': 3}, {'J01': 7}, 
5260.0, {'J01': -44.8, 'top_mgr': 3}, {'J01': 4}, {'J01': 11}, 
5265.0, {'J01': -59.800000000000004, 'top_mgr': 3}, {'J01': 7}, {'J01': 15}, 
5270.0, {'J01': -56.60000000000001, 'top_mgr': 4}, {'J01': 8}, {'J01': 16}, 
5275.0, {'J01': -64.60000000000001, 'top_mgr': 3}, {'J01': 8}, {'J01': 16}, 
5280.0, {'J01': -75.60000000000001, 'top_mgr': 2}, {'J01': 8}, {'J01': 18}, 
5285.0, {'J01': -71.20000000000002, 'top_mgr': 2}, {'J01': 7}, {'J01': 19}, 
5290.0, {'J01': -76.80000000000001, 'top_mgr': 6}, {'J01': 4}, {'J01': 15}, 
5295.0, {'J01': -90.20000000000002, 'top_mgr': 4}, {'J01': 4}, {'J01': 11}, 
5300.0, {'J01': -49.60000000000001, 'top_mgr': 5}, {'J01': 4}, {'J01': 7}, 
5305.0, {'J01': -65.2, 'top_mgr': 2}, {'J01': 4}, {'J01': 9}, 
5310.0, {'J01': -90.20000000000002, 'top_mgr': 0}, {'J01': 4}, {'J01': 14}, 
5315.0, {'J01': -103.60000000000002, 'top_mgr': 2}, {'J01': 4}, {'J01': 14}, 
5320.0, {'J01': -108.0, 'top_mgr': 6}, {'J01': 4}, {'J01': 9}, 
5325.0, {'J01': -128.0, 'top_mgr': 4}, {'J01': 4}, {'J01': 9}, 
5330.0, {'J01': -128.40000000000003, 'top_mgr': 4}, {'J01': 3}, {'J01': 8}, 
5335.0, {'J01': -142.20000000000002, 'top_mgr': 3}, {'J01': 2}, {'J01': 7}, 
5340.0, {'J01': -147.0, 'top_mgr': 1}, {'J01': 3}, {'J01': 8}, 
5345.0, {'J01': -174.0, 'top_mgr': 2}, {'J01': 4}, {'J01': 15}, 
5350.0, {'J01': -182.59999999999997, 'top_mgr': 2}, {'J01': 5}, {'J01': 17}, 
5355.0, {'J01': -151.60000000000002, 'top_mgr': 4}, {'J01': 4}, {'J01': 13}, 
5360.0, {'J01': -114.4, 'top_mgr': 2}, {'J01': 5}, {'J01': 14}, 
5365.0, {'J01': -129.39999999999998, 'top_mgr': 2}, {'J01': 7}, {'J01': 16}, 
5370.0, {'J01': -124.4, 'top_mgr': 4}, {'J01': 7}, {'J01': 17}, 
5375.0, {'J01': -139.0, 'top_mgr': 3}, {'J01': 6}, {'J01': 18}, 
5380.0, {'J01': -83.39999999999999, 'top_mgr': 2}, {'J01': 5}, {'J01': 16}, 
5385.0, {'J01': -83.6, 'top_mgr': 3}, {'J01': 4}, {'J01': 13}, 
5390.0, {'J01': -80.8, 'top_mgr': 3}, {'J01': 3}, {'J01': 11}, 
5395.0, {'J01': -78.6, 'top_mgr': 4}, {'J01': 2}, {'J01': 8}, 
5400.0, {'J01': -66.80000000000001, 'top_mgr': 3}, {'J01': 3}, {'J01': 7}, 
