5.0, {'J01': -0.0, 'top_mgr': 0}, {'J01': 0}, {'J01': 0}, 
10.0, {'J01': -0.0, 'top_mgr': 1}, {'J01': 0}, {'J01': 0}, 
15.0, {'J01': -5.6, 'top_mgr': 4}, {'J01': 2}, {'J01': 3}, 
20.0, {'J01': -9.600000000000001, 'top_mgr': 2}, {'J01': 1}, {'J01': 3}, 
25.0, {'J01': -17.8, 'top_mgr': 1}, {'J01': 2}, {'J01': 6}, 
30.0, {'J01': -41.2, 'top_mgr': 0}, {'J01': 3}, {'J01': 11}, 
35.0, {'J01': -72.0, 'top_mgr': 0}, {'J01': 4}, {'J01': 16}, 
40.0, {'J01': -73.0, 'top_mgr': 5}, {'J01': 4}, {'J01': 11}, 
45.0, {'J01': -67.2, 'top_mgr': 6}, {'J01': 3}, {'J01': 11}, 
50.0, {'J01': -114.8, 'top_mgr': 0}, {'J01': 4}, {'J01': 23}, 
55.0, {'J01': -147.4, 'top_mgr': 4}, {'J01': 7}, {'J01': 27}, 
60.0, {'J01': -182.0, 'top_mgr': 2}, {'J01': 8}, {'J01': 29}, 
65.0, {'J01': -193.0, 'top_mgr': 5}, {'J01': 8}, {'J01': 29}, 
70.0, {'J01': -213.40000000000003, 'top_mgr': 2}, {'J01': 8}, {'J01': 30}, 
75.0, {'J01': -218.20000000000002, 'top_mgr': 5}, {'J01': 8}, {'J01': 29}, 
80.0, {'J01': -185.8, 'top_mgr': 6}, {'J01': 8}, {'J01': 27}, 
85.0, {'J01': -187.0, 'top_mgr': 3}, {'J01': 8}, {'J01': 27}, 
90.0, {'J01': -228.0, 'top_mgr': 0}, {'J01': 8}, {'J01': 32}, 
95.0, {'J01': -271.6, 'top_mgr': 0}, {'J01': 8}, {'J01': 36}, 
100.0, {'J01': -267.8, 'top_mgr': 9}, {'J01': 6}, {'J01': 29}, 
105.0, {'J01': -250.40000000000006, 'top_mgr': 6}, {'J01': 6}, {'J01': 24}, 
110.0, {'J01': -250.4, 'top_mgr': 2}, {'J01': 6}, {'J01': 28}, 
115.0, {'J01': -291.59999999999997, 'top_mgr': 1}, {'J01': 7}, {'J01': 32}, 
120.0, {'J01': -306.40000000000003, 'top_mgr': 6}, {'J01': 8}, {'J01': 30}, 
125.0, {'J01': -308.6000000000001, 'top_mgr': 5}, {'J01': 8}, {'J01': 29}, 
130.0, {'J01': -343.6, 'top_mgr': 0}, {'J01': 8}, {'J01': 32}, 
135.0, {'J01': -348.40000000000003, 'top_mgr': 6}, {'J01': 7}, {'J01': 29}, 
140.0, {'J01': -364.4000000000001, 'top_mgr': 5}, {'J01': 6}, {'J01': 27}, 
145.0, {'J01': -406.80000000000007, 'top_mgr': 1}, {'J01': 6}, {'J01': 32}, 
150.0, {'J01': -406.40000000000003, 'top_mgr': 8}, {'J01': 6}, {'J01': 29}, 
155.0, {'J01': -427.00000000000006, 'top_mgr': 5}, {'J01': 5}, {'J01': 25}, 
160.0, {'J01': -466.00000000000006, 'top_mgr': 0}, {'J01': 5}, {'J01': 31}, 
165.0, {'J01': -509.00000000000006, 'top_mgr': 0}, {'J01': 7}, {'J01': 38}, 
170.0, {'J01': -482.0, 'top_mgr': 7}, {'J01': 7}, {'J01': 34}, 
175.0, {'J01': -358.80000000000007, 'top_mgr': 14}, {'J01': 6}, {'J01': 24}, 
180.0, {'J01': -365.80000000000007, 'top_mgr': 4}, {'J01': 6}, {'J01': 25}, 
185.0, {'J01': -402.8, 'top_mgr': 1}, {'J01': 6}, {'J01': 28}, 
190.0, {'J01': -439.6, 'top_mgr': 1}, {'J01': 6}, {'J01': 34}, 
195.0, {'J01': -483.6, 'top_mgr': 0}, {'J01': 8}, {'J01': 40}, 
200.0, {'J01': -524.6, 'top_mgr': 0}, {'J01': 8}, {'J01': 41}, 
205.0, {'J01': -513.4, 'top_mgr': 5}, {'J01': 8}, {'J01': 37}, 
210.0, {'J01': -546.8000000000001, 'top_mgr': 2}, {'J01': 8}, {'J01': 35}, 
215.0, {'J01': -517.1999999999999, 'top_mgr': 5}, {'J01': 8}, {'J01': 30}, 
220.0, {'J01': -409.2, 'top_mgr': 2}, {'J01': 8}, {'J01': 32}, 
225.0, {'J01': -449.00000000000006, 'top_mgr': 0}, {'J01': 8}, {'J01': 35}, 
230.0, {'J01': -493.40000000000003, 'top_mgr': 0}, {'J01': 8}, {'J01': 38}, 
235.0, {'J01': -522.1999999999999, 'top_mgr': 2}, {'J01': 8}, {'J01': 37}, 
240.0, {'J01': -558.1999999999999, 'top_mgr': 1}, {'J01': 8}, {'J01': 37}, 
245.0, {'J01': -575.0, 'top_mgr': 5}, {'J01': 7}, {'J01': 34}, 
250.0, {'J01': -411.4, 'top_mgr': 4}, {'J01': 7}, {'J01': 32}, 
255.0, {'J01': -414.40000000000003, 'top_mgr': 3}, {'J01': 7}, {'J01': 34}, 
260.0, {'J01': -441.0, 'top_mgr': 3}, {'J01': 8}, {'J01': 34}, 
265.0, {'J01': -471.2, 'top_mgr': 1}, {'J01': 8}, {'J01': 36}, 
270.0, {'J01': -512.4, 'top_mgr': 0}, {'J01': 8}, {'J01': 43}, 
275.0, {'J01': -378.6000000000001, 'top_mgr': 9}, {'J01': 7}, {'J01': 36}, 
280.0, {'J01': -395.6000000000001, 'top_mgr': 3}, {'J01': 7}, {'J01': 33}, 
285.0, {'J01': -435.00000000000006, 'top_mgr': 0}, {'J01': 7}, {'J01': 38}, 
290.0, {'J01': -479.00000000000006, 'top_mgr': 0}, {'J01': 8}, {'J01': 42}, 
295.0, {'J01': -435.8, 'top_mgr': 9}, {'J01': 8}, {'J01': 38}, 
300.0, {'J01': -419.20000000000005, 'top_mgr': 4}, {'J01': 7}, {'J01': 35}, 
305.0, {'J01': -449.20000000000005, 'top_mgr': 1}, {'J01': 7}, {'J01': 36}, 
310.0, {'J01': -453.8, 'top_mgr': 3}, {'J01': 8}, {'J01': 39}, 
315.0, {'J01': -475.0, 'top_mgr': 3}, {'J01': 9}, {'J01': 42}, 
320.0, {'J01': -463.8, 'top_mgr': 5}, {'J01': 10}, {'J01': 40}, 
325.0, {'J01': -479.00000000000006, 'top_mgr': 4}, {'J01': 10}, {'J01': 41}, 
330.0, {'J01': -510.8, 'top_mgr': 3}, {'J01': 12}, {'J01': 42}, 
335.0, {'J01': -545.5999999999999, 'top_mgr': 1}, {'J01': 13}, {'J01': 44}, 
340.0, {'J01': -523.4, 'top_mgr': 7}, {'J01': 12}, {'J01': 42}, 
345.0, {'J01': -506.4, 'top_mgr': 3}, {'J01': 10}, {'J01': 42}, 
350.0, {'J01': -488.0, 'top_mgr': 3}, {'J01': 10}, {'J01': 39}, 
355.0, {'J01': -477.8, 'top_mgr': 4}, {'J01': 10}, {'J01': 37}, 
360.0, {'J01': -512.4000000000001, 'top_mgr': 3}, {'J01': 12}, {'J01': 42}, 
365.0, {'J01': -521.8000000000001, 'top_mgr': 4}, {'J01': 12}, {'J01': 41}, 
370.0, {'J01': -538.0000000000001, 'top_mgr': 1}, {'J01': 12}, {'J01': 43}, 
375.0, {'J01': -565.8, 'top_mgr': 4}, {'J01': 12}, {'J01': 42}, 
380.0, {'J01': -514.2, 'top_mgr': 6}, {'J01': 12}, {'J01': 39}, 
385.0, {'J01': -358.2, 'top_mgr': 14}, {'J01': 7}, {'J01': 26}, 
390.0, {'J01': -334.2, 'top_mgr': 9}, {'J01': 6}, {'J01': 23}, 
395.0, {'J01': -361.8, 'top_mgr': 3}, {'J01': 7}, {'J01': 26}, 
400.0, {'J01': -386.8, 'top_mgr': 2}, {'J01': 8}, {'J01': 32}, 
405.0, {'J01': -341.79999999999995, 'top_mgr': 4}, {'J01': 9}, {'J01': 35}, 
410.0, {'J01': -331.99999999999994, 'top_mgr': 4}, {'J01': 11}, {'J01': 36}, 
415.0, {'J01': -353.79999999999995, 'top_mgr': 5}, {'J01': 12}, {'J01': 34}, 
420.0, {'J01': -380.99999999999994, 'top_mgr': 1}, {'J01': 12}, {'J01': 40}, 
425.0, {'J01': -428.4, 'top_mgr': 0}, {'J01': 12}, {'J01': 45}, 
430.0, {'J01': -390.19999999999993, 'top_mgr': 8}, {'J01': 10}, {'J01': 39}, 
435.0, {'J01': -424.8, 'top_mgr': 1}, {'J01': 10}, {'J01': 40}, 
440.0, {'J01': -437.2, 'top_mgr': 2}, {'J01': 10}, {'J01': 40}, 
445.0, {'J01': -458.80000000000007, 'top_mgr': 2}, {'J01': 11}, {'J01': 42}, 
450.0, {'J01': -491.80000000000007, 'top_mgr': 2}, {'J01': 13}, {'J01': 44}, 
455.0, {'J01': -508.40000000000003, 'top_mgr': 4}, {'J01': 14}, {'J01': 45}, 
460.0, {'J01': -530.4000000000001, 'top_mgr': 2}, {'J01': 14}, {'J01': 46}, 
465.0, {'J01': -520.4, 'top_mgr': 2}, {'J01': 14}, {'J01': 45}, 
470.0, {'J01': -509.8, 'top_mgr': 2}, {'J01': 16}, {'J01': 47}, 
475.0, {'J01': -545.4000000000002, 'top_mgr': 0}, {'J01': 16}, {'J01': 49}, 
480.0, {'J01': -527.6000000000001, 'top_mgr': 3}, {'J01': 16}, {'J01': 48}, 
485.0, {'J01': -538.8000000000001, 'top_mgr': 2}, {'J01': 17}, {'J01': 48}, 
490.0, {'J01': -571.8000000000001, 'top_mgr': 1}, {'J01': 18}, {'J01': 50}, 
495.0, {'J01': -604.0000000000001, 'top_mgr': 2}, {'J01': 19}, {'J01': 52}, 
500.0, {'J01': -568.4000000000001, 'top_mgr': 7}, {'J01': 20}, {'J01': 47}, 
505.0, {'J01': -600.8000000000001, 'top_mgr': 2}, {'J01': 22}, {'J01': 47}, 
510.0, {'J01': -636.6, 'top_mgr': 1}, {'J01': 22}, {'J01': 50}, 
515.0, {'J01': -647.4000000000001, 'top_mgr': 2}, {'J01': 23}, {'J01': 54}, 
520.0, {'J01': -520.0000000000001, 'top_mgr': 8}, {'J01': 22}, {'J01': 49}, 
525.0, {'J01': -411.2, 'top_mgr': 14}, {'J01': 19}, {'J01': 39}, 
530.0, {'J01': -362.0, 'top_mgr': 16}, {'J01': 14}, {'J01': 30}, 
535.0, {'J01': -235.59999999999997, 'top_mgr': 8}, {'J01': 13}, {'J01': 26}, 
540.0, {'J01': -201.79999999999995, 'top_mgr': 9}, {'J01': 11}, {'J01': 26}, 
545.0, {'J01': -247.19999999999993, 'top_mgr': 2}, {'J01': 10}, {'J01': 29}, 
550.0, {'J01': -279.79999999999995, 'top_mgr': 2}, {'J01': 10}, {'J01': 34}, 
555.0, {'J01': -337.19999999999993, 'top_mgr': 1}, {'J01': 10}, {'J01': 47}, 
560.0, {'J01': -355.79999999999995, 'top_mgr': 3}, {'J01': 10}, {'J01': 44}, 
565.0, {'J01': -391.4, 'top_mgr': 1}, {'J01': 11}, {'J01': 44}, 
570.0, {'J01': -376.6, 'top_mgr': 2}, {'J01': 11}, {'J01': 46}, 
575.0, {'J01': -421.6, 'top_mgr': 0}, {'J01': 11}, {'J01': 47}, 
580.0, {'J01': -470.6, 'top_mgr': 0}, {'J01': 12}, {'J01': 52}, 
585.0, {'J01': -516.6, 'top_mgr': 0}, {'J01': 12}, {'J01': 54}, 
590.0, {'J01': -560.6, 'top_mgr': 0}, {'J01': 12}, {'J01': 54}, 
595.0, {'J01': -606.6, 'top_mgr': 0}, {'J01': 14}, {'J01': 56}, 
600.0, {'J01': -564.4000000000001, 'top_mgr': 12}, {'J01': 13}, {'J01': 46}, 
605.0, {'J01': -606.4000000000001, 'top_mgr': 3}, {'J01': 11}, {'J01': 45}, 
610.0, {'J01': -654.4000000000001, 'top_mgr': 0}, {'J01': 11}, {'J01': 49}, 
615.0, {'J01': -683.0000000000001, 'top_mgr': 2}, {'J01': 12}, {'J01': 51}, 
620.0, {'J01': -607.2000000000002, 'top_mgr': 11}, {'J01': 10}, {'J01': 41}, 
625.0, {'J01': -612.2, 'top_mgr': 10}, {'J01': 10}, {'J01': 34}, 
630.0, {'J01': -551.4000000000001, 'top_mgr': 13}, {'J01': 12}, {'J01': 28}, 
635.0, {'J01': -521.8, 'top_mgr': 8}, {'J01': 13}, {'J01': 27}, 
640.0, {'J01': -490.4, 'top_mgr': 8}, {'J01': 11}, {'J01': 26}, 
645.0, {'J01': -539.6000000000001, 'top_mgr': 3}, {'J01': 10}, {'J01': 36}, 
650.0, {'J01': -508.19999999999993, 'top_mgr': 3}, {'J01': 10}, {'J01': 40}, 
655.0, {'J01': -560.2, 'top_mgr': 0}, {'J01': 11}, {'J01': 48}, 
660.0, {'J01': -514.4, 'top_mgr': 5}, {'J01': 14}, {'J01': 48}, 
665.0, {'J01': -416.0, 'top_mgr': 4}, {'J01': 15}, {'J01': 48}, 
670.0, {'J01': -458.8, 'top_mgr': 2}, {'J01': 15}, {'J01': 50}, 
675.0, {'J01': -462.40000000000003, 'top_mgr': 3}, {'J01': 15}, {'J01': 51}, 
680.0, {'J01': -407.40000000000003, 'top_mgr': 1}, {'J01': 16}, {'J01': 51}, 
685.0, {'J01': -427.99999999999994, 'top_mgr': 2}, {'J01': 17}, {'J01': 53}, 
690.0, {'J01': -380.6, 'top_mgr': 8}, {'J01': 17}, {'J01': 46}, 
695.0, {'J01': -396.40000000000003, 'top_mgr': 1}, {'J01': 19}, {'J01': 50}, 
700.0, {'J01': -335.0, 'top_mgr': 12}, {'J01': 16}, {'J01': 43}, 
705.0, {'J01': -253.60000000000002, 'top_mgr': 11}, {'J01': 15}, {'J01': 32}, 
710.0, {'J01': -259.40000000000003, 'top_mgr': 5}, {'J01': 14}, {'J01': 31}, 
715.0, {'J01': -298.40000000000003, 'top_mgr': 0}, {'J01': 14}, {'J01': 36}, 
720.0, {'J01': -341.40000000000003, 'top_mgr': 0}, {'J01': 15}, {'J01': 43}, 
725.0, {'J01': -381.40000000000003, 'top_mgr': 2}, {'J01': 16}, {'J01': 47}, 
730.0, {'J01': -402.40000000000003, 'top_mgr': 1}, {'J01': 16}, {'J01': 46}, 
735.0, {'J01': -393.2, 'top_mgr': 5}, {'J01': 15}, {'J01': 42}, 
740.0, {'J01': -392.6000000000001, 'top_mgr': 3}, {'J01': 15}, {'J01': 42}, 
745.0, {'J01': -420.20000000000005, 'top_mgr': 3}, {'J01': 17}, {'J01': 43}, 
750.0, {'J01': -418.6, 'top_mgr': 6}, {'J01': 17}, {'J01': 39}, 
755.0, {'J01': -275.80000000000007, 'top_mgr': 15}, {'J01': 14}, {'J01': 31}, 
760.0, {'J01': -307.00000000000006, 'top_mgr': 5}, {'J01': 12}, {'J01': 30}, 
765.0, {'J01': -342.2000000000001, 'top_mgr': 2}, {'J01': 12}, {'J01': 35}, 
770.0, {'J01': -384.8000000000001, 'top_mgr': 1}, {'J01': 13}, {'J01': 44}, 
775.0, {'J01': -443.8000000000001, 'top_mgr': 0}, {'J01': 13}, {'J01': 51}, 
780.0, {'J01': -404.0, 'top_mgr': 13}, {'J01': 9}, {'J01': 39}, 
785.0, {'J01': -371.40000000000003, 'top_mgr': 9}, {'J01': 6}, {'J01': 32}, 
790.0, {'J01': -424.4, 'top_mgr': 1}, {'J01': 5}, {'J01': 33}, 
795.0, {'J01': -478.40000000000003, 'top_mgr': 1}, {'J01': 5}, {'J01': 35}, 
800.0, {'J01': -532.4, 'top_mgr': 1}, {'J01': 8}, {'J01': 41}, 
805.0, {'J01': -488.6000000000001, 'top_mgr': 11}, {'J01': 6}, {'J01': 34}, 
810.0, {'J01': -451.00000000000006, 'top_mgr': 9}, {'J01': 4}, {'J01': 28}, 
815.0, {'J01': -449.2000000000001, 'top_mgr': 10}, {'J01': 4}, {'J01': 23}, 
820.0, {'J01': -453.20000000000005, 'top_mgr': 3}, {'J01': 4}, {'J01': 23}, 
825.0, {'J01': -449.6000000000001, 'top_mgr': 2}, {'J01': 4}, {'J01': 28}, 
830.0, {'J01': -389.40000000000003, 'top_mgr': 5}, {'J01': 6}, {'J01': 32}, 
835.0, {'J01': -385.20000000000005, 'top_mgr': 4}, {'J01': 8}, {'J01': 38}, 
840.0, {'J01': -381.8, 'top_mgr': 5}, {'J01': 8}, {'J01': 35}, 
845.0, {'J01': -415.00000000000006, 'top_mgr': 4}, {'J01': 8}, {'J01': 35}, 
850.0, {'J01': -459.00000000000006, 'top_mgr': 0}, {'J01': 8}, {'J01': 41}, 
855.0, {'J01': -504.00000000000006, 'top_mgr': 0}, {'J01': 8}, {'J01': 42}, 
860.0, {'J01': -460.20000000000005, 'top_mgr': 9}, {'J01': 7}, {'J01': 34}, 
865.0, {'J01': -465.6, 'top_mgr': 11}, {'J01': 5}, {'J01': 26}, 
870.0, {'J01': -464.4000000000001, 'top_mgr': 5}, {'J01': 5}, {'J01': 25}, 
875.0, {'J01': -475.40000000000003, 'top_mgr': 4}, {'J01': 6}, {'J01': 28}, 
880.0, {'J01': -507.6, 'top_mgr': 1}, {'J01': 6}, {'J01': 33}, 
885.0, {'J01': -556.6, 'top_mgr': 0}, {'J01': 8}, {'J01': 42}, 
890.0, {'J01': -596.6, 'top_mgr': 0}, {'J01': 8}, {'J01': 42}, 
895.0, {'J01': -636.6, 'top_mgr': 1}, {'J01': 8}, {'J01': 42}, 
900.0, {'J01': -677.6, 'top_mgr': 0}, {'J01': 8}, {'J01': 43}, 
905.0, {'J01': -678.2000000000003, 'top_mgr': 9}, {'J01': 7}, {'J01': 37}, 
910.0, {'J01': -560.6000000000001, 'top_mgr': 11}, {'J01': 7}, {'J01': 28}, 
915.0, {'J01': -582.2000000000002, 'top_mgr': 11}, {'J01': 7}, {'J01': 24}, 
920.0, {'J01': -594.8000000000002, 'top_mgr': 7}, {'J01': 7}, {'J01': 22}, 
925.0, {'J01': -507.2, 'top_mgr': 9}, {'J01': 4}, {'J01': 21}, 
930.0, {'J01': -269.8, 'top_mgr': 8}, {'J01': 6}, {'J01': 22}, 
935.0, {'J01': -290.0, 'top_mgr': 5}, {'J01': 8}, {'J01': 25}, 
940.0, {'J01': -297.4, 'top_mgr': 2}, {'J01': 8}, {'J01': 26}, 
945.0, {'J01': -297.99999999999994, 'top_mgr': 4}, {'J01': 7}, {'J01': 25}, 
950.0, {'J01': -311.8, 'top_mgr': 2}, {'J01': 7}, {'J01': 27}, 
955.0, {'J01': -289.20000000000005, 'top_mgr': 7}, {'J01': 6}, {'J01': 23}, 
960.0, {'J01': -298.99999999999994, 'top_mgr': 4}, {'J01': 6}, {'J01': 22}, 
965.0, {'J01': -292.4, 'top_mgr': 7}, {'J01': 5}, {'J01': 17}, 
970.0, {'J01': -314.20000000000005, 'top_mgr': 7}, {'J01': 4}, {'J01': 17}, 
975.0, {'J01': -352.20000000000005, 'top_mgr': 0}, {'J01': 4}, {'J01': 19}, 
980.0, {'J01': -377.40000000000003, 'top_mgr': 3}, {'J01': 6}, {'J01': 21}, 
985.0, {'J01': -351.6, 'top_mgr': 9}, {'J01': 4}, {'J01': 17}, 
990.0, {'J01': -341.8, 'top_mgr': 10}, {'J01': 4}, {'J01': 15}, 
995.0, {'J01': -334.2, 'top_mgr': 7}, {'J01': 4}, {'J01': 14}, 
1000.0, {'J01': -383.40000000000003, 'top_mgr': 1}, {'J01': 4}, {'J01': 26}, 
1005.0, {'J01': -381.0, 'top_mgr': 3}, {'J01': 7}, {'J01': 30}, 
1010.0, {'J01': -421.0, 'top_mgr': 1}, {'J01': 8}, {'J01': 34}, 
1015.0, {'J01': -458.0, 'top_mgr': 0}, {'J01': 8}, {'J01': 35}, 
1020.0, {'J01': -263.0, 'top_mgr': 6}, {'J01': 8}, {'J01': 30}, 
1025.0, {'J01': -156.60000000000002, 'top_mgr': 5}, {'J01': 8}, {'J01': 26}, 
1030.0, {'J01': -180.60000000000002, 'top_mgr': 2}, {'J01': 8}, {'J01': 26}, 
1035.0, {'J01': -212.2, 'top_mgr': 2}, {'J01': 8}, {'J01': 30}, 
1040.0, {'J01': -243.2, 'top_mgr': 1}, {'J01': 8}, {'J01': 31}, 
1045.0, {'J01': -276.2, 'top_mgr': 4}, {'J01': 8}, {'J01': 32}, 
1050.0, {'J01': -312.8, 'top_mgr': 2}, {'J01': 8}, {'J01': 34}, 
1055.0, {'J01': -326.2, 'top_mgr': 7}, {'J01': 8}, {'J01': 30}, 
1060.0, {'J01': -342.8, 'top_mgr': 3}, {'J01': 8}, {'J01': 31}, 
1065.0, {'J01': -370.0, 'top_mgr': 3}, {'J01': 8}, {'J01': 33}, 
1070.0, {'J01': -404.8, 'top_mgr': 1}, {'J01': 8}, {'J01': 35}, 
1075.0, {'J01': -448.79999999999995, 'top_mgr': 0}, {'J01': 8}, {'J01': 39}, 
1080.0, {'J01': -363.59999999999997, 'top_mgr': 11}, {'J01': 6}, {'J01': 28}, 
1085.0, {'J01': -396.2, 'top_mgr': 2}, {'J01': 6}, {'J01': 26}, 
1090.0, {'J01': -437.79999999999995, 'top_mgr': 1}, {'J01': 6}, {'J01': 31}, 
1095.0, {'J01': -297.2, 'top_mgr': 10}, {'J01': 6}, {'J01': 24}, 
1100.0, {'J01': -297.2, 'top_mgr': 10}, {'J01': 4}, {'J01': 16}, 
1105.0, {'J01': -320.6000000000001, 'top_mgr': 4}, {'J01': 4}, {'J01': 17}, 
1110.0, {'J01': -296.40000000000003, 'top_mgr': 4}, {'J01': 4}, {'J01': 20}, 
1115.0, {'J01': -244.4, 'top_mgr': 4}, {'J01': 7}, {'J01': 22}, 
1120.0, {'J01': -271.80000000000007, 'top_mgr': 1}, {'J01': 8}, {'J01': 28}, 
1125.0, {'J01': -291.2, 'top_mgr': 5}, {'J01': 8}, {'J01': 27}, 
1130.0, {'J01': -149.8, 'top_mgr': 7}, {'J01': 7}, {'J01': 24}, 
1135.0, {'J01': -145.8, 'top_mgr': 7}, {'J01': 5}, {'J01': 21}, 
1140.0, {'J01': -165.60000000000002, 'top_mgr': 9}, {'J01': 4}, {'J01': 16}, 
1145.0, {'J01': -157.4, 'top_mgr': 8}, {'J01': 4}, {'J01': 15}, 
1150.0, {'J01': -173.4, 'top_mgr': 5}, {'J01': 4}, {'J01': 19}, 
1155.0, {'J01': -193.20000000000002, 'top_mgr': 5}, {'J01': 4}, {'J01': 16}, 
1160.0, {'J01': -187.40000000000003, 'top_mgr': 6}, {'J01': 4}, {'J01': 16}, 
1165.0, {'J01': -219.00000000000006, 'top_mgr': 3}, {'J01': 4}, {'J01': 25}, 
1170.0, {'J01': -257.40000000000003, 'top_mgr': 3}, {'J01': 6}, {'J01': 30}, 
1175.0, {'J01': -266.8, 'top_mgr': 4}, {'J01': 7}, {'J01': 29}, 
1180.0, {'J01': -269.4, 'top_mgr': 4}, {'J01': 8}, {'J01': 34}, 
1185.0, {'J01': -310.40000000000003, 'top_mgr': 0}, {'J01': 8}, {'J01': 35}, 
1190.0, {'J01': -347.80000000000007, 'top_mgr': 1}, {'J01': 8}, {'J01': 36}, 
1195.0, {'J01': -376.40000000000003, 'top_mgr': 2}, {'J01': 8}, {'J01': 39}, 
1200.0, {'J01': -341.40000000000003, 'top_mgr': 1}, {'J01': 8}, {'J01': 40}, 
1205.0, {'J01': -282.0, 'top_mgr': 8}, {'J01': 8}, {'J01': 32}, 
1210.0, {'J01': -295.20000000000005, 'top_mgr': 2}, {'J01': 8}, {'J01': 33}, 
1215.0, {'J01': -338.8, 'top_mgr': 0}, {'J01': 8}, {'J01': 36}, 
1220.0, {'J01': -285.6, 'top_mgr': 13}, {'J01': 6}, {'J01': 25}, 
1225.0, {'J01': -233.6, 'top_mgr': 10}, {'J01': 4}, {'J01': 18}, 
1230.0, {'J01': -194.0, 'top_mgr': 7}, {'J01': 4}, {'J01': 19}, 
1235.0, {'J01': -241.20000000000002, 'top_mgr': 0}, {'J01': 4}, {'J01': 25}, 
1240.0, {'J01': -297.8, 'top_mgr': 2}, {'J01': 7}, {'J01': 36}, 
1245.0, {'J01': -353.6, 'top_mgr': 1}, {'J01': 8}, {'J01': 42}, 
1250.0, {'J01': -379.8, 'top_mgr': 7}, {'J01': 8}, {'J01': 39}, 
1255.0, {'J01': -397.20000000000005, 'top_mgr': 5}, {'J01': 8}, {'J01': 36}, 
1260.0, {'J01': -450.6, 'top_mgr': 1}, {'J01': 8}, {'J01': 43}, 
1265.0, {'J01': -452.2, 'top_mgr': 7}, {'J01': 7}, {'J01': 39}, 
1270.0, {'J01': -370.99999999999994, 'top_mgr': 11}, {'J01': 6}, {'J01': 32}, 
1275.0, {'J01': -406.59999999999997, 'top_mgr': 8}, {'J01': 6}, {'J01': 29}, 
1280.0, {'J01': -383.99999999999994, 'top_mgr': 9}, {'J01': 6}, {'J01': 27}, 
1285.0, {'J01': -388.0, 'top_mgr': 8}, {'J01': 5}, {'J01': 27}, 
1290.0, {'J01': -405.8, 'top_mgr': 3}, {'J01': 4}, {'J01': 31}, 
1295.0, {'J01': -376.4000000000001, 'top_mgr': 6}, {'J01': 6}, {'J01': 37}, 
1300.0, {'J01': -397.20000000000005, 'top_mgr': 3}, {'J01': 8}, {'J01': 42}, 
1305.0, {'J01': -345.20000000000005, 'top_mgr': 3}, {'J01': 8}, {'J01': 44}, 
1310.0, {'J01': -331.6, 'top_mgr': 6}, {'J01': 8}, {'J01': 39}, 
1315.0, {'J01': -311.00000000000006, 'top_mgr': 3}, {'J01': 8}, {'J01': 39}, 
1320.0, {'J01': -354.6, 'top_mgr': 2}, {'J01': 8}, {'J01': 39}, 
1325.0, {'J01': -387.40000000000003, 'top_mgr': 3}, {'J01': 8}, {'J01': 40}, 
1330.0, {'J01': -432.40000000000003, 'top_mgr': 3}, {'J01': 8}, {'J01': 41}, 
1335.0, {'J01': -441.20000000000005, 'top_mgr': 4}, {'J01': 8}, {'J01': 42}, 
1340.0, {'J01': -438.6, 'top_mgr': 2}, {'J01': 8}, {'J01': 41}, 
1345.0, {'J01': -421.00000000000006, 'top_mgr': 4}, {'J01': 8}, {'J01': 43}, 
1350.0, {'J01': -401.8, 'top_mgr': 4}, {'J01': 8}, {'J01': 42}, 
1355.0, {'J01': -402.20000000000005, 'top_mgr': 4}, {'J01': 8}, {'J01': 40}, 
1360.0, {'J01': -377.20000000000005, 'top_mgr': 12}, {'J01': 6}, {'J01': 29}, 
1365.0, {'J01': -271.80000000000007, 'top_mgr': 10}, {'J01': 4}, {'J01': 20}, 
1370.0, {'J01': -260.40000000000003, 'top_mgr': 6}, {'J01': 4}, {'J01': 21}, 
1375.0, {'J01': -310.40000000000003, 'top_mgr': 0}, {'J01': 4}, {'J01': 23}, 
1380.0, {'J01': -290.4, 'top_mgr': 8}, {'J01': 4}, {'J01': 15}, 
1385.0, {'J01': -321.4, 'top_mgr': 2}, {'J01': 3}, {'J01': 20}, 
1390.0, {'J01': -299.59999999999997, 'top_mgr': 4}, {'J01': 6}, {'J01': 23}, 
1395.0, {'J01': -330.4, 'top_mgr': 2}, {'J01': 8}, {'J01': 29}, 
1400.0, {'J01': -304.79999999999995, 'top_mgr': 6}, {'J01': 8}, {'J01': 28}, 
1405.0, {'J01': -294.2, 'top_mgr': 2}, {'J01': 8}, {'J01': 28}, 
1410.0, {'J01': -336.8, 'top_mgr': 1}, {'J01': 8}, {'J01': 34}, 
1415.0, {'J01': -337.0, 'top_mgr': 2}, {'J01': 8}, {'J01': 34}, 
1420.0, {'J01': -347.2, 'top_mgr': 4}, {'J01': 8}, {'J01': 31}, 
1425.0, {'J01': -374.8, 'top_mgr': 1}, {'J01': 8}, {'J01': 33}, 
1430.0, {'J01': -417.8, 'top_mgr': 0}, {'J01': 8}, {'J01': 38}, 
1435.0, {'J01': -455.6, 'top_mgr': 1}, {'J01': 8}, {'J01': 39}, 
1440.0, {'J01': -433.4, 'top_mgr': 6}, {'J01': 8}, {'J01': 35}, 
1445.0, {'J01': -473.6, 'top_mgr': 1}, {'J01': 8}, {'J01': 36}, 
1450.0, {'J01': -456.4, 'top_mgr': 7}, {'J01': 7}, {'J01': 34}, 
1455.0, {'J01': -471.2, 'top_mgr': 2}, {'J01': 7}, {'J01': 34}, 
1460.0, {'J01': -508.6000000000001, 'top_mgr': 1}, {'J01': 7}, {'J01': 39}, 
1465.0, {'J01': -556.8, 'top_mgr': 1}, {'J01': 7}, {'J01': 46}, 
1470.0, {'J01': -609.8000000000001, 'top_mgr': 0}, {'J01': 8}, {'J01': 51}, 
1475.0, {'J01': -437.6, 'top_mgr': 9}, {'J01': 7}, {'J01': 42}, 
1480.0, {'J01': -421.6, 'top_mgr': 7}, {'J01': 6}, {'J01': 36}, 
1485.0, {'J01': -460.00000000000006, 'top_mgr': 2}, {'J01': 6}, {'J01': 34}, 
1490.0, {'J01': -429.40000000000003, 'top_mgr': 10}, {'J01': 5}, {'J01': 24}, 
1495.0, {'J01': -478.6, 'top_mgr': 0}, {'J01': 5}, {'J01': 31}, 
1500.0, {'J01': -473.6, 'top_mgr': 3}, {'J01': 6}, {'J01': 33}, 
1505.0, {'J01': -454.0, 'top_mgr': 5}, {'J01': 8}, {'J01': 33}, 
1510.0, {'J01': -433.6, 'top_mgr': 2}, {'J01': 8}, {'J01': 38}, 
1515.0, {'J01': -470.0, 'top_mgr': 2}, {'J01': 8}, {'J01': 39}, 
1520.0, {'J01': -375.0, 'top_mgr': 7}, {'J01': 8}, {'J01': 35}, 
1525.0, {'J01': -369.80000000000007, 'top_mgr': 5}, {'J01': 8}, {'J01': 38}, 
1530.0, {'J01': -420.2000000000001, 'top_mgr': 2}, {'J01': 8}, {'J01': 41}, 
1535.0, {'J01': -444.00000000000006, 'top_mgr': 4}, {'J01': 8}, {'J01': 40}, 
1540.0, {'J01': -482.80000000000007, 'top_mgr': 1}, {'J01': 8}, {'J01': 43}, 
1545.0, {'J01': -513.4, 'top_mgr': 4}, {'J01': 8}, {'J01': 44}, 
1550.0, {'J01': -521.6, 'top_mgr': 7}, {'J01': 7}, {'J01': 40}, 
1555.0, {'J01': -316.2, 'top_mgr': 15}, {'J01': 5}, {'J01': 28}, 
1560.0, {'J01': -294.79999999999995, 'top_mgr': 8}, {'J01': 5}, {'J01': 25}, 
1565.0, {'J01': -338.59999999999997, 'top_mgr': 3}, {'J01': 5}, {'J01': 25}, 
1570.0, {'J01': -335.0, 'top_mgr': 3}, {'J01': 5}, {'J01': 30}, 
1575.0, {'J01': -382.6, 'top_mgr': 1}, {'J01': 8}, {'J01': 38}, 
1580.0, {'J01': -414.80000000000007, 'top_mgr': 5}, {'J01': 8}, {'J01': 38}, 
1585.0, {'J01': -430.80000000000007, 'top_mgr': 3}, {'J01': 8}, {'J01': 35}, 
1590.0, {'J01': -368.0, 'top_mgr': 10}, {'J01': 6}, {'J01': 30}, 
1595.0, {'J01': -338.79999999999995, 'top_mgr': 10}, {'J01': 5}, {'J01': 24}, 
1600.0, {'J01': -358.80000000000007, 'top_mgr': 4}, {'J01': 5}, {'J01': 25}, 
1605.0, {'J01': -386.20000000000005, 'top_mgr': 4}, {'J01': 5}, {'J01': 22}, 
1610.0, {'J01': -370.8, 'top_mgr': 7}, {'J01': 5}, {'J01': 21}, 
1615.0, {'J01': -415.2, 'top_mgr': 2}, {'J01': 4}, {'J01': 29}, 
1620.0, {'J01': -406.6, 'top_mgr': 2}, {'J01': 7}, {'J01': 37}, 
1625.0, {'J01': -397.00000000000006, 'top_mgr': 4}, {'J01': 8}, {'J01': 38}, 
1630.0, {'J01': -363.20000000000005, 'top_mgr': 3}, {'J01': 8}, {'J01': 35}, 
1635.0, {'J01': -332.8, 'top_mgr': 3}, {'J01': 8}, {'J01': 37}, 
1640.0, {'J01': -341.0, 'top_mgr': 4}, {'J01': 8}, {'J01': 36}, 
1645.0, {'J01': -371.19999999999993, 'top_mgr': 3}, {'J01': 8}, {'J01': 35}, 
1650.0, {'J01': -407.59999999999997, 'top_mgr': 3}, {'J01': 8}, {'J01': 38}, 
1655.0, {'J01': -447.79999999999995, 'top_mgr': 1}, {'J01': 8}, {'J01': 41}, 
1660.0, {'J01': -489.79999999999995, 'top_mgr': 3}, {'J01': 8}, {'J01': 43}, 
1665.0, {'J01': -511.5999999999999, 'top_mgr': 2}, {'J01': 8}, {'J01': 47}, 
1670.0, {'J01': -536.4, 'top_mgr': 5}, {'J01': 8}, {'J01': 47}, 
1675.0, {'J01': -518.1999999999999, 'top_mgr': 3}, {'J01': 8}, {'J01': 45}, 
1680.0, {'J01': -563.8, 'top_mgr': 1}, {'J01': 8}, {'J01': 48}, 
1685.0, {'J01': -598.8, 'top_mgr': 3}, {'J01': 8}, {'J01': 48}, 
1690.0, {'J01': -628.8, 'top_mgr': 5}, {'J01': 8}, {'J01': 46}, 
1695.0, {'J01': -630.8, 'top_mgr': 4}, {'J01': 8}, {'J01': 43}, 
1700.0, {'J01': -674.9999999999999, 'top_mgr': 2}, {'J01': 8}, {'J01': 46}, 
1705.0, {'J01': -725.9999999999999, 'top_mgr': 0}, {'J01': 8}, {'J01': 49}, 
1710.0, {'J01': -772.7999999999998, 'top_mgr': 1}, {'J01': 8}, {'J01': 51}, 
1715.0, {'J01': -665.9999999999999, 'top_mgr': 4}, {'J01': 8}, {'J01': 49}, 
1720.0, {'J01': -682.3999999999999, 'top_mgr': 4}, {'J01': 8}, {'J01': 47}, 
1725.0, {'J01': -702.1999999999999, 'top_mgr': 4}, {'J01': 8}, {'J01': 44}, 
1730.0, {'J01': -743.8, 'top_mgr': 1}, {'J01': 8}, {'J01': 48}, 
1735.0, {'J01': -787.8, 'top_mgr': 1}, {'J01': 9}, {'J01': 51}, 
1740.0, {'J01': -811.1999999999999, 'top_mgr': 5}, {'J01': 9}, {'J01': 49}, 
1745.0, {'J01': -803.8, 'top_mgr': 2}, {'J01': 9}, {'J01': 47}, 
1750.0, {'J01': -845.4000000000001, 'top_mgr': 2}, {'J01': 9}, {'J01': 51}, 
1755.0, {'J01': -890.4000000000001, 'top_mgr': 2}, {'J01': 9}, {'J01': 49}, 
1760.0, {'J01': -921.8, 'top_mgr': 1}, {'J01': 11}, {'J01': 52}, 
1765.0, {'J01': -930.2, 'top_mgr': 2}, {'J01': 11}, {'J01': 52}, 
1770.0, {'J01': -974.2, 'top_mgr': 0}, {'J01': 11}, {'J01': 52}, 
1775.0, {'J01': -864.4000000000002, 'top_mgr': 12}, {'J01': 8}, {'J01': 40}, 
1780.0, {'J01': -711.8000000000001, 'top_mgr': 9}, {'J01': 7}, {'J01': 33}, 
1785.0, {'J01': -760.2, 'top_mgr': 1}, {'J01': 8}, {'J01': 37}, 
1790.0, {'J01': -714.6, 'top_mgr': 2}, {'J01': 10}, {'J01': 41}, 
1795.0, {'J01': -666.0, 'top_mgr': 4}, {'J01': 11}, {'J01': 40}, 
1800.0, {'J01': -688.4000000000001, 'top_mgr': 2}, {'J01': 12}, {'J01': 41}, 
1805.0, {'J01': -643.0000000000001, 'top_mgr': 5}, {'J01': 12}, {'J01': 40}, 
1810.0, {'J01': -588.4, 'top_mgr': 11}, {'J01': 11}, {'J01': 32}, 
1815.0, {'J01': -384.8, 'top_mgr': 14}, {'J01': 9}, {'J01': 22}, 
1820.0, {'J01': -260.4, 'top_mgr': 8}, {'J01': 9}, {'J01': 25}, 
1825.0, {'J01': -274.6, 'top_mgr': 9}, {'J01': 12}, {'J01': 28}, 
1830.0, {'J01': -184.79999999999995, 'top_mgr': 8}, {'J01': 11}, {'J01': 28}, 
1835.0, {'J01': -253.6, 'top_mgr': 1}, {'J01': 11}, {'J01': 37}, 
1840.0, {'J01': -281.80000000000007, 'top_mgr': 6}, {'J01': 11}, {'J01': 37}, 
1845.0, {'J01': -328.20000000000005, 'top_mgr': 9}, {'J01': 10}, {'J01': 37}, 
1850.0, {'J01': -332.20000000000005, 'top_mgr': 10}, {'J01': 8}, {'J01': 32}, 
1855.0, {'J01': -362.40000000000003, 'top_mgr': 7}, {'J01': 8}, {'J01': 31}, 
1860.0, {'J01': -297.6, 'top_mgr': 8}, {'J01': 6}, {'J01': 31}, 
1865.0, {'J01': -295.2, 'top_mgr': 3}, {'J01': 6}, {'J01': 35}, 
1870.0, {'J01': -339.3999999999999, 'top_mgr': 2}, {'J01': 7}, {'J01': 43}, 
1875.0, {'J01': -379.2, 'top_mgr': 2}, {'J01': 8}, {'J01': 47}, 
1880.0, {'J01': -367.2, 'top_mgr': 12}, {'J01': 6}, {'J01': 36}, 
1885.0, {'J01': -335.6, 'top_mgr': 9}, {'J01': 6}, {'J01': 32}, 
1890.0, {'J01': -381.80000000000007, 'top_mgr': 0}, {'J01': 6}, {'J01': 37}, 
1895.0, {'J01': -405.6, 'top_mgr': 1}, {'J01': 6}, {'J01': 42}, 
1900.0, {'J01': -454.6, 'top_mgr': 0}, {'J01': 8}, {'J01': 47}, 
1905.0, {'J01': -498.60000000000014, 'top_mgr': 0}, {'J01': 8}, {'J01': 47}, 
1910.0, {'J01': -492.20000000000005, 'top_mgr': 7}, {'J01': 7}, {'J01': 42}, 
1915.0, {'J01': -499.4, 'top_mgr': 4}, {'J01': 7}, {'J01': 39}, 
1920.0, {'J01': -503.8, 'top_mgr': 4}, {'J01': 7}, {'J01': 39}, 
1925.0, {'J01': -533.8000000000001, 'top_mgr': 4}, {'J01': 7}, {'J01': 38}, 
1930.0, {'J01': -511.6000000000001, 'top_mgr': 4}, {'J01': 7}, {'J01': 35}, 
1935.0, {'J01': -547.8000000000002, 'top_mgr': 2}, {'J01': 8}, {'J01': 42}, 
1940.0, {'J01': -594.0000000000002, 'top_mgr': 1}, {'J01': 8}, {'J01': 41}, 
1945.0, {'J01': -642.0000000000002, 'top_mgr': 0}, {'J01': 8}, {'J01': 41}, 
1950.0, {'J01': -650.4000000000001, 'top_mgr': 3}, {'J01': 8}, {'J01': 41}, 
1955.0, {'J01': -649.8000000000001, 'top_mgr': 10}, {'J01': 7}, {'J01': 34}, 
1960.0, {'J01': -616.6000000000001, 'top_mgr': 7}, {'J01': 6}, {'J01': 32}, 
1965.0, {'J01': -619.2, 'top_mgr': 7}, {'J01': 5}, {'J01': 27}, 
1970.0, {'J01': -623.0, 'top_mgr': 4}, {'J01': 5}, {'J01': 29}, 
1975.0, {'J01': -646.6000000000001, 'top_mgr': 5}, {'J01': 5}, {'J01': 24}, 
1980.0, {'J01': -546.2, 'top_mgr': 12}, {'J01': 5}, {'J01': 19}, 
1985.0, {'J01': -509.8, 'top_mgr': 7}, {'J01': 5}, {'J01': 23}, 
1990.0, {'J01': -516.4, 'top_mgr': 5}, {'J01': 5}, {'J01': 20}, 
1995.0, {'J01': -524.8000000000001, 'top_mgr': 4}, {'J01': 5}, {'J01': 28}, 
2000.0, {'J01': -578.4, 'top_mgr': 1}, {'J01': 8}, {'J01': 40}, 
2005.0, {'J01': -625.4, 'top_mgr': 2}, {'J01': 8}, {'J01': 43}, 
2010.0, {'J01': -670.4, 'top_mgr': 1}, {'J01': 8}, {'J01': 44}, 
2015.0, {'J01': -657.4, 'top_mgr': 8}, {'J01': 6}, {'J01': 36}, 
2020.0, {'J01': -650.2, 'top_mgr': 10}, {'J01': 5}, {'J01': 26}, 
2025.0, {'J01': -661.0, 'top_mgr': 5}, {'J01': 5}, {'J01': 26}, 
2030.0, {'J01': -705.0, 'top_mgr': 0}, {'J01': 5}, {'J01': 30}, 
2035.0, {'J01': -753.0, 'top_mgr': 1}, {'J01': 6}, {'J01': 38}, 
2040.0, {'J01': -797.0, 'top_mgr': 0}, {'J01': 8}, {'J01': 42}, 
2045.0, {'J01': -838.6, 'top_mgr': 1}, {'J01': 8}, {'J01': 43}, 
2050.0, {'J01': -882.6, 'top_mgr': 0}, {'J01': 8}, {'J01': 43}, 
2055.0, {'J01': -928.6, 'top_mgr': 0}, {'J01': 8}, {'J01': 45}, 
2060.0, {'J01': -972.6, 'top_mgr': 0}, {'J01': 8}, {'J01': 45}, 
2065.0, {'J01': -1017.5999999999998, 'top_mgr': 0}, {'J01': 8}, {'J01': 46}, 
2070.0, {'J01': -653.8000000000001, 'top_mgr': 10}, {'J01': 8}, {'J01': 38}, 
2075.0, {'J01': -644.6, 'top_mgr': 4}, {'J01': 8}, {'J01': 37}, 
2080.0, {'J01': -695.6, 'top_mgr': 0}, {'J01': 8}, {'J01': 44}, 
2085.0, {'J01': -500.79999999999995, 'top_mgr': 8}, {'J01': 8}, {'J01': 38}, 
2090.0, {'J01': -387.0, 'top_mgr': 4}, {'J01': 8}, {'J01': 36}, 
2095.0, {'J01': -427.20000000000005, 'top_mgr': 0}, {'J01': 8}, {'J01': 40}, 
2100.0, {'J01': -452.80000000000007, 'top_mgr': 3}, {'J01': 8}, {'J01': 39}, 
2105.0, {'J01': -481.0000000000001, 'top_mgr': 2}, {'J01': 8}, {'J01': 37}, 
2110.0, {'J01': -489.00000000000006, 'top_mgr': 6}, {'J01': 9}, {'J01': 40}, 
2115.0, {'J01': -527.0, 'top_mgr': 0}, {'J01': 9}, {'J01': 42}, 
2120.0, {'J01': -544.6, 'top_mgr': 3}, {'J01': 10}, {'J01': 43}, 
2125.0, {'J01': -553.2, 'top_mgr': 4}, {'J01': 10}, {'J01': 42}, 
2130.0, {'J01': -590.4000000000001, 'top_mgr': 2}, {'J01': 11}, {'J01': 46}, 
2135.0, {'J01': -620.2, 'top_mgr': 4}, {'J01': 11}, {'J01': 45}, 
2140.0, {'J01': -658.0, 'top_mgr': 2}, {'J01': 11}, {'J01': 48}, 
2145.0, {'J01': -707.0, 'top_mgr': 0}, {'J01': 11}, {'J01': 53}, 
2150.0, {'J01': -743.4000000000001, 'top_mgr': 2}, {'J01': 11}, {'J01': 53}, 
2155.0, {'J01': -715.4, 'top_mgr': 4}, {'J01': 11}, {'J01': 51}, 
2160.0, {'J01': -660.8000000000001, 'top_mgr': 7}, {'J01': 12}, {'J01': 46}, 
2165.0, {'J01': -685.0, 'top_mgr': 2}, {'J01': 13}, {'J01': 46}, 
2170.0, {'J01': -694.2, 'top_mgr': 3}, {'J01': 13}, {'J01': 47}, 
2175.0, {'J01': -734.2, 'top_mgr': 0}, {'J01': 15}, {'J01': 51}, 
2180.0, {'J01': -775.2, 'top_mgr': 0}, {'J01': 15}, {'J01': 56}, 
2185.0, {'J01': -666.8000000000002, 'top_mgr': 13}, {'J01': 11}, {'J01': 44}, 
2190.0, {'J01': -698.8000000000002, 'top_mgr': 0}, {'J01': 11}, {'J01': 44}, 
2195.0, {'J01': -735.0000000000001, 'top_mgr': 0}, {'J01': 11}, {'J01': 47}, 
2200.0, {'J01': -746.2000000000002, 'top_mgr': 2}, {'J01': 13}, {'J01': 49}, 
2205.0, {'J01': -777.6000000000001, 'top_mgr': 1}, {'J01': 13}, {'J01': 51}, 
2210.0, {'J01': -814.6000000000001, 'top_mgr': 0}, {'J01': 13}, {'J01': 52}, 
2215.0, {'J01': -771.4000000000001, 'top_mgr': 7}, {'J01': 13}, {'J01': 46}, 
2220.0, {'J01': -763.0, 'top_mgr': 4}, {'J01': 13}, {'J01': 43}, 
2225.0, {'J01': -634.1999999999999, 'top_mgr': 9}, {'J01': 11}, {'J01': 35}, 
2230.0, {'J01': -606.5999999999999, 'top_mgr': 7}, {'J01': 9}, {'J01': 32}, 
2235.0, {'J01': -587.8000000000001, 'top_mgr': 9}, {'J01': 7}, {'J01': 26}, 
2240.0, {'J01': -239.20000000000002, 'top_mgr': 14}, {'J01': 5}, {'J01': 16}, 
2245.0, {'J01': -223.4, 'top_mgr': 10}, {'J01': 5}, {'J01': 13}, 
2250.0, {'J01': -245.0, 'top_mgr': 8}, {'J01': 5}, {'J01': 14}, 
2255.0, {'J01': -226.39999999999998, 'top_mgr': 9}, {'J01': 4}, {'J01': 15}, 
2260.0, {'J01': -266.8, 'top_mgr': 1}, {'J01': 4}, {'J01': 24}, 
2265.0, {'J01': -286.00000000000006, 'top_mgr': 4}, {'J01': 6}, {'J01': 26}, 
2270.0, {'J01': -315.6000000000001, 'top_mgr': 4}, {'J01': 7}, {'J01': 30}, 
2275.0, {'J01': -352.20000000000005, 'top_mgr': 1}, {'J01': 8}, {'J01': 40}, 
2280.0, {'J01': -403.20000000000005, 'top_mgr': 0}, {'J01': 8}, {'J01': 47}, 
2285.0, {'J01': -392.6000000000001, 'top_mgr': 4}, {'J01': 8}, {'J01': 44}, 
2290.0, {'J01': -348.8, 'top_mgr': 6}, {'J01': 8}, {'J01': 40}, 
2295.0, {'J01': -381.20000000000005, 'top_mgr': 2}, {'J01': 8}, {'J01': 38}, 
2300.0, {'J01': -418.6000000000001, 'top_mgr': 1}, {'J01': 8}, {'J01': 39}, 
2305.0, {'J01': -467.2, 'top_mgr': 0}, {'J01': 8}, {'J01': 47}, 
2310.0, {'J01': -515.2, 'top_mgr': 0}, {'J01': 8}, {'J01': 50}, 
2315.0, {'J01': -539.2, 'top_mgr': 7}, {'J01': 7}, {'J01': 45}, 
2320.0, {'J01': -417.79999999999995, 'top_mgr': 16}, {'J01': 5}, {'J01': 34}, 
2325.0, {'J01': -432.8, 'top_mgr': 6}, {'J01': 7}, {'J01': 32}, 
2330.0, {'J01': -358.80000000000007, 'top_mgr': 11}, {'J01': 4}, {'J01': 24}, 
2335.0, {'J01': -411.80000000000007, 'top_mgr': 1}, {'J01': 4}, {'J01': 33}, 
2340.0, {'J01': -468.80000000000007, 'top_mgr': 0}, {'J01': 6}, {'J01': 42}, 
2345.0, {'J01': -519.8000000000001, 'top_mgr': 0}, {'J01': 7}, {'J01': 45}, 
2350.0, {'J01': -461.0, 'top_mgr': 11}, {'J01': 8}, {'J01': 38}, 
2355.0, {'J01': -470.6, 'top_mgr': 2}, {'J01': 8}, {'J01': 36}, 
2360.0, {'J01': -511.40000000000003, 'top_mgr': 3}, {'J01': 8}, {'J01': 38}, 
2365.0, {'J01': -563.6, 'top_mgr': 1}, {'J01': 8}, {'J01': 41}, 
2370.0, {'J01': -620.6, 'top_mgr': 0}, {'J01': 8}, {'J01': 42}, 
2375.0, {'J01': -626.6, 'top_mgr': 1}, {'J01': 8}, {'J01': 45}, 
2380.0, {'J01': -679.6, 'top_mgr': 0}, {'J01': 8}, {'J01': 46}, 
2385.0, {'J01': -731.6, 'top_mgr': 1}, {'J01': 8}, {'J01': 46}, 
2390.0, {'J01': -682.8, 'top_mgr': 6}, {'J01': 7}, {'J01': 40}, 
2395.0, {'J01': -739.7999999999998, 'top_mgr': 0}, {'J01': 7}, {'J01': 45}, 
2400.0, {'J01': -659.5999999999999, 'top_mgr': 4}, {'J01': 7}, {'J01': 44}, 
2405.0, {'J01': -524.8, 'top_mgr': 10}, {'J01': 7}, {'J01': 39}, 
2410.0, {'J01': -465.9999999999999, 'top_mgr': 10}, {'J01': 6}, {'J01': 30}, 
2415.0, {'J01': -461.0, 'top_mgr': 14}, {'J01': 4}, {'J01': 21}, 
2420.0, {'J01': -383.0, 'top_mgr': 11}, {'J01': 4}, {'J01': 16}, 
2425.0, {'J01': -377.0, 'top_mgr': 5}, {'J01': 4}, {'J01': 17}, 
2430.0, {'J01': -396.20000000000005, 'top_mgr': 1}, {'J01': 4}, {'J01': 27}, 
2435.0, {'J01': -452.40000000000003, 'top_mgr': 0}, {'J01': 6}, {'J01': 38}, 
2440.0, {'J01': -390.8, 'top_mgr': 5}, {'J01': 8}, {'J01': 40}, 
2445.0, {'J01': -262.59999999999997, 'top_mgr': 6}, {'J01': 8}, {'J01': 35}, 
2450.0, {'J01': -302.8, 'top_mgr': 2}, {'J01': 8}, {'J01': 38}, 
2455.0, {'J01': -319.80000000000007, 'top_mgr': 4}, {'J01': 8}, {'J01': 37}, 
2460.0, {'J01': -305.6, 'top_mgr': 8}, {'J01': 7}, {'J01': 35}, 
2465.0, {'J01': -271.0, 'top_mgr': 8}, {'J01': 6}, {'J01': 33}, 
2470.0, {'J01': -321.00000000000006, 'top_mgr': 0}, {'J01': 6}, {'J01': 35}, 
2475.0, {'J01': -295.8, 'top_mgr': 4}, {'J01': 7}, {'J01': 38}, 
2480.0, {'J01': -343.8, 'top_mgr': 1}, {'J01': 8}, {'J01': 42}, 
2485.0, {'J01': -373.6, 'top_mgr': 5}, {'J01': 7}, {'J01': 40}, 
2490.0, {'J01': -390.80000000000007, 'top_mgr': 5}, {'J01': 7}, {'J01': 38}, 
2495.0, {'J01': -353.00000000000006, 'top_mgr': 4}, {'J01': 8}, {'J01': 36}, 
2500.0, {'J01': -396.0, 'top_mgr': 5}, {'J01': 9}, {'J01': 39}, 
2505.0, {'J01': -389.6, 'top_mgr': 4}, {'J01': 10}, {'J01': 41}, 
2510.0, {'J01': -432.6, 'top_mgr': 1}, {'J01': 11}, {'J01': 44}, 
2515.0, {'J01': -474.6, 'top_mgr': 0}, {'J01': 11}, {'J01': 46}, 
2520.0, {'J01': -448.6, 'top_mgr': 12}, {'J01': 7}, {'J01': 34}, 
2525.0, {'J01': -398.59999999999997, 'top_mgr': 9}, {'J01': 5}, {'J01': 28}, 
2530.0, {'J01': -441.59999999999997, 'top_mgr': 0}, {'J01': 5}, {'J01': 31}, 
2535.0, {'J01': -493.59999999999997, 'top_mgr': 0}, {'J01': 6}, {'J01': 41}, 
2540.0, {'J01': -490.19999999999993, 'top_mgr': 3}, {'J01': 9}, {'J01': 46}, 
2545.0, {'J01': -495.99999999999994, 'top_mgr': 2}, {'J01': 10}, {'J01': 45}, 
2550.0, {'J01': -536.0, 'top_mgr': 2}, {'J01': 10}, {'J01': 45}, 
2555.0, {'J01': -578.0000000000001, 'top_mgr': 2}, {'J01': 10}, {'J01': 47}, 
2560.0, {'J01': -541.5999999999999, 'top_mgr': 12}, {'J01': 8}, {'J01': 37}, 
2565.0, {'J01': -434.2, 'top_mgr': 12}, {'J01': 5}, {'J01': 28}, 
2570.0, {'J01': -373.8, 'top_mgr': 8}, {'J01': 4}, {'J01': 25}, 
2575.0, {'J01': -398.8, 'top_mgr': 7}, {'J01': 4}, {'J01': 22}, 
2580.0, {'J01': -300.0, 'top_mgr': 10}, {'J01': 4}, {'J01': 15}, 
2585.0, {'J01': -244.00000000000006, 'top_mgr': 8}, {'J01': 3}, {'J01': 16}, 
2590.0, {'J01': -286.00000000000006, 'top_mgr': 0}, {'J01': 3}, {'J01': 22}, 
2595.0, {'J01': -259.20000000000005, 'top_mgr': 4}, {'J01': 6}, {'J01': 27}, 
2600.0, {'J01': -232.60000000000005, 'top_mgr': 3}, {'J01': 8}, {'J01': 31}, 
2605.0, {'J01': -243.60000000000002, 'top_mgr': 4}, {'J01': 8}, {'J01': 31}, 
2610.0, {'J01': -269.0, 'top_mgr': 4}, {'J01': 8}, {'J01': 29}, 
2615.0, {'J01': -252.0, 'top_mgr': 8}, {'J01': 7}, {'J01': 24}, 
2620.0, {'J01': -271.8, 'top_mgr': 4}, {'J01': 6}, {'J01': 24}, 
2625.0, {'J01': -285.20000000000005, 'top_mgr': 8}, {'J01': 5}, {'J01': 19}, 
2630.0, {'J01': -263.00000000000006, 'top_mgr': 2}, {'J01': 5}, {'J01': 20}, 
2635.0, {'J01': -292.00000000000006, 'top_mgr': 4}, {'J01': 5}, {'J01': 25}, 
2640.0, {'J01': -331.80000000000007, 'top_mgr': 1}, {'J01': 7}, {'J01': 31}, 
2645.0, {'J01': -373.00000000000006, 'top_mgr': 1}, {'J01': 7}, {'J01': 33}, 
2650.0, {'J01': -421.6000000000001, 'top_mgr': 0}, {'J01': 8}, {'J01': 40}, 
2655.0, {'J01': -421.0, 'top_mgr': 9}, {'J01': 7}, {'J01': 31}, 
2660.0, {'J01': -427.20000000000005, 'top_mgr': 4}, {'J01': 6}, {'J01': 28}, 
2665.0, {'J01': -437.00000000000006, 'top_mgr': 4}, {'J01': 6}, {'J01': 26}, 
2670.0, {'J01': -452.4000000000001, 'top_mgr': 4}, {'J01': 6}, {'J01': 29}, 
2675.0, {'J01': -500.4000000000001, 'top_mgr': 0}, {'J01': 8}, {'J01': 37}, 
2680.0, {'J01': -519.6, 'top_mgr': 6}, {'J01': 7}, {'J01': 33}, 
2685.0, {'J01': -464.20000000000005, 'top_mgr': 11}, {'J01': 4}, {'J01': 23}, 
2690.0, {'J01': -484.20000000000005, 'top_mgr': 5}, {'J01': 5}, {'J01': 24}, 
2695.0, {'J01': -527.2, 'top_mgr': 0}, {'J01': 5}, {'J01': 27}, 
2700.0, {'J01': -575.4, 'top_mgr': 0}, {'J01': 6}, {'J01': 34}, 
2705.0, {'J01': -581.2, 'top_mgr': 2}, {'J01': 8}, {'J01': 40}, 
2710.0, {'J01': -624.4000000000001, 'top_mgr': 1}, {'J01': 8}, {'J01': 40}, 
2715.0, {'J01': -630.8000000000001, 'top_mgr': 1}, {'J01': 8}, {'J01': 39}, 
2720.0, {'J01': -673.4000000000001, 'top_mgr': 1}, {'J01': 8}, {'J01': 41}, 
2725.0, {'J01': -711.8000000000001, 'top_mgr': 1}, {'J01': 8}, {'J01': 40}, 
2730.0, {'J01': -655.4, 'top_mgr': 5}, {'J01': 8}, {'J01': 38}, 
2735.0, {'J01': -641.6, 'top_mgr': 3}, {'J01': 8}, {'J01': 37}, 
2740.0, {'J01': -671.4, 'top_mgr': 3}, {'J01': 8}, {'J01': 37}, 
2745.0, {'J01': -650.4, 'top_mgr': 5}, {'J01': 8}, {'J01': 33}, 
2750.0, {'J01': -690.4, 'top_mgr': 0}, {'J01': 8}, {'J01': 33}, 
2755.0, {'J01': -678.1999999999999, 'top_mgr': 1}, {'J01': 8}, {'J01': 36}, 
2760.0, {'J01': -595.4000000000001, 'top_mgr': 1}, {'J01': 8}, {'J01': 38}, 
2765.0, {'J01': -643.0, 'top_mgr': 0}, {'J01': 8}, {'J01': 45}, 
2770.0, {'J01': -509.80000000000007, 'top_mgr': 10}, {'J01': 7}, {'J01': 35}, 
2775.0, {'J01': -472.00000000000006, 'top_mgr': 13}, {'J01': 5}, {'J01': 23}, 
2780.0, {'J01': -444.8, 'top_mgr': 7}, {'J01': 5}, {'J01': 21}, 
2785.0, {'J01': -380.20000000000005, 'top_mgr': 2}, {'J01': 4}, {'J01': 27}, 
2790.0, {'J01': -423.20000000000005, 'top_mgr': 0}, {'J01': 7}, {'J01': 30}, 
2795.0, {'J01': -473.00000000000006, 'top_mgr': 0}, {'J01': 8}, {'J01': 37}, 
2800.0, {'J01': -525.0000000000001, 'top_mgr': 0}, {'J01': 8}, {'J01': 41}, 
2805.0, {'J01': -575.0000000000001, 'top_mgr': 0}, {'J01': 8}, {'J01': 43}, 
2810.0, {'J01': -624.0000000000001, 'top_mgr': 0}, {'J01': 8}, {'J01': 44}, 
2815.0, {'J01': -673.0, 'top_mgr': 0}, {'J01': 8}, {'J01': 45}, 
2820.0, {'J01': -683.4, 'top_mgr': 9}, {'J01': 7}, {'J01': 37}, 
2825.0, {'J01': -618.4000000000001, 'top_mgr': 11}, {'J01': 6}, {'J01': 29}, 
2830.0, {'J01': -564.2, 'top_mgr': 6}, {'J01': 6}, {'J01': 25}, 
2835.0, {'J01': -599.2000000000002, 'top_mgr': 2}, {'J01': 6}, {'J01': 30}, 
2840.0, {'J01': -474.80000000000007, 'top_mgr': 5}, {'J01': 8}, {'J01': 36}, 
2845.0, {'J01': -499.4000000000001, 'top_mgr': 1}, {'J01': 8}, {'J01': 35}, 
2850.0, {'J01': -509.0, 'top_mgr': 4}, {'J01': 8}, {'J01': 33}, 
2855.0, {'J01': -459.79999999999995, 'top_mgr': 3}, {'J01': 8}, {'J01': 34}, 
2860.0, {'J01': -499.6000000000001, 'top_mgr': 3}, {'J01': 8}, {'J01': 32}, 
2865.0, {'J01': -491.19999999999993, 'top_mgr': 3}, {'J01': 8}, {'J01': 32}, 
2870.0, {'J01': -542.0, 'top_mgr': 1}, {'J01': 8}, {'J01': 37}, 
2875.0, {'J01': -591.0, 'top_mgr': 0}, {'J01': 8}, {'J01': 38}, 
2880.0, {'J01': -476.79999999999995, 'top_mgr': 5}, {'J01': 8}, {'J01': 33}, 
2885.0, {'J01': -439.6000000000001, 'top_mgr': 6}, {'J01': 8}, {'J01': 29}, 
2890.0, {'J01': -453.4000000000001, 'top_mgr': 1}, {'J01': 8}, {'J01': 31}, 
2895.0, {'J01': -492.4000000000001, 'top_mgr': 0}, {'J01': 8}, {'J01': 34}, 
2900.0, {'J01': -487.4000000000001, 'top_mgr': 2}, {'J01': 8}, {'J01': 40}, 
2905.0, {'J01': -465.80000000000007, 'top_mgr': 5}, {'J01': 8}, {'J01': 38}, 
2910.0, {'J01': -502.8000000000001, 'top_mgr': 2}, {'J01': 8}, {'J01': 43}, 
2915.0, {'J01': -532.8000000000001, 'top_mgr': 5}, {'J01': 8}, {'J01': 42}, 
2920.0, {'J01': -528.0, 'top_mgr': 4}, {'J01': 8}, {'J01': 43}, 
2925.0, {'J01': -545.4, 'top_mgr': 3}, {'J01': 8}, {'J01': 41}, 
2930.0, {'J01': -587.0, 'top_mgr': 1}, {'J01': 8}, {'J01': 45}, 
2935.0, {'J01': -628.6, 'top_mgr': 4}, {'J01': 8}, {'J01': 47}, 
2940.0, {'J01': -671.8000000000002, 'top_mgr': 2}, {'J01': 8}, {'J01': 49}, 
2945.0, {'J01': -673.8000000000001, 'top_mgr': 12}, {'J01': 7}, {'J01': 42}, 
2950.0, {'J01': -652.6, 'top_mgr': 6}, {'J01': 7}, {'J01': 37}, 
2955.0, {'J01': -661.0, 'top_mgr': 2}, {'J01': 7}, {'J01': 35}, 
2960.0, {'J01': -715.8, 'top_mgr': 2}, {'J01': 7}, {'J01': 44}, 
2965.0, {'J01': -682.0000000000001, 'top_mgr': 8}, {'J01': 8}, {'J01': 42}, 
2970.0, {'J01': -618.0, 'top_mgr': 6}, {'J01': 7}, {'J01': 38}, 
2975.0, {'J01': -633.2, 'top_mgr': 2}, {'J01': 7}, {'J01': 43}, 
2980.0, {'J01': -686.2000000000002, 'top_mgr': 0}, {'J01': 7}, {'J01': 44}, 
2985.0, {'J01': -680.0, 'top_mgr': 7}, {'J01': 7}, {'J01': 40}, 
2990.0, {'J01': -714.5999999999999, 'top_mgr': 3}, {'J01': 7}, {'J01': 38}, 
2995.0, {'J01': -707.1999999999999, 'top_mgr': 5}, {'J01': 7}, {'J01': 36}, 
3000.0, {'J01': -738.3999999999999, 'top_mgr': 4}, {'J01': 8}, {'J01': 36}, 
3005.0, {'J01': -782.9999999999999, 'top_mgr': 1}, {'J01': 8}, {'J01': 37}, 
3010.0, {'J01': -736.4000000000001, 'top_mgr': 7}, {'J01': 7}, {'J01': 33}, 
3015.0, {'J01': -689.0000000000001, 'top_mgr': 4}, {'J01': 7}, {'J01': 30}, 
3020.0, {'J01': -726.8000000000001, 'top_mgr': 1}, {'J01': 7}, {'J01': 35}, 
3025.0, {'J01': -610.8000000000001, 'top_mgr': 5}, {'J01': 8}, {'J01': 34}, 
3030.0, {'J01': -645.6000000000001, 'top_mgr': 2}, {'J01': 8}, {'J01': 34}, 
3035.0, {'J01': -608.4000000000002, 'top_mgr': 2}, {'J01': 8}, {'J01': 34}, 
3040.0, {'J01': -650.2000000000002, 'top_mgr': 0}, {'J01': 8}, {'J01': 39}, 
3045.0, {'J01': -691.2000000000002, 'top_mgr': 0}, {'J01': 8}, {'J01': 40}, 
3050.0, {'J01': -733.2000000000002, 'top_mgr': 0}, {'J01': 8}, {'J01': 42}, 
3055.0, {'J01': -675.6, 'top_mgr': 8}, {'J01': 7}, {'J01': 34}, 
3060.0, {'J01': -593.0, 'top_mgr': 11}, {'J01': 6}, {'J01': 24}, 
3065.0, {'J01': -609.2, 'top_mgr': 2}, {'J01': 6}, {'J01': 26}, 
3070.0, {'J01': -617.2, 'top_mgr': 4}, {'J01': 7}, {'J01': 27}, 
3075.0, {'J01': -451.4, 'top_mgr': 8}, {'J01': 7}, {'J01': 25}, 
3080.0, {'J01': -467.4, 'top_mgr': 3}, {'J01': 7}, {'J01': 23}, 
3085.0, {'J01': -500.79999999999995, 'top_mgr': 1}, {'J01': 7}, {'J01': 27}, 
3090.0, {'J01': -543.0, 'top_mgr': 0}, {'J01': 7}, {'J01': 35}, 
3095.0, {'J01': -590.2, 'top_mgr': 1}, {'J01': 8}, {'J01': 39}, 
3100.0, {'J01': -626.8000000000001, 'top_mgr': 1}, {'J01': 8}, {'J01': 39}, 
3105.0, {'J01': -656.0000000000001, 'top_mgr': 3}, {'J01': 8}, {'J01': 39}, 
3110.0, {'J01': -491.2, 'top_mgr': 9}, {'J01': 7}, {'J01': 32}, 
3115.0, {'J01': -353.6, 'top_mgr': 14}, {'J01': 4}, {'J01': 20}, 
3120.0, {'J01': -323.40000000000003, 'top_mgr': 9}, {'J01': 4}, {'J01': 15}, 
3125.0, {'J01': -243.2, 'top_mgr': 7}, {'J01': 4}, {'J01': 14}, 
3130.0, {'J01': -187.20000000000002, 'top_mgr': 3}, {'J01': 3}, {'J01': 19}, 
3135.0, {'J01': -156.20000000000002, 'top_mgr': 3}, {'J01': 6}, {'J01': 25}, 
3140.0, {'J01': -197.0, 'top_mgr': 1}, {'J01': 8}, {'J01': 33}, 
3145.0, {'J01': -234.00000000000003, 'top_mgr': 1}, {'J01': 8}, {'J01': 34}, 
3150.0, {'J01': -275.80000000000007, 'top_mgr': 0}, {'J01': 8}, {'J01': 38}, 
3155.0, {'J01': -248.40000000000006, 'top_mgr': 7}, {'J01': 7}, {'J01': 35}, 
3160.0, {'J01': -269.00000000000006, 'top_mgr': 8}, {'J01': 6}, {'J01': 30}, 
3165.0, {'J01': -314.20000000000005, 'top_mgr': 1}, {'J01': 6}, {'J01': 38}, 
3170.0, {'J01': -300.2, 'top_mgr': 6}, {'J01': 8}, {'J01': 39}, 
3175.0, {'J01': -227.00000000000003, 'top_mgr': 6}, {'J01': 8}, {'J01': 38}, 
3180.0, {'J01': -257.0, 'top_mgr': 4}, {'J01': 9}, {'J01': 40}, 
3185.0, {'J01': -289.6, 'top_mgr': 2}, {'J01': 9}, {'J01': 43}, 
3190.0, {'J01': -270.2, 'top_mgr': 5}, {'J01': 10}, {'J01': 41}, 
3195.0, {'J01': -305.2, 'top_mgr': 4}, {'J01': 12}, {'J01': 44}, 
3200.0, {'J01': -320.6, 'top_mgr': 2}, {'J01': 13}, {'J01': 48}, 
3205.0, {'J01': -359.8, 'top_mgr': 2}, {'J01': 13}, {'J01': 48}, 
3210.0, {'J01': -348.2, 'top_mgr': 4}, {'J01': 13}, {'J01': 46}, 
3215.0, {'J01': -384.59999999999997, 'top_mgr': 2}, {'J01': 13}, {'J01': 47}, 
3220.0, {'J01': -416.79999999999995, 'top_mgr': 2}, {'J01': 13}, {'J01': 45}, 
3225.0, {'J01': -441.8, 'top_mgr': 7}, {'J01': 11}, {'J01': 40}, 
3230.0, {'J01': -466.00000000000006, 'top_mgr': 4}, {'J01': 9}, {'J01': 38}, 
3235.0, {'J01': -477.8, 'top_mgr': 3}, {'J01': 8}, {'J01': 37}, 
3240.0, {'J01': -469.0, 'top_mgr': 9}, {'J01': 7}, {'J01': 31}, 
3245.0, {'J01': -473.79999999999995, 'top_mgr': 13}, {'J01': 4}, {'J01': 22}, 
3250.0, {'J01': -376.40000000000003, 'top_mgr': 11}, {'J01': 3}, {'J01': 19}, 
3255.0, {'J01': -421.40000000000003, 'top_mgr': 0}, {'J01': 3}, {'J01': 24}, 
3260.0, {'J01': -469.20000000000005, 'top_mgr': 0}, {'J01': 5}, {'J01': 30}, 
3265.0, {'J01': -522.8000000000001, 'top_mgr': 0}, {'J01': 8}, {'J01': 39}, 
3270.0, {'J01': -547.4, 'top_mgr': 6}, {'J01': 7}, {'J01': 36}, 
3275.0, {'J01': -412.2, 'top_mgr': 9}, {'J01': 5}, {'J01': 28}, 
3280.0, {'J01': -348.6, 'top_mgr': 8}, {'J01': 4}, {'J01': 24}, 
3285.0, {'J01': -383.8, 'top_mgr': 2}, {'J01': 4}, {'J01': 26}, 
3290.0, {'J01': -410.4, 'top_mgr': 2}, {'J01': 6}, {'J01': 29}, 
3295.0, {'J01': -448.4000000000001, 'top_mgr': 2}, {'J01': 8}, {'J01': 34}, 
3300.0, {'J01': -486.4, 'top_mgr': 3}, {'J01': 8}, {'J01': 33}, 
3305.0, {'J01': -535.4, 'top_mgr': 0}, {'J01': 8}, {'J01': 38}, 
3310.0, {'J01': -567.0, 'top_mgr': 1}, {'J01': 8}, {'J01': 41}, 
3315.0, {'J01': -590.4, 'top_mgr': 4}, {'J01': 7}, {'J01': 40}, 
3320.0, {'J01': -513.4000000000001, 'top_mgr': 7}, {'J01': 7}, {'J01': 35}, 
3325.0, {'J01': -446.6, 'top_mgr': 3}, {'J01': 7}, {'J01': 36}, 
3330.0, {'J01': -385.8, 'top_mgr': 2}, {'J01': 8}, {'J01': 40}, 
3335.0, {'J01': -426.8, 'top_mgr': 0}, {'J01': 8}, {'J01': 41}, 
3340.0, {'J01': -432.59999999999997, 'top_mgr': 1}, {'J01': 8}, {'J01': 42}, 
3345.0, {'J01': -465.79999999999995, 'top_mgr': 2}, {'J01': 8}, {'J01': 41}, 
3350.0, {'J01': -478.2, 'top_mgr': 6}, {'J01': 7}, {'J01': 36}, 
3355.0, {'J01': -447.0, 'top_mgr': 7}, {'J01': 6}, {'J01': 30}, 
3360.0, {'J01': -465.40000000000003, 'top_mgr': 2}, {'J01': 6}, {'J01': 34}, 
3365.0, {'J01': -489.40000000000003, 'top_mgr': 7}, {'J01': 5}, {'J01': 29}, 
3370.0, {'J01': -527.4000000000001, 'top_mgr': 3}, {'J01': 5}, {'J01': 30}, 
3375.0, {'J01': -381.00000000000006, 'top_mgr': 8}, {'J01': 5}, {'J01': 28}, 
3380.0, {'J01': -312.0, 'top_mgr': 6}, {'J01': 8}, {'J01': 32}, 
3385.0, {'J01': -330.2, 'top_mgr': 2}, {'J01': 8}, {'J01': 33}, 
3390.0, {'J01': -314.8, 'top_mgr': 2}, {'J01': 8}, {'J01': 32}, 
3395.0, {'J01': -350.79999999999995, 'top_mgr': 1}, {'J01': 8}, {'J01': 36}, 
3400.0, {'J01': -394.8, 'top_mgr': 0}, {'J01': 8}, {'J01': 40}, 
3405.0, {'J01': -437.8, 'top_mgr': 0}, {'J01': 8}, {'J01': 43}, 
3410.0, {'J01': -477.40000000000003, 'top_mgr': 1}, {'J01': 8}, {'J01': 43}, 
3415.0, {'J01': -442.4, 'top_mgr': 10}, {'J01': 7}, {'J01': 34}, 
3420.0, {'J01': -475.8, 'top_mgr': 3}, {'J01': 7}, {'J01': 32}, 
3425.0, {'J01': -479.6, 'top_mgr': 7}, {'J01': 6}, {'J01': 26}, 
3430.0, {'J01': -268.40000000000003, 'top_mgr': 14}, {'J01': 4}, {'J01': 19}, 
3435.0, {'J01': -301.20000000000005, 'top_mgr': 3}, {'J01': 4}, {'J01': 22}, 
3440.0, {'J01': -320.20000000000005, 'top_mgr': 8}, {'J01': 4}, {'J01': 16}, 
3445.0, {'J01': -270.6, 'top_mgr': 7}, {'J01': 4}, {'J01': 16}, 
3450.0, {'J01': -261.4, 'top_mgr': 1}, {'J01': 4}, {'J01': 26}, 
3455.0, {'J01': -294.6000000000001, 'top_mgr': 3}, {'J01': 6}, {'J01': 29}, 
3460.0, {'J01': -250.2, 'top_mgr': 9}, {'J01': 6}, {'J01': 29}, 
3465.0, {'J01': -245.0, 'top_mgr': 6}, {'J01': 6}, {'J01': 27}, 
3470.0, {'J01': -230.79999999999998, 'top_mgr': 3}, {'J01': 6}, {'J01': 29}, 
3475.0, {'J01': -268.2, 'top_mgr': 1}, {'J01': 8}, {'J01': 33}, 
3480.0, {'J01': -305.2, 'top_mgr': 0}, {'J01': 8}, {'J01': 34}, 
3485.0, {'J01': -337.0, 'top_mgr': 2}, {'J01': 8}, {'J01': 33}, 
3490.0, {'J01': -378.0, 'top_mgr': 0}, {'J01': 8}, {'J01': 34}, 
3495.0, {'J01': -419.0, 'top_mgr': 0}, {'J01': 8}, {'J01': 35}, 
3500.0, {'J01': -460.0, 'top_mgr': 0}, {'J01': 8}, {'J01': 36}, 
3505.0, {'J01': -470.40000000000003, 'top_mgr': 5}, {'J01': 7}, {'J01': 31}, 
3510.0, {'J01': -502.0, 'top_mgr': 2}, {'J01': 6}, {'J01': 30}, 
3515.0, {'J01': -279.2, 'top_mgr': 10}, {'J01': 6}, {'J01': 25}, 
3520.0, {'J01': -297.6, 'top_mgr': 2}, {'J01': 6}, {'J01': 29}, 
3525.0, {'J01': -289.4, 'top_mgr': 8}, {'J01': 7}, {'J01': 29}, 
3530.0, {'J01': -290.0, 'top_mgr': 4}, {'J01': 7}, {'J01': 28}, 
3535.0, {'J01': -278.6, 'top_mgr': 7}, {'J01': 5}, {'J01': 21}, 
3540.0, {'J01': -283.4, 'top_mgr': 5}, {'J01': 5}, {'J01': 23}, 
3545.0, {'J01': -303.6, 'top_mgr': 3}, {'J01': 5}, {'J01': 26}, 
3550.0, {'J01': -300.4, 'top_mgr': 4}, {'J01': 7}, {'J01': 28}, 
3555.0, {'J01': -311.79999999999995, 'top_mgr': 2}, {'J01': 8}, {'J01': 29}, 
3560.0, {'J01': -330.4, 'top_mgr': 2}, {'J01': 8}, {'J01': 32}, 
3565.0, {'J01': -365.6, 'top_mgr': 4}, {'J01': 8}, {'J01': 33}, 
3570.0, {'J01': -392.8, 'top_mgr': 4}, {'J01': 8}, {'J01': 33}, 
3575.0, {'J01': -428.20000000000005, 'top_mgr': 3}, {'J01': 8}, {'J01': 35}, 
3580.0, {'J01': -456.20000000000005, 'top_mgr': 3}, {'J01': 8}, {'J01': 34}, 
3585.0, {'J01': -383.79999999999995, 'top_mgr': 7}, {'J01': 6}, {'J01': 30}, 
3590.0, {'J01': -409.8, 'top_mgr': 6}, {'J01': 6}, {'J01': 27}, 
3595.0, {'J01': -450.2, 'top_mgr': 1}, {'J01': 6}, {'J01': 31}, 
3600.0, {'J01': -482.79999999999995, 'top_mgr': 1}, {'J01': 7}, {'J01': 34}, 
3605.0, {'J01': -475.4, 'top_mgr': 2}, {'J01': 8}, {'J01': 36}, 
3610.0, {'J01': -498.79999999999995, 'top_mgr': 1}, {'J01': 8}, {'J01': 36}, 
3615.0, {'J01': -544.8, 'top_mgr': 0}, {'J01': 8}, {'J01': 38}, 
3620.0, {'J01': -563.6, 'top_mgr': 2}, {'J01': 8}, {'J01': 39}, 
3625.0, {'J01': -603.4, 'top_mgr': 0}, {'J01': 8}, {'J01': 42}, 
3630.0, {'J01': -526.6, 'top_mgr': 7}, {'J01': 7}, {'J01': 35}, 
3635.0, {'J01': -419.20000000000005, 'top_mgr': 11}, {'J01': 5}, {'J01': 24}, 
3640.0, {'J01': -399.0, 'top_mgr': 9}, {'J01': 4}, {'J01': 19}, 
3645.0, {'J01': -292.6, 'top_mgr': 6}, {'J01': 4}, {'J01': 17}, 
3650.0, {'J01': -286.19999999999993, 'top_mgr': 3}, {'J01': 4}, {'J01': 21}, 
3655.0, {'J01': -317.0, 'top_mgr': 1}, {'J01': 7}, {'J01': 27}, 
3660.0, {'J01': -343.4, 'top_mgr': 1}, {'J01': 8}, {'J01': 29}, 
3665.0, {'J01': -315.79999999999995, 'top_mgr': 4}, {'J01': 8}, {'J01': 26}, 
3670.0, {'J01': -295.4, 'top_mgr': 5}, {'J01': 7}, {'J01': 23}, 
3675.0, {'J01': -322.8, 'top_mgr': 1}, {'J01': 7}, {'J01': 25}, 
3680.0, {'J01': -321.20000000000005, 'top_mgr': 4}, {'J01': 6}, {'J01': 23}, 
3685.0, {'J01': -315.40000000000003, 'top_mgr': 3}, {'J01': 6}, {'J01': 23}, 
3690.0, {'J01': -270.4, 'top_mgr': 3}, {'J01': 6}, {'J01': 25}, 
3695.0, {'J01': -304.8, 'top_mgr': 2}, {'J01': 7}, {'J01': 29}, 
3700.0, {'J01': -289.2, 'top_mgr': 4}, {'J01': 7}, {'J01': 32}, 
3705.0, {'J01': -283.80000000000007, 'top_mgr': 9}, {'J01': 5}, {'J01': 24}, 
3710.0, {'J01': -297.99999999999994, 'top_mgr': 5}, {'J01': 5}, {'J01': 23}, 
3715.0, {'J01': -321.2, 'top_mgr': 2}, {'J01': 5}, {'J01': 25}, 
3720.0, {'J01': -310.8, 'top_mgr': 4}, {'J01': 7}, {'J01': 28}, 
3725.0, {'J01': -326.8, 'top_mgr': 3}, {'J01': 8}, {'J01': 30}, 
3730.0, {'J01': -355.8, 'top_mgr': 2}, {'J01': 8}, {'J01': 31}, 
3735.0, {'J01': -365.79999999999995, 'top_mgr': 2}, {'J01': 8}, {'J01': 31}, 
3740.0, {'J01': -280.2, 'top_mgr': 2}, {'J01': 8}, {'J01': 33}, 
3745.0, {'J01': -297.4, 'top_mgr': 4}, {'J01': 8}, {'J01': 29}, 
3750.0, {'J01': -318.0, 'top_mgr': 2}, {'J01': 8}, {'J01': 29}, 
3755.0, {'J01': -343.0, 'top_mgr': 3}, {'J01': 8}, {'J01': 30}, 
3760.0, {'J01': -334.8, 'top_mgr': 5}, {'J01': 7}, {'J01': 28}, 
3765.0, {'J01': -353.8, 'top_mgr': 5}, {'J01': 6}, {'J01': 24}, 
3770.0, {'J01': -372.6, 'top_mgr': 5}, {'J01': 6}, {'J01': 25}, 
3775.0, {'J01': -288.20000000000005, 'top_mgr': 6}, {'J01': 6}, {'J01': 26}, 
3780.0, {'J01': -304.8, 'top_mgr': 5}, {'J01': 5}, {'J01': 24}, 
3785.0, {'J01': -290.6, 'top_mgr': 9}, {'J01': 4}, {'J01': 19}, 
3790.0, {'J01': -218.60000000000002, 'top_mgr': 8}, {'J01': 3}, {'J01': 15}, 
3795.0, {'J01': -259.0, 'top_mgr': 1}, {'J01': 3}, {'J01': 20}, 
3800.0, {'J01': -278.0, 'top_mgr': 1}, {'J01': 5}, {'J01': 29}, 
3805.0, {'J01': -276.59999999999997, 'top_mgr': 4}, {'J01': 7}, {'J01': 31}, 
3810.0, {'J01': -301.40000000000003, 'top_mgr': 3}, {'J01': 6}, {'J01': 28}, 
3815.0, {'J01': -317.8, 'top_mgr': 4}, {'J01': 5}, {'J01': 24}, 
3820.0, {'J01': -286.6, 'top_mgr': 8}, {'J01': 4}, {'J01': 20}, 
3825.0, {'J01': -280.0, 'top_mgr': 6}, {'J01': 4}, {'J01': 22}, 
3830.0, {'J01': -308.6, 'top_mgr': 4}, {'J01': 7}, {'J01': 26}, 
3835.0, {'J01': -347.8, 'top_mgr': 1}, {'J01': 8}, {'J01': 32}, 
3840.0, {'J01': -272.4, 'top_mgr': 4}, {'J01': 8}, {'J01': 31}, 
3845.0, {'J01': -214.99999999999997, 'top_mgr': 1}, {'J01': 8}, {'J01': 33}, 
3850.0, {'J01': -259.0, 'top_mgr': 0}, {'J01': 8}, {'J01': 41}, 
3855.0, {'J01': -280.20000000000005, 'top_mgr': 3}, {'J01': 8}, {'J01': 38}, 
3860.0, {'J01': -300.40000000000003, 'top_mgr': 4}, {'J01': 7}, {'J01': 34}, 
3865.0, {'J01': -261.4, 'top_mgr': 8}, {'J01': 5}, {'J01': 28}, 
3870.0, {'J01': -245.6, 'top_mgr': 6}, {'J01': 5}, {'J01': 24}, 
3875.0, {'J01': -273.0, 'top_mgr': 4}, {'J01': 5}, {'J01': 24}, 
3880.0, {'J01': -314.0, 'top_mgr': 0}, {'J01': 5}, {'J01': 29}, 
3885.0, {'J01': -343.79999999999995, 'top_mgr': 2}, {'J01': 6}, {'J01': 34}, 
3890.0, {'J01': -348.00000000000006, 'top_mgr': 5}, {'J01': 7}, {'J01': 35}, 
3895.0, {'J01': -335.40000000000003, 'top_mgr': 6}, {'J01': 7}, {'J01': 30}, 
3900.0, {'J01': -214.99999999999997, 'top_mgr': 10}, {'J01': 7}, {'J01': 24}, 
3905.0, {'J01': -190.6, 'top_mgr': 5}, {'J01': 7}, {'J01': 26}, 
3910.0, {'J01': -227.6, 'top_mgr': 0}, {'J01': 8}, {'J01': 31}, 
3915.0, {'J01': -260.6, 'top_mgr': 0}, {'J01': 8}, {'J01': 32}, 
3920.0, {'J01': -292.6, 'top_mgr': 0}, {'J01': 8}, {'J01': 32}, 
3925.0, {'J01': -324.6, 'top_mgr': 1}, {'J01': 8}, {'J01': 32}, 
3930.0, {'J01': -326.0, 'top_mgr': 1}, {'J01': 8}, {'J01': 31}, 
3935.0, {'J01': -317.2, 'top_mgr': 5}, {'J01': 8}, {'J01': 26}, 
3940.0, {'J01': -316.40000000000003, 'top_mgr': 1}, {'J01': 8}, {'J01': 26}, 
3945.0, {'J01': -343.40000000000003, 'top_mgr': 0}, {'J01': 8}, {'J01': 29}, 
3950.0, {'J01': -261.0, 'top_mgr': 4}, {'J01': 7}, {'J01': 25}, 
3955.0, {'J01': -274.40000000000003, 'top_mgr': 4}, {'J01': 6}, {'J01': 21}, 
3960.0, {'J01': -267.6, 'top_mgr': 3}, {'J01': 6}, {'J01': 21}, 
3965.0, {'J01': -275.8, 'top_mgr': 1}, {'J01': 6}, {'J01': 22}, 
3970.0, {'J01': -298.4, 'top_mgr': 3}, {'J01': 8}, {'J01': 25}, 
3975.0, {'J01': -245.60000000000002, 'top_mgr': 5}, {'J01': 7}, {'J01': 22}, 
3980.0, {'J01': -261.8, 'top_mgr': 2}, {'J01': 7}, {'J01': 20}, 
3985.0, {'J01': -287.2, 'top_mgr': 1}, {'J01': 7}, {'J01': 23}, 
3990.0, {'J01': -234.20000000000002, 'top_mgr': 8}, {'J01': 5}, {'J01': 18}, 
3995.0, {'J01': -214.2, 'top_mgr': 5}, {'J01': 4}, {'J01': 17}, 
4000.0, {'J01': -231.39999999999998, 'top_mgr': 1}, {'J01': 4}, {'J01': 19}, 
4005.0, {'J01': -261.4, 'top_mgr': 1}, {'J01': 6}, {'J01': 25}, 
4010.0, {'J01': -244.40000000000003, 'top_mgr': 5}, {'J01': 7}, {'J01': 24}, 
4015.0, {'J01': -160.2, 'top_mgr': 5}, {'J01': 6}, {'J01': 19}, 
4020.0, {'J01': -132.2, 'top_mgr': 4}, {'J01': 6}, {'J01': 18}, 
4025.0, {'J01': -131.4, 'top_mgr': 6}, {'J01': 6}, {'J01': 17}, 
4030.0, {'J01': -77.0, 'top_mgr': 5}, {'J01': 5}, {'J01': 16}, 
4035.0, {'J01': -90.20000000000002, 'top_mgr': 3}, {'J01': 4}, {'J01': 17}, 
4040.0, {'J01': -103.20000000000002, 'top_mgr': 5}, {'J01': 4}, {'J01': 13}, 
4045.0, {'J01': -118.6, 'top_mgr': 5}, {'J01': 3}, {'J01': 11}, 
4050.0, {'J01': -109.2, 'top_mgr': 4}, {'J01': 4}, {'J01': 17}, 
4055.0, {'J01': -142.20000000000002, 'top_mgr': 0}, {'J01': 7}, {'J01': 26}, 
4060.0, {'J01': -170.60000000000002, 'top_mgr': 0}, {'J01': 8}, {'J01': 30}, 
4065.0, {'J01': -198.60000000000002, 'top_mgr': 0}, {'J01': 8}, {'J01': 30}, 
4070.0, {'J01': -217.20000000000002, 'top_mgr': 1}, {'J01': 8}, {'J01': 29}, 
4075.0, {'J01': -241.20000000000002, 'top_mgr': 0}, {'J01': 8}, {'J01': 29}, 
4080.0, {'J01': -210.60000000000002, 'top_mgr': 4}, {'J01': 7}, {'J01': 25}, 
4085.0, {'J01': -200.8, 'top_mgr': 6}, {'J01': 6}, {'J01': 19}, 
4090.0, {'J01': -149.0, 'top_mgr': 4}, {'J01': 6}, {'J01': 18}, 
4095.0, {'J01': -167.0, 'top_mgr': 3}, {'J01': 7}, {'J01': 20}, 
4100.0, {'J01': -188.20000000000002, 'top_mgr': 3}, {'J01': 8}, {'J01': 24}, 
4105.0, {'J01': -201.0, 'top_mgr': 3}, {'J01': 8}, {'J01': 22}, 
4110.0, {'J01': -217.00000000000003, 'top_mgr': 3}, {'J01': 8}, {'J01': 22}, 
4115.0, {'J01': -196.79999999999998, 'top_mgr': 6}, {'J01': 7}, {'J01': 20}, 
4120.0, {'J01': -223.80000000000004, 'top_mgr': 0}, {'J01': 7}, {'J01': 23}, 
4125.0, {'J01': -250.79999999999998, 'top_mgr': 0}, {'J01': 7}, {'J01': 26}, 
4130.0, {'J01': -235.4, 'top_mgr': 4}, {'J01': 6}, {'J01': 22}, 
4135.0, {'J01': -168.2, 'top_mgr': 10}, {'J01': 4}, {'J01': 12}, 
4140.0, {'J01': -156.79999999999998, 'top_mgr': 3}, {'J01': 4}, {'J01': 13}, 
4145.0, {'J01': -132.2, 'top_mgr': 5}, {'J01': 4}, {'J01': 8}, 
4150.0, {'J01': -66.60000000000001, 'top_mgr': 9}, {'J01': 4}, {'J01': 8}, 
4155.0, {'J01': -83.60000000000001, 'top_mgr': 8}, {'J01': 4}, {'J01': 9}, 
4160.0, {'J01': -100.60000000000001, 'top_mgr': 8}, {'J01': 4}, {'J01': 10}, 
4165.0, {'J01': -122.00000000000003, 'top_mgr': 3}, {'J01': 4}, {'J01': 14}, 
4170.0, {'J01': -133.60000000000002, 'top_mgr': 6}, {'J01': 4}, {'J01': 11}, 
4175.0, {'J01': -156.4, 'top_mgr': 2}, {'J01': 4}, {'J01': 15}, 
4180.0, {'J01': -196.4, 'top_mgr': 0}, {'J01': 4}, {'J01': 23}, 
4185.0, {'J01': -212.40000000000003, 'top_mgr': 5}, {'J01': 5}, {'J01': 21}, 
4190.0, {'J01': -232.80000000000004, 'top_mgr': 3}, {'J01': 4}, {'J01': 19}, 
4195.0, {'J01': -238.00000000000003, 'top_mgr': 6}, {'J01': 4}, {'J01': 15}, 
4200.0, {'J01': -255.60000000000002, 'top_mgr': 4}, {'J01': 3}, {'J01': 17}, 
4205.0, {'J01': -208.60000000000005, 'top_mgr': 6}, {'J01': 4}, {'J01': 16}, 
4210.0, {'J01': -231.00000000000003, 'top_mgr': 2}, {'J01': 4}, {'J01': 14}, 
4215.0, {'J01': -191.20000000000002, 'top_mgr': 1}, {'J01': 5}, {'J01': 18}, 
4220.0, {'J01': -192.0, 'top_mgr': 6}, {'J01': 4}, {'J01': 15}, 
4225.0, {'J01': -165.40000000000003, 'top_mgr': 5}, {'J01': 4}, {'J01': 14}, 
4230.0, {'J01': -68.39999999999999, 'top_mgr': 5}, {'J01': 4}, {'J01': 12}, 
4235.0, {'J01': -97.0, 'top_mgr': 4}, {'J01': 4}, {'J01': 20}, 
4240.0, {'J01': -110.80000000000001, 'top_mgr': 2}, {'J01': 7}, {'J01': 27}, 
4245.0, {'J01': -135.60000000000002, 'top_mgr': 1}, {'J01': 8}, {'J01': 28}, 
4250.0, {'J01': -159.60000000000002, 'top_mgr': 2}, {'J01': 8}, {'J01': 28}, 
4255.0, {'J01': -174.60000000000002, 'top_mgr': 4}, {'J01': 8}, {'J01': 26}, 
4260.0, {'J01': -180.8, 'top_mgr': 4}, {'J01': 7}, {'J01': 24}, 
4265.0, {'J01': -201.0, 'top_mgr': 5}, {'J01': 6}, {'J01': 22}, 
4270.0, {'J01': -165.60000000000005, 'top_mgr': 5}, {'J01': 5}, {'J01': 19}, 
4275.0, {'J01': -122.60000000000001, 'top_mgr': 3}, {'J01': 5}, {'J01': 20}, 
4280.0, {'J01': -127.2, 'top_mgr': 3}, {'J01': 7}, {'J01': 23}, 
4285.0, {'J01': -149.20000000000002, 'top_mgr': 3}, {'J01': 8}, {'J01': 25}, 
4290.0, {'J01': -172.20000000000002, 'top_mgr': 2}, {'J01': 8}, {'J01': 27}, 
4295.0, {'J01': -173.20000000000002, 'top_mgr': 5}, {'J01': 7}, {'J01': 25}, 
4300.0, {'J01': -199.0, 'top_mgr': 3}, {'J01': 7}, {'J01': 24}, 
4305.0, {'J01': -175.4, 'top_mgr': 8}, {'J01': 5}, {'J01': 20}, 
4310.0, {'J01': -134.0, 'top_mgr': 9}, {'J01': 4}, {'J01': 17}, 
4315.0, {'J01': -154.60000000000002, 'top_mgr': 5}, {'J01': 4}, {'J01': 16}, 
4320.0, {'J01': -152.4, 'top_mgr': 6}, {'J01': 4}, {'J01': 13}, 
4325.0, {'J01': -179.2, 'top_mgr': 2}, {'J01': 4}, {'J01': 11}, 
4330.0, {'J01': -191.99999999999997, 'top_mgr': 1}, {'J01': 4}, {'J01': 16}, 
4335.0, {'J01': -121.80000000000001, 'top_mgr': 6}, {'J01': 4}, {'J01': 10}, 
4340.0, {'J01': -157.0, 'top_mgr': 0}, {'J01': 4}, {'J01': 16}, 
4345.0, {'J01': -140.0, 'top_mgr': 8}, {'J01': 4}, {'J01': 12}, 
4350.0, {'J01': -90.19999999999999, 'top_mgr': 6}, {'J01': 5}, {'J01': 15}, 
4355.0, {'J01': -107.8, 'top_mgr': 1}, {'J01': 5}, {'J01': 23}, 
4360.0, {'J01': -138.0, 'top_mgr': 2}, {'J01': 6}, {'J01': 27}, 
4365.0, {'J01': -153.8, 'top_mgr': 4}, {'J01': 7}, {'J01': 28}, 
4370.0, {'J01': -175.0, 'top_mgr': 4}, {'J01': 6}, {'J01': 24}, 
4375.0, {'J01': -172.60000000000002, 'top_mgr': 3}, {'J01': 6}, {'J01': 25}, 
4380.0, {'J01': -159.60000000000002, 'top_mgr': 5}, {'J01': 6}, {'J01': 23}, 
4385.0, {'J01': -188.60000000000002, 'top_mgr': 0}, {'J01': 6}, {'J01': 24}, 
4390.0, {'J01': -212.60000000000002, 'top_mgr': 2}, {'J01': 6}, {'J01': 24}, 
4395.0, {'J01': -232.4, 'top_mgr': 2}, {'J01': 7}, {'J01': 27}, 
4400.0, {'J01': -245.6, 'top_mgr': 5}, {'J01': 7}, {'J01': 27}, 
4405.0, {'J01': -218.6, 'top_mgr': 11}, {'J01': 4}, {'J01': 17}, 
4410.0, {'J01': -185.20000000000002, 'top_mgr': 7}, {'J01': 4}, {'J01': 13}, 
4415.0, {'J01': -169.4, 'top_mgr': 7}, {'J01': 4}, {'J01': 10}, 
4420.0, {'J01': -145.60000000000002, 'top_mgr': 4}, {'J01': 3}, {'J01': 11}, 
4425.0, {'J01': -142.0, 'top_mgr': 6}, {'J01': 3}, {'J01': 12}, 
4430.0, {'J01': -169.0, 'top_mgr': 2}, {'J01': 3}, {'J01': 10}, 
4435.0, {'J01': -182.60000000000002, 'top_mgr': 1}, {'J01': 3}, {'J01': 16}, 
4440.0, {'J01': -164.40000000000003, 'top_mgr': 6}, {'J01': 3}, {'J01': 12}, 
4445.0, {'J01': -133.20000000000002, 'top_mgr': 2}, {'J01': 4}, {'J01': 18}, 
4450.0, {'J01': -171.20000000000002, 'top_mgr': 0}, {'J01': 6}, {'J01': 28}, 
4455.0, {'J01': -204.20000000000005, 'top_mgr': 0}, {'J01': 8}, {'J01': 33}, 
4460.0, {'J01': -204.60000000000002, 'top_mgr': 3}, {'J01': 8}, {'J01': 30}, 
4465.0, {'J01': -204.60000000000002, 'top_mgr': 3}, {'J01': 8}, {'J01': 27}, 
4470.0, {'J01': -224.60000000000002, 'top_mgr': 3}, {'J01': 8}, {'J01': 27}, 
4475.0, {'J01': -178.8, 'top_mgr': 2}, {'J01': 8}, {'J01': 28}, 
4480.0, {'J01': -174.00000000000003, 'top_mgr': 5}, {'J01': 7}, {'J01': 25}, 
4485.0, {'J01': -188.4, 'top_mgr': 4}, {'J01': 7}, {'J01': 22}, 
4490.0, {'J01': -211.20000000000002, 'top_mgr': 1}, {'J01': 7}, {'J01': 25}, 
4495.0, {'J01': -219.4, 'top_mgr': 3}, {'J01': 7}, {'J01': 23}, 
4500.0, {'J01': -245.00000000000003, 'top_mgr': 1}, {'J01': 8}, {'J01': 27}, 
4505.0, {'J01': -261.4, 'top_mgr': 2}, {'J01': 8}, {'J01': 25}, 
4510.0, {'J01': -281.0, 'top_mgr': 3}, {'J01': 8}, {'J01': 26}, 
4515.0, {'J01': -271.8, 'top_mgr': 3}, {'J01': 8}, {'J01': 23}, 
4520.0, {'J01': -297.6, 'top_mgr': 1}, {'J01': 8}, {'J01': 27}, 
4525.0, {'J01': -313.8, 'top_mgr': 3}, {'J01': 8}, {'J01': 25}, 
4530.0, {'J01': -337.0, 'top_mgr': 2}, {'J01': 8}, {'J01': 27}, 
4535.0, {'J01': -337.8, 'top_mgr': 2}, {'J01': 8}, {'J01': 28}, 
4540.0, {'J01': -366.8, 'top_mgr': 0}, {'J01': 8}, {'J01': 29}, 
4545.0, {'J01': -322.20000000000005, 'top_mgr': 5}, {'J01': 7}, {'J01': 26}, 
4550.0, {'J01': -334.00000000000006, 'top_mgr': 5}, {'J01': 6}, {'J01': 22}, 
4555.0, {'J01': -326.40000000000003, 'top_mgr': 3}, {'J01': 6}, {'J01': 24}, 
4560.0, {'J01': -356.80000000000007, 'top_mgr': 1}, {'J01': 7}, {'J01': 27}, 
4565.0, {'J01': -388.80000000000007, 'top_mgr': 0}, {'J01': 8}, {'J01': 31}, 
4570.0, {'J01': -413.00000000000006, 'top_mgr': 1}, {'J01': 8}, {'J01': 30}, 
4575.0, {'J01': -419.0, 'top_mgr': 3}, {'J01': 8}, {'J01': 27}, 
4580.0, {'J01': -430.8, 'top_mgr': 1}, {'J01': 8}, {'J01': 28}, 
4585.0, {'J01': -351.59999999999997, 'top_mgr': 5}, {'J01': 7}, {'J01': 25}, 
4590.0, {'J01': -305.8, 'top_mgr': 9}, {'J01': 4}, {'J01': 17}, 
4595.0, {'J01': -152.0, 'top_mgr': 8}, {'J01': 4}, {'J01': 13}, 
4600.0, {'J01': -103.4, 'top_mgr': 9}, {'J01': 4}, {'J01': 9}, 
4605.0, {'J01': -115.4, 'top_mgr': 6}, {'J01': 4}, {'J01': 9}, 
4610.0, {'J01': -127.4, 'top_mgr': 6}, {'J01': 4}, {'J01': 9}, 
4615.0, {'J01': -120.2, 'top_mgr': 5}, {'J01': 3}, {'J01': 10}, 
4620.0, {'J01': -139.0, 'top_mgr': 1}, {'J01': 3}, {'J01': 19}, 
4625.0, {'J01': -179.00000000000003, 'top_mgr': 0}, {'J01': 6}, {'J01': 27}, 
4630.0, {'J01': -172.60000000000002, 'top_mgr': 3}, {'J01': 8}, {'J01': 29}, 
4635.0, {'J01': -160.60000000000002, 'top_mgr': 3}, {'J01': 8}, {'J01': 27}, 
4640.0, {'J01': -172.20000000000002, 'top_mgr': 6}, {'J01': 7}, {'J01': 25}, 
4645.0, {'J01': -207.20000000000002, 'top_mgr': 0}, {'J01': 7}, {'J01': 28}, 
4650.0, {'J01': -242.20000000000002, 'top_mgr': 0}, {'J01': 7}, {'J01': 31}, 
4655.0, {'J01': -274.20000000000005, 'top_mgr': 0}, {'J01': 7}, {'J01': 31}, 
4660.0, {'J01': -308.20000000000005, 'top_mgr': 0}, {'J01': 8}, {'J01': 33}, 
4665.0, {'J01': -331.4, 'top_mgr': 4}, {'J01': 7}, {'J01': 29}, 
4670.0, {'J01': -287.20000000000005, 'top_mgr': 6}, {'J01': 6}, {'J01': 23}, 
4675.0, {'J01': -274.40000000000003, 'top_mgr': 4}, {'J01': 6}, {'J01': 23}, 
4680.0, {'J01': -244.2, 'top_mgr': 4}, {'J01': 7}, {'J01': 23}, 
4685.0, {'J01': -267.20000000000005, 'top_mgr': 2}, {'J01': 8}, {'J01': 26}, 
4690.0, {'J01': -210.4, 'top_mgr': 3}, {'J01': 8}, {'J01': 27}, 
4695.0, {'J01': -227.8, 'top_mgr': 3}, {'J01': 8}, {'J01': 25}, 
4700.0, {'J01': -249.6, 'top_mgr': 2}, {'J01': 8}, {'J01': 25}, 
4705.0, {'J01': -264.20000000000005, 'top_mgr': 1}, {'J01': 8}, {'J01': 29}, 
4710.0, {'J01': -251.0, 'top_mgr': 4}, {'J01': 7}, {'J01': 27}, 
4715.0, {'J01': -271.6, 'top_mgr': 4}, {'J01': 6}, {'J01': 23}, 
4720.0, {'J01': -303.6, 'top_mgr': 0}, {'J01': 6}, {'J01': 27}, 
4725.0, {'J01': -253.8, 'top_mgr': 4}, {'J01': 6}, {'J01': 25}, 
4730.0, {'J01': -275.20000000000005, 'top_mgr': 4}, {'J01': 5}, {'J01': 21}, 
4735.0, {'J01': -227.0, 'top_mgr': 4}, {'J01': 4}, {'J01': 17}, 
4740.0, {'J01': -135.8, 'top_mgr': 10}, {'J01': 4}, {'J01': 12}, 
4745.0, {'J01': -118.6, 'top_mgr': 6}, {'J01': 3}, {'J01': 13}, 
4750.0, {'J01': -79.4, 'top_mgr': 4}, {'J01': 3}, {'J01': 17}, 
4755.0, {'J01': -108.4, 'top_mgr': 3}, {'J01': 6}, {'J01': 22}, 
4760.0, {'J01': -132.4, 'top_mgr': 4}, {'J01': 8}, {'J01': 27}, 
4765.0, {'J01': -131.8, 'top_mgr': 6}, {'J01': 7}, {'J01': 25}, 
4770.0, {'J01': -163.20000000000002, 'top_mgr': 2}, {'J01': 7}, {'J01': 26}, 
4775.0, {'J01': -200.20000000000002, 'top_mgr': 0}, {'J01': 7}, {'J01': 31}, 
4780.0, {'J01': -223.4, 'top_mgr': 2}, {'J01': 7}, {'J01': 29}, 
4785.0, {'J01': -239.0, 'top_mgr': 2}, {'J01': 8}, {'J01': 30}, 
4790.0, {'J01': -273.0, 'top_mgr': 0}, {'J01': 8}, {'J01': 32}, 
4795.0, {'J01': -258.6, 'top_mgr': 5}, {'J01': 7}, {'J01': 28}, 
4800.0, {'J01': -233.00000000000003, 'top_mgr': 9}, {'J01': 4}, {'J01': 20}, 
4805.0, {'J01': -252.4, 'top_mgr': 7}, {'J01': 4}, {'J01': 16}, 
4810.0, {'J01': -234.20000000000002, 'top_mgr': 4}, {'J01': 4}, {'J01': 15}, 
4815.0, {'J01': -243.6, 'top_mgr': 3}, {'J01': 4}, {'J01': 20}, 
4820.0, {'J01': -233.2, 'top_mgr': 3}, {'J01': 6}, {'J01': 23}, 
4825.0, {'J01': -204.60000000000002, 'top_mgr': 6}, {'J01': 7}, {'J01': 25}, 
4830.0, {'J01': -219.2, 'top_mgr': 5}, {'J01': 6}, {'J01': 23}, 
4835.0, {'J01': -216.2, 'top_mgr': 9}, {'J01': 4}, {'J01': 17}, 
4840.0, {'J01': -230.0, 'top_mgr': 4}, {'J01': 4}, {'J01': 13}, 
4845.0, {'J01': -104.2, 'top_mgr': 5}, {'J01': 4}, {'J01': 10}, 
4850.0, {'J01': -128.20000000000002, 'top_mgr': 0}, {'J01': 4}, {'J01': 14}, 
4855.0, {'J01': -146.4, 'top_mgr': 2}, {'J01': 6}, {'J01': 19}, 
4860.0, {'J01': -145.2, 'top_mgr': 2}, {'J01': 8}, {'J01': 23}, 
4865.0, {'J01': -163.8, 'top_mgr': 1}, {'J01': 8}, {'J01': 24}, 
4870.0, {'J01': -109.8, 'top_mgr': 3}, {'J01': 8}, {'J01': 21}, 
4875.0, {'J01': -100.2, 'top_mgr': 2}, {'J01': 8}, {'J01': 19}, 
4880.0, {'J01': -105.2, 'top_mgr': 2}, {'J01': 8}, {'J01': 22}, 
4885.0, {'J01': -112.8, 'top_mgr': 2}, {'J01': 7}, {'J01': 20}, 
4890.0, {'J01': -99.79999999999998, 'top_mgr': 4}, {'J01': 6}, {'J01': 16}, 
4895.0, {'J01': -101.0, 'top_mgr': 2}, {'J01': 6}, {'J01': 15}, 
4900.0, {'J01': -122.0, 'top_mgr': 0}, {'J01': 7}, {'J01': 20}, 
4905.0, {'J01': -140.0, 'top_mgr': 1}, {'J01': 8}, {'J01': 22}, 
4910.0, {'J01': -156.0, 'top_mgr': 0}, {'J01': 8}, {'J01': 22}, 
4915.0, {'J01': -150.00000000000003, 'top_mgr': 3}, {'J01': 8}, {'J01': 19}, 
4920.0, {'J01': -128.8, 'top_mgr': 3}, {'J01': 8}, {'J01': 16}, 
4925.0, {'J01': -136.8, 'top_mgr': 3}, {'J01': 8}, {'J01': 16}, 
4930.0, {'J01': -140.6, 'top_mgr': 3}, {'J01': 7}, {'J01': 16}, 
4935.0, {'J01': -159.6, 'top_mgr': 0}, {'J01': 7}, {'J01': 19}, 
4940.0, {'J01': -176.6, 'top_mgr': 0}, {'J01': 7}, {'J01': 20}, 
4945.0, {'J01': -173.79999999999998, 'top_mgr': 3}, {'J01': 7}, {'J01': 17}, 
4950.0, {'J01': -171.60000000000002, 'top_mgr': 3}, {'J01': 8}, {'J01': 16}, 
4955.0, {'J01': -181.00000000000003, 'top_mgr': 1}, {'J01': 8}, {'J01': 17}, 
4960.0, {'J01': -184.4, 'top_mgr': 4}, {'J01': 7}, {'J01': 14}, 
4965.0, {'J01': -190.60000000000002, 'top_mgr': 2}, {'J01': 6}, {'J01': 13}, 
4970.0, {'J01': -198.40000000000003, 'top_mgr': 2}, {'J01': 5}, {'J01': 14}, 
4975.0, {'J01': -207.0, 'top_mgr': 2}, {'J01': 4}, {'J01': 12}, 
4980.0, {'J01': -215.0, 'top_mgr': 1}, {'J01': 4}, {'J01': 11}, 
4985.0, {'J01': -230.2, 'top_mgr': 1}, {'J01': 7}, {'J01': 15}, 
4990.0, {'J01': -180.8, 'top_mgr': 2}, {'J01': 7}, {'J01': 18}, 
4995.0, {'J01': -171.20000000000002, 'top_mgr': 4}, {'J01': 6}, {'J01': 14}, 
5000.0, {'J01': -187.20000000000002, 'top_mgr': 0}, {'J01': 6}, {'J01': 14}, 
5005.0, {'J01': -207.20000000000002, 'top_mgr': 0}, {'J01': 7}, {'J01': 18}, 
5010.0, {'J01': -208.00000000000003, 'top_mgr': 1}, {'J01': 8}, {'J01': 20}, 
5015.0, {'J01': -146.20000000000002, 'top_mgr': 2}, {'J01': 7}, {'J01': 18}, 
5020.0, {'J01': -99.60000000000001, 'top_mgr': 2}, {'J01': 6}, {'J01': 16}, 
5025.0, {'J01': -111.6, 'top_mgr': 0}, {'J01': 6}, {'J01': 16}, 
5030.0, {'J01': -125.6, 'top_mgr': 0}, {'J01': 7}, {'J01': 18}, 
5035.0, {'J01': -136.4, 'top_mgr': 2}, {'J01': 7}, {'J01': 18}, 
5040.0, {'J01': -109.60000000000002, 'top_mgr': 6}, {'J01': 4}, {'J01': 12}, 
5045.0, {'J01': -100.4, 'top_mgr': 4}, {'J01': 3}, {'J01': 8}, 
5050.0, {'J01': -73.60000000000001, 'top_mgr': 2}, {'J01': 3}, {'J01': 6}, 
5055.0, {'J01': -45.800000000000004, 'top_mgr': 3}, {'J01': 2}, {'J01': 5}, 
5060.0, {'J01': -59.800000000000004, 'top_mgr': 0}, {'J01': 3}, {'J01': 7}, 
5065.0, {'J01': -76.80000000000001, 'top_mgr': 0}, {'J01': 4}, {'J01': 12}, 
5070.0, {'J01': -90.4, 'top_mgr': 1}, {'J01': 7}, {'J01': 17}, 
5075.0, {'J01': -95.60000000000001, 'top_mgr': 3}, {'J01': 7}, {'J01': 16}, 
5080.0, {'J01': -108.60000000000001, 'top_mgr': 0}, {'J01': 7}, {'J01': 17}, 
5085.0, {'J01': -70.0, 'top_mgr': 2}, {'J01': 6}, {'J01': 16}, 
5090.0, {'J01': -61.2, 'top_mgr': 4}, {'J01': 5}, {'J01': 12}, 
5095.0, {'J01': -73.2, 'top_mgr': 0}, {'J01': 5}, {'J01': 12}, 
5100.0, {'J01': -91.2, 'top_mgr': 0}, {'J01': 7}, {'J01': 18}, 
5105.0, {'J01': -89.2, 'top_mgr': 3}, {'J01': 8}, {'J01': 19}, 
5110.0, {'J01': -99.2, 'top_mgr': 1}, {'J01': 8}, {'J01': 18}, 
5115.0, {'J01': -106.2, 'top_mgr': 2}, {'J01': 7}, {'J01': 18}, 
5120.0, {'J01': -114.8, 'top_mgr': 2}, {'J01': 6}, {'J01': 16}, 
5125.0, {'J01': -123.8, 'top_mgr': 2}, {'J01': 5}, {'J01': 14}, 
5130.0, {'J01': -81.4, 'top_mgr': 6}, {'J01': 4}, {'J01': 8}, 
5135.0, {'J01': -85.6, 'top_mgr': 2}, {'J01': 4}, {'J01': 6}, 
5140.0, {'J01': -38.400000000000006, 'top_mgr': 2}, {'J01': 4}, {'J01': 5}, 
5145.0, {'J01': -48.0, 'top_mgr': 3}, {'J01': 3}, {'J01': 6}, 
5150.0, {'J01': -46.0, 'top_mgr': 2}, {'J01': 3}, {'J01': 8}, 
5155.0, {'J01': -67.0, 'top_mgr': 0}, {'J01': 7}, {'J01': 17}, 
5160.0, {'J01': -79.4, 'top_mgr': 1}, {'J01': 8}, {'J01': 18}, 
5165.0, {'J01': -49.2, 'top_mgr': 3}, {'J01': 8}, {'J01': 16}, 
5170.0, {'J01': -50.400000000000006, 'top_mgr': 3}, {'J01': 7}, {'J01': 15}, 
5175.0, {'J01': -57.4, 'top_mgr': 3}, {'J01': 6}, {'J01': 14}, 
5180.0, {'J01': -61.2, 'top_mgr': 2}, {'J01': 5}, {'J01': 12}, 
5185.0, {'J01': -62.0, 'top_mgr': 3}, {'J01': 5}, {'J01': 10}, 
5190.0, {'J01': -73.0, 'top_mgr': 2}, {'J01': 7}, {'J01': 13}, 
5195.0, {'J01': -85.4, 'top_mgr': 1}, {'J01': 8}, {'J01': 17}, 
5200.0, {'J01': -96.2, 'top_mgr': 2}, {'J01': 7}, {'J01': 17}, 
5205.0, {'J01': -95.60000000000001, 'top_mgr': 6}, {'J01': 4}, {'J01': 12}, 
5210.0, {'J01': -107.60000000000001, 'top_mgr': 0}, {'J01': 4}, {'J01': 12}, 
5215.0, {'J01': -119.60000000000001, 'top_mgr': 0}, {'J01': 4}, {'J01': 12}, 
5220.0, {'J01': -84.0, 'top_mgr': 2}, {'J01': 5}, {'J01': 14}, 
5225.0, {'J01': -90.80000000000001, 'top_mgr': 2}, {'J01': 4}, {'J01': 12}, 
5230.0, {'J01': -97.4, 'top_mgr': 2}, {'J01': 4}, {'J01': 10}, 
5235.0, {'J01': -63.4, 'top_mgr': 6}, {'J01': 4}, {'J01': 6}, 
5240.0, {'J01': -40.4, 'top_mgr': 4}, {'J01': 4}, {'J01': 4}, 
5245.0, {'J01': -42.8, 'top_mgr': 3}, {'J01': 3}, {'J01': 5}, 
5250.0, {'J01': -57.0, 'top_mgr': 1}, {'J01': 3}, {'J01': 8}, 
5255.0, {'J01': -61.6, 'top_mgr': 2}, {'J01': 3}, {'J01': 7}, 
5260.0, {'J01': -73.0, 'top_mgr': 2}, {'J01': 4}, {'J01': 7}, 
5265.0, {'J01': -50.599999999999994, 'top_mgr': 2}, {'J01': 4}, {'J01': 12}, 
5270.0, {'J01': -72.6, 'top_mgr': 0}, {'J01': 7}, {'J01': 18}, 
5275.0, {'J01': -91.60000000000001, 'top_mgr': 0}, {'J01': 8}, {'J01': 21}, 
5280.0, {'J01': -108.6, 'top_mgr': 0}, {'J01': 8}, {'J01': 22}, 
5285.0, {'J01': -101.8, 'top_mgr': 2}, {'J01': 8}, {'J01': 20}, 
5290.0, {'J01': -113.8, 'top_mgr': 0}, {'J01': 8}, {'J01': 20}, 
5295.0, {'J01': -102.0, 'top_mgr': 2}, {'J01': 7}, {'J01': 18}, 
5300.0, {'J01': -99.80000000000001, 'top_mgr': 6}, {'J01': 4}, {'J01': 12}, 
5305.0, {'J01': -110.20000000000002, 'top_mgr': 1}, {'J01': 4}, {'J01': 11}, 
5310.0, {'J01': -118.4, 'top_mgr': 1}, {'J01': 4}, {'J01': 10}, 
5315.0, {'J01': -122.20000000000002, 'top_mgr': 2}, {'J01': 7}, {'J01': 15}, 
5320.0, {'J01': -133.4, 'top_mgr': 2}, {'J01': 8}, {'J01': 17}, 
5325.0, {'J01': -108.0, 'top_mgr': 1}, {'J01': 8}, {'J01': 17}, 
5330.0, {'J01': -122.0, 'top_mgr': 0}, {'J01': 8}, {'J01': 19}, 
5335.0, {'J01': -130.4, 'top_mgr': 3}, {'J01': 7}, {'J01': 17}, 
5340.0, {'J01': -67.0, 'top_mgr': 5}, {'J01': 4}, {'J01': 12}, 
5345.0, {'J01': -70.20000000000002, 'top_mgr': 4}, {'J01': 4}, {'J01': 8}, 
5350.0, {'J01': -24.6, 'top_mgr': 6}, {'J01': 4}, {'J01': 4}, 
5355.0, {'J01': -32.400000000000006, 'top_mgr': 0}, {'J01': 4}, {'J01': 6}, 
5360.0, {'J01': -45.2, 'top_mgr': 1}, {'J01': 4}, {'J01': 10}, 
5365.0, {'J01': -62.60000000000001, 'top_mgr': 1}, {'J01': 7}, {'J01': 16}, 
5370.0, {'J01': -77.60000000000001, 'top_mgr': 0}, {'J01': 8}, {'J01': 19}, 
5375.0, {'J01': -90.60000000000001, 'top_mgr': 0}, {'J01': 8}, {'J01': 20}, 
5380.0, {'J01': -102.60000000000001, 'top_mgr': 0}, {'J01': 8}, {'J01': 20}, 
5385.0, {'J01': -114.60000000000002, 'top_mgr': 0}, {'J01': 8}, {'J01': 20}, 
5390.0, {'J01': -126.60000000000002, 'top_mgr': 0}, {'J01': 8}, {'J01': 20}, 
5395.0, {'J01': -138.60000000000002, 'top_mgr': 0}, {'J01': 8}, {'J01': 20}, 
5400.0, {'J01': -146.8, 'top_mgr': 1}, {'J01': 8}, {'J01': 19}, 
