5.0, {'J01': np.float32(-0.0)}, {'J01': 0}, {'J01': 0}, 
10.0, {'J01': np.float32(-0.002775208)}, {'J01': 1}, {'J01': 1}, 
15.0, {'J01': np.float32(-0.46754116)}, {'J01': 2}, {'J01': 6}, 
20.0, {'J01': np.float32(-1.1637651)}, {'J01': 4}, {'J01': 7}, 
25.0, {'J01': np.float32(1.4481424)}, {'J01': 3}, {'J01': 9}, 
30.0, {'J01': np.float32(-0.7485241)}, {'J01': 2}, {'J01': 10}, 
35.0, {'J01': np.float32(0.5191069)}, {'J01': 2}, {'J01': 11}, 
40.0, {'J01': np.float32(-0.15171137)}, {'J01': 4}, {'J01': 17}, 
45.0, {'J01': np.float32(-1.0856606)}, {'J01': 5}, {'J01': 23}, 
50.0, {'J01': np.float32(-2.8931913)}, {'J01': 7}, {'J01': 30}, 
55.0, {'J01': np.float32(2.7218518)}, {'J01': 8}, {'J01': 31}, 
60.0, {'J01': np.float32(-0.6154021)}, {'J01': 8}, {'J01': 33}, 
65.0, {'J01': np.float32(-2.3014395)}, {'J01': 8}, {'J01': 36}, 
70.0, {'J01': np.float32(-2.0842597)}, {'J01': 7}, {'J01': 34}, 
75.0, {'J01': np.float32(3.0)}, {'J01': 6}, {'J01': 25}, 
80.0, {'J01': np.float32(-2.0289671)}, {'J01': 6}, {'J01': 30}, 
85.0, {'J01': np.float32(-2.587638)}, {'J01': 7}, {'J01': 29}, 
90.0, {'J01': np.float32(3.0)}, {'J01': 8}, {'J01': 33}, 
95.0, {'J01': np.float32(-2.3180454)}, {'J01': 8}, {'J01': 38}, 
100.0, {'J01': np.float32(0.6584672)}, {'J01': 8}, {'J01': 37}, 
105.0, {'J01': np.float32(0.74102074)}, {'J01': 7}, {'J01': 31}, 
110.0, {'J01': np.float32(-1.8953834)}, {'J01': 6}, {'J01': 25}, 
115.0, {'J01': np.float32(0.91713387)}, {'J01': 5}, {'J01': 22}, 
120.0, {'J01': np.float32(0.006382609)}, {'J01': 5}, {'J01': 26}, 
125.0, {'J01': np.float32(-3.0)}, {'J01': 7}, {'J01': 34}, 
130.0, {'J01': np.float32(3.0)}, {'J01': 8}, {'J01': 34}, 
135.0, {'J01': np.float32(-0.30880064)}, {'J01': 8}, {'J01': 38}, 
140.0, {'J01': np.float32(-3.0)}, {'J01': 8}, {'J01': 43}, 
145.0, {'J01': np.float32(3.0)}, {'J01': 8}, {'J01': 43}, 
150.0, {'J01': np.float32(1.1528144)}, {'J01': 8}, {'J01': 43}, 
155.0, {'J01': np.float32(-3.0)}, {'J01': 7}, {'J01': 37}, 
160.0, {'J01': np.float32(3.0)}, {'J01': 7}, {'J01': 33}, 
165.0, {'J01': np.float32(-1.1352042)}, {'J01': 7}, {'J01': 39}, 
170.0, {'J01': np.float32(-3.0)}, {'J01': 7}, {'J01': 43}, 
175.0, {'J01': np.float32(3.0)}, {'J01': 8}, {'J01': 44}, 
180.0, {'J01': np.float32(0.44125894)}, {'J01': 8}, {'J01': 42}, 
185.0, {'J01': np.float32(-3.0)}, {'J01': 8}, {'J01': 41}, 
190.0, {'J01': np.float32(-3.0)}, {'J01': 7}, {'J01': 34}, 
195.0, {'J01': np.float32(3.0)}, {'J01': 7}, {'J01': 32}, 
200.0, {'J01': np.float32(-1.220606)}, {'J01': 7}, {'J01': 36}, 
205.0, {'J01': np.float32(0.1787382)}, {'J01': 8}, {'J01': 36}, 
210.0, {'J01': np.float32(-2.154005)}, {'J01': 8}, {'J01': 42}, 
215.0, {'J01': np.float32(2.1682508)}, {'J01': 8}, {'J01': 40}, 
220.0, {'J01': np.float32(-0.4834061)}, {'J01': 8}, {'J01': 40}, 
225.0, {'J01': np.float32(-0.24571915)}, {'J01': 7}, {'J01': 35}, 
230.0, {'J01': np.float32(0.27224153)}, {'J01': 7}, {'J01': 34}, 
235.0, {'J01': np.float32(0.7399628)}, {'J01': 6}, {'J01': 26}, 
240.0, {'J01': np.float32(-1.670282)}, {'J01': 5}, {'J01': 22}, 
245.0, {'J01': np.float32(3.0)}, {'J01': 4}, {'J01': 22}, 
250.0, {'J01': np.float32(0.05167965)}, {'J01': 4}, {'J01': 24}, 
255.0, {'J01': np.float32(-0.78867346)}, {'J01': 7}, {'J01': 27}, 
260.0, {'J01': np.float32(0.22553746)}, {'J01': 8}, {'J01': 32}, 
265.0, {'J01': np.float32(-0.82545257)}, {'J01': 8}, {'J01': 30}, 
270.0, {'J01': np.float32(1.6138214)}, {'J01': 7}, {'J01': 29}, 
275.0, {'J01': np.float32(-0.24968982)}, {'J01': 7}, {'J01': 31}, 
280.0, {'J01': np.float32(-0.5293316)}, {'J01': 7}, {'J01': 32}, 
285.0, {'J01': np.float32(-0.3761087)}, {'J01': 8}, {'J01': 35}, 
290.0, {'J01': np.float32(-0.41347244)}, {'J01': 8}, {'J01': 35}, 
295.0, {'J01': np.float32(-0.960892)}, {'J01': 8}, {'J01': 39}, 
300.0, {'J01': np.float32(-2.5160582)}, {'J01': 8}, {'J01': 39}, 
305.0, {'J01': np.float32(3.0)}, {'J01': 7}, {'J01': 29}, 
310.0, {'J01': np.float32(-0.85964817)}, {'J01': 7}, {'J01': 30}, 
315.0, {'J01': np.float32(-3.0)}, {'J01': 7}, {'J01': 34}, 
320.0, {'J01': np.float32(3.0)}, {'J01': 8}, {'J01': 34}, 
325.0, {'J01': np.float32(-0.20144783)}, {'J01': 8}, {'J01': 37}, 
330.0, {'J01': np.float32(-3.0)}, {'J01': 8}, {'J01': 39}, 
335.0, {'J01': np.float32(3.0)}, {'J01': 8}, {'J01': 35}, 
340.0, {'J01': np.float32(-0.68878186)}, {'J01': 9}, {'J01': 39}, 
345.0, {'J01': np.float32(-0.3617494)}, {'J01': 9}, {'J01': 38}, 
350.0, {'J01': np.float32(-1.9675375)}, {'J01': 9}, {'J01': 43}, 
355.0, {'J01': np.float32(-3.0)}, {'J01': 9}, {'J01': 44}, 
360.0, {'J01': np.float32(3.0)}, {'J01': 11}, {'J01': 39}, 
365.0, {'J01': np.float32(-1.0984626)}, {'J01': 11}, {'J01': 39}, 
370.0, {'J01': np.float32(-1.2128038)}, {'J01': 11}, {'J01': 41}, 
375.0, {'J01': np.float32(-0.42098612)}, {'J01': 11}, {'J01': 37}, 
380.0, {'J01': np.float32(-0.30012867)}, {'J01': 7}, {'J01': 26}, 
385.0, {'J01': np.float32(3.0)}, {'J01': 5}, {'J01': 23}, 
390.0, {'J01': np.float32(-1.0492965)}, {'J01': 5}, {'J01': 27}, 
395.0, {'J01': np.float32(-3.0)}, {'J01': 6}, {'J01': 33}, 
400.0, {'J01': np.float32(3.0)}, {'J01': 8}, {'J01': 38}, 
405.0, {'J01': np.float32(-0.4527322)}, {'J01': 8}, {'J01': 38}, 
410.0, {'J01': np.float32(-3.0)}, {'J01': 8}, {'J01': 40}, 
415.0, {'J01': np.float32(2.2338226)}, {'J01': 10}, {'J01': 41}, 
420.0, {'J01': np.float32(-1.3129983)}, {'J01': 11}, {'J01': 42}, 
425.0, {'J01': np.float32(-3.0)}, {'J01': 11}, {'J01': 45}, 
430.0, {'J01': np.float32(3.0)}, {'J01': 11}, {'J01': 43}, 
435.0, {'J01': np.float32(0.0054160035)}, {'J01': 11}, {'J01': 44}, 
440.0, {'J01': np.float32(0.8240446)}, {'J01': 12}, {'J01': 41}, 
445.0, {'J01': np.float32(-0.41437733)}, {'J01': 10}, {'J01': 34}, 
450.0, {'J01': np.float32(2.4745815)}, {'J01': 8}, {'J01': 30}, 
455.0, {'J01': np.float32(-2.4324265)}, {'J01': 8}, {'J01': 33}, 
460.0, {'J01': np.float32(1.3132027)}, {'J01': 11}, {'J01': 43}, 
465.0, {'J01': np.float32(-0.47112164)}, {'J01': 13}, {'J01': 47}, 
470.0, {'J01': np.float32(-3.0)}, {'J01': 13}, {'J01': 48}, 
475.0, {'J01': np.float32(2.896637)}, {'J01': 13}, {'J01': 40}, 
480.0, {'J01': np.float32(-0.6878811)}, {'J01': 13}, {'J01': 41}, 
485.0, {'J01': np.float32(-3.0)}, {'J01': 13}, {'J01': 39}, 
490.0, {'J01': np.float32(1.6345572)}, {'J01': 14}, {'J01': 38}, 
495.0, {'J01': np.float32(3.0)}, {'J01': 16}, {'J01': 42}, 
500.0, {'J01': np.float32(-2.431966)}, {'J01': 17}, {'J01': 47}, 
505.0, {'J01': np.float32(1.0792491)}, {'J01': 19}, {'J01': 55}, 
510.0, {'J01': np.float32(-1.9029862)}, {'J01': 19}, {'J01': 54}, 
515.0, {'J01': np.float32(-3.0)}, {'J01': 19}, {'J01': 54}, 
520.0, {'J01': np.float32(-3.0)}, {'J01': 20}, {'J01': 53}, 
525.0, {'J01': np.float32(3.0)}, {'J01': 20}, {'J01': 53}, 
530.0, {'J01': np.float32(-1.5151906)}, {'J01': 21}, {'J01': 57}, 
535.0, {'J01': np.float32(-0.83044845)}, {'J01': 22}, {'J01': 55}, 
540.0, {'J01': np.float32(-1.5878727)}, {'J01': 20}, {'J01': 49}, 
545.0, {'J01': np.float32(3.0)}, {'J01': 18}, {'J01': 47}, 
550.0, {'J01': np.float32(-2.0257103)}, {'J01': 18}, {'J01': 49}, 
555.0, {'J01': np.float32(-1.6807134)}, {'J01': 18}, {'J01': 53}, 
560.0, {'J01': np.float32(1.0313222)}, {'J01': 19}, {'J01': 52}, 
565.0, {'J01': np.float32(-0.2997665)}, {'J01': 19}, {'J01': 52}, 
570.0, {'J01': np.float32(-3.0)}, {'J01': 19}, {'J01': 55}, 
575.0, {'J01': np.float32(3.0)}, {'J01': 19}, {'J01': 55}, 
580.0, {'J01': np.float32(-0.43333802)}, {'J01': 20}, {'J01': 57}, 
585.0, {'J01': np.float32(-0.44646633)}, {'J01': 21}, {'J01': 55}, 
590.0, {'J01': np.float32(1.5624586)}, {'J01': 17}, {'J01': 44}, 
595.0, {'J01': np.float32(-0.62446594)}, {'J01': 16}, {'J01': 33}, 
600.0, {'J01': np.float32(3.0)}, {'J01': 14}, {'J01': 29}, 
605.0, {'J01': np.float32(-0.37328494)}, {'J01': 14}, {'J01': 32}, 
610.0, {'J01': np.float32(-3.0)}, {'J01': 14}, {'J01': 39}, 
615.0, {'J01': np.float32(3.0)}, {'J01': 17}, {'J01': 43}, 
620.0, {'J01': np.float32(-0.0035745606)}, {'J01': 16}, {'J01': 45}, 
625.0, {'J01': np.float32(-2.6356745)}, {'J01': 16}, {'J01': 44}, 
630.0, {'J01': np.float32(2.1024957)}, {'J01': 17}, {'J01': 44}, 
635.0, {'J01': np.float32(-0.8347109)}, {'J01': 19}, {'J01': 46}, 
640.0, {'J01': np.float32(-1.6362562)}, {'J01': 19}, {'J01': 47}, 
645.0, {'J01': np.float32(-3.0)}, {'J01': 19}, {'J01': 47}, 
650.0, {'J01': np.float32(3.0)}, {'J01': 18}, {'J01': 46}, 
655.0, {'J01': np.float32(-0.064700924)}, {'J01': 16}, {'J01': 42}, 
660.0, {'J01': np.float32(-3.0)}, {'J01': 16}, {'J01': 42}, 
665.0, {'J01': np.float32(-0.4368558)}, {'J01': 15}, {'J01': 41}, 
670.0, {'J01': np.float32(2.9847975)}, {'J01': 16}, {'J01': 47}, 
675.0, {'J01': np.float32(-0.049926735)}, {'J01': 15}, {'J01': 43}, 
680.0, {'J01': np.float32(1.5843012)}, {'J01': 15}, {'J01': 48}, 
685.0, {'J01': np.float32(-1.3312613)}, {'J01': 16}, {'J01': 55}, 
690.0, {'J01': np.float32(-2.2122302)}, {'J01': 19}, {'J01': 56}, 
695.0, {'J01': np.float32(2.0416212)}, {'J01': 21}, {'J01': 57}, 
700.0, {'J01': np.float32(-1.3841429)}, {'J01': 21}, {'J01': 57}, 
705.0, {'J01': np.float32(-3.0)}, {'J01': 21}, {'J01': 57}, 
710.0, {'J01': np.float32(-0.069004625)}, {'J01': 21}, {'J01': 56}, 
715.0, {'J01': np.float32(3.0)}, {'J01': 20}, {'J01': 54}, 
720.0, {'J01': np.float32(-3.0)}, {'J01': 20}, {'J01': 54}, 
725.0, {'J01': np.float32(3.0)}, {'J01': 20}, {'J01': 51}, 
730.0, {'J01': np.float32(0.14321259)}, {'J01': 21}, {'J01': 52}, 
735.0, {'J01': np.float32(-3.0)}, {'J01': 21}, {'J01': 56}, 
740.0, {'J01': np.float32(1.4898982)}, {'J01': 21}, {'J01': 56}, 
745.0, {'J01': np.float32(-0.8190278)}, {'J01': 22}, {'J01': 56}, 
750.0, {'J01': np.float32(-1.2404913)}, {'J01': 23}, {'J01': 57}, 
755.0, {'J01': np.float32(0.7001092)}, {'J01': 23}, {'J01': 55}, 
760.0, {'J01': np.float32(-1.1972498)}, {'J01': 23}, {'J01': 56}, 
765.0, {'J01': np.float32(-1.9657985)}, {'J01': 24}, {'J01': 61}, 
770.0, {'J01': np.float32(0.075987235)}, {'J01': 21}, {'J01': 51}, 
775.0, {'J01': np.float32(-1.635278)}, {'J01': 20}, {'J01': 44}, 
780.0, {'J01': np.float32(3.0)}, {'J01': 18}, {'J01': 38}, 
785.0, {'J01': np.float32(-1.3736093)}, {'J01': 17}, {'J01': 42}, 
790.0, {'J01': np.float32(-1.050987)}, {'J01': 17}, {'J01': 52}, 
795.0, {'J01': np.float32(2.8811824)}, {'J01': 15}, {'J01': 48}, 
800.0, {'J01': np.float32(-0.38246983)}, {'J01': 15}, {'J01': 51}, 
805.0, {'J01': np.float32(-3.0)}, {'J01': 15}, {'J01': 53}, 
810.0, {'J01': np.float32(0.46561804)}, {'J01': 16}, {'J01': 55}, 
815.0, {'J01': np.float32(1.6098728)}, {'J01': 16}, {'J01': 52}, 
820.0, {'J01': np.float32(-1.845347)}, {'J01': 17}, {'J01': 56}, 
825.0, {'J01': np.float32(-3.0)}, {'J01': 19}, {'J01': 59}, 
830.0, {'J01': np.float32(2.7761507)}, {'J01': 20}, {'J01': 57}, 
835.0, {'J01': np.float32(-1.4328303)}, {'J01': 20}, {'J01': 57}, 
840.0, {'J01': np.float32(-3.0)}, {'J01': 21}, {'J01': 60}, 
845.0, {'J01': np.float32(1.1598222)}, {'J01': 22}, {'J01': 57}, 
850.0, {'J01': np.float32(1.7008749)}, {'J01': 22}, {'J01': 57}, 
855.0, {'J01': np.float32(-0.63262796)}, {'J01': 22}, {'J01': 54}, 
860.0, {'J01': np.float32(-0.90662783)}, {'J01': 22}, {'J01': 58}, 
865.0, {'J01': np.float32(-0.44320944)}, {'J01': 23}, {'J01': 59}, 
870.0, {'J01': np.float32(0.8959175)}, {'J01': 22}, {'J01': 49}, 
875.0, {'J01': np.float32(0.091539316)}, {'J01': 18}, {'J01': 39}, 
880.0, {'J01': np.float32(3.0)}, {'J01': 16}, {'J01': 34}, 
885.0, {'J01': np.float32(2.346667)}, {'J01': 16}, {'J01': 38}, 
890.0, {'J01': np.float32(-1.7469833)}, {'J01': 16}, {'J01': 42}, 
895.0, {'J01': np.float32(-0.63102865)}, {'J01': 17}, {'J01': 44}, 
900.0, {'J01': np.float32(0.19241841)}, {'J01': 20}, {'J01': 56}, 
905.0, {'J01': np.float32(-1.4770968)}, {'J01': 20}, {'J01': 55}, 
910.0, {'J01': np.float32(-1.6925353)}, {'J01': 20}, {'J01': 56}, 
915.0, {'J01': np.float32(1.5563315)}, {'J01': 21}, {'J01': 59}, 
920.0, {'J01': np.float32(-1.3343805)}, {'J01': 21}, {'J01': 51}, 
925.0, {'J01': np.float32(-0.646103)}, {'J01': 18}, {'J01': 44}, 
930.0, {'J01': np.float32(3.0)}, {'J01': 17}, {'J01': 40}, 
935.0, {'J01': np.float32(-0.18345153)}, {'J01': 16}, {'J01': 47}, 
940.0, {'J01': np.float32(-0.68915653)}, {'J01': 16}, {'J01': 51}, 
945.0, {'J01': np.float32(-0.8930893)}, {'J01': 16}, {'J01': 56}, 
950.0, {'J01': np.float32(-0.96387976)}, {'J01': 16}, {'J01': 57}, 
955.0, {'J01': np.float32(-0.99154174)}, {'J01': 18}, {'J01': 61}, 
960.0, {'J01': np.float32(-1.0497086)}, {'J01': 19}, {'J01': 63}, 
965.0, {'J01': np.float32(-1.513798)}, {'J01': 21}, {'J01': 67}, 
970.0, {'J01': np.float32(-2.1840074)}, {'J01': 21}, {'J01': 67}, 
975.0, {'J01': np.float32(-2.651753)}, {'J01': 21}, {'J01': 63}, 
980.0, {'J01': np.float32(-1.9138871)}, {'J01': 21}, {'J01': 63}, 
985.0, {'J01': np.float32(3.0)}, {'J01': 22}, {'J01': 66}, 
990.0, {'J01': np.float32(-3.0)}, {'J01': 22}, {'J01': 70}, 
995.0, {'J01': np.float32(0.78017974)}, {'J01': 22}, {'J01': 71}, 
1000.0, {'J01': np.float32(-1.0804738)}, {'J01': 23}, {'J01': 70}, 
1005.0, {'J01': np.float32(-1.3792138)}, {'J01': 24}, {'J01': 71}, 
1010.0, {'J01': np.float32(-2.2436864)}, {'J01': 25}, {'J01': 72}, 
1015.0, {'J01': np.float32(0.07515569)}, {'J01': 25}, {'J01': 74}, 
1020.0, {'J01': np.float32(-1.2273914)}, {'J01': 25}, {'J01': 75}, 
1025.0, {'J01': np.float32(3.0)}, {'J01': 23}, {'J01': 61}, 
1030.0, {'J01': np.float32(3.0)}, {'J01': 20}, {'J01': 47}, 
1035.0, {'J01': np.float32(0.8310386)}, {'J01': 20}, {'J01': 41}, 
1040.0, {'J01': np.float32(0.032081407)}, {'J01': 20}, {'J01': 40}, 
1045.0, {'J01': np.float32(-0.65432006)}, {'J01': 20}, {'J01': 40}, 
1050.0, {'J01': np.float32(-0.770286)}, {'J01': 20}, {'J01': 42}, 
1055.0, {'J01': np.float32(-3.0)}, {'J01': 20}, {'J01': 42}, 
1060.0, {'J01': np.float32(3.0)}, {'J01': 19}, {'J01': 43}, 
1065.0, {'J01': np.float32(-0.5960519)}, {'J01': 20}, {'J01': 47}, 
1070.0, {'J01': np.float32(-0.7971193)}, {'J01': 20}, {'J01': 51}, 
1075.0, {'J01': np.float32(0.44524884)}, {'J01': 20}, {'J01': 51}, 
1080.0, {'J01': np.float32(-1.2857074)}, {'J01': 20}, {'J01': 47}, 
1085.0, {'J01': np.float32(-3.0)}, {'J01': 20}, {'J01': 45}, 
1090.0, {'J01': np.float32(3.0)}, {'J01': 22}, {'J01': 53}, 
1095.0, {'J01': np.float32(2.5133898)}, {'J01': 22}, {'J01': 59}, 
1100.0, {'J01': np.float32(-1.6309732)}, {'J01': 22}, {'J01': 56}, 
1105.0, {'J01': np.float32(-1.5245903)}, {'J01': 22}, {'J01': 52}, 
1110.0, {'J01': np.float32(-1.9253147)}, {'J01': 21}, {'J01': 46}, 
1115.0, {'J01': np.float32(3.0)}, {'J01': 19}, {'J01': 45}, 
1120.0, {'J01': np.float32(-1.0284579)}, {'J01': 19}, {'J01': 44}, 
1125.0, {'J01': np.float32(-2.1124902)}, {'J01': 19}, {'J01': 46}, 
1130.0, {'J01': np.float32(-2.219159)}, {'J01': 18}, {'J01': 42}, 
1135.0, {'J01': np.float32(-3.0)}, {'J01': 17}, {'J01': 42}, 
1140.0, {'J01': np.float32(3.0)}, {'J01': 15}, {'J01': 42}, 
1145.0, {'J01': np.float32(0.053101018)}, {'J01': 13}, {'J01': 44}, 
1150.0, {'J01': np.float32(-1.8246614)}, {'J01': 13}, {'J01': 46}, 
1155.0, {'J01': np.float32(0.05253173)}, {'J01': 14}, {'J01': 44}, 
1160.0, {'J01': np.float32(-3.0)}, {'J01': 14}, {'J01': 39}, 
1165.0, {'J01': np.float32(3.0)}, {'J01': 16}, {'J01': 43}, 
1170.0, {'J01': np.float32(0.35839352)}, {'J01': 14}, {'J01': 44}, 
1175.0, {'J01': np.float32(-2.0615783)}, {'J01': 14}, {'J01': 44}, 
1180.0, {'J01': np.float32(1.1957474)}, {'J01': 13}, {'J01': 44}, 
1185.0, {'J01': np.float32(-1.2176803)}, {'J01': 15}, {'J01': 48}, 
1190.0, {'J01': np.float32(-0.10259204)}, {'J01': 15}, {'J01': 47}, 
1195.0, {'J01': np.float32(-2.596483)}, {'J01': 18}, {'J01': 48}, 
1200.0, {'J01': np.float32(3.0)}, {'J01': 18}, {'J01': 46}, 
1205.0, {'J01': np.float32(0.56248355)}, {'J01': 16}, {'J01': 41}, 
1210.0, {'J01': np.float32(-3.0)}, {'J01': 16}, {'J01': 42}, 
1215.0, {'J01': np.float32(-0.56079775)}, {'J01': 15}, {'J01': 41}, 
1220.0, {'J01': np.float32(3.0)}, {'J01': 15}, {'J01': 47}, 
1225.0, {'J01': np.float32(1.3465093)}, {'J01': 14}, {'J01': 48}, 
1230.0, {'J01': np.float32(-0.9126958)}, {'J01': 14}, {'J01': 52}, 
1235.0, {'J01': np.float32(-1.8734232)}, {'J01': 17}, {'J01': 54}, 
1240.0, {'J01': np.float32(1.3089386)}, {'J01': 18}, {'J01': 51}, 
1245.0, {'J01': np.float32(-1.2491417)}, {'J01': 17}, {'J01': 56}, 
1250.0, {'J01': np.float32(-2.2478561)}, {'J01': 18}, {'J01': 57}, 
1255.0, {'J01': np.float32(2.40833)}, {'J01': 18}, {'J01': 58}, 
1260.0, {'J01': np.float32(-0.82807475)}, {'J01': 18}, {'J01': 57}, 
1265.0, {'J01': np.float32(-0.9739654)}, {'J01': 18}, {'J01': 59}, 
1270.0, {'J01': np.float32(1.6535214)}, {'J01': 15}, {'J01': 50}, 
1275.0, {'J01': np.float32(0.5203557)}, {'J01': 13}, {'J01': 49}, 
1280.0, {'J01': np.float32(0.5910438)}, {'J01': 11}, {'J01': 47}, 
1285.0, {'J01': np.float32(-1.3645283)}, {'J01': 11}, {'J01': 49}, 
1290.0, {'J01': np.float32(-3.0)}, {'J01': 11}, {'J01': 51}, 
1295.0, {'J01': np.float32(3.0)}, {'J01': 12}, {'J01': 49}, 
1300.0, {'J01': np.float32(-2.807084)}, {'J01': 12}, {'J01': 49}, 
1305.0, {'J01': np.float32(-2.1439435)}, {'J01': 12}, {'J01': 52}, 
1310.0, {'J01': np.float32(-3.0)}, {'J01': 12}, {'J01': 53}, 
1315.0, {'J01': np.float32(-2.8613484)}, {'J01': 12}, {'J01': 53}, 
1320.0, {'J01': np.float32(3.0)}, {'J01': 12}, {'J01': 57}, 
1325.0, {'J01': np.float32(-0.8347844)}, {'J01': 13}, {'J01': 54}, 
1330.0, {'J01': np.float32(-0.19503589)}, {'J01': 13}, {'J01': 44}, 
1335.0, {'J01': np.float32(3.0)}, {'J01': 11}, {'J01': 40}, 
1340.0, {'J01': np.float32(-1.8658881)}, {'J01': 11}, {'J01': 43}, 
1345.0, {'J01': np.float32(0.49506104)}, {'J01': 11}, {'J01': 48}, 
1350.0, {'J01': np.float32(-1.5030208)}, {'J01': 11}, {'J01': 45}, 
1355.0, {'J01': np.float32(-1.0243165)}, {'J01': 9}, {'J01': 34}, 
1360.0, {'J01': np.float32(3.0)}, {'J01': 8}, {'J01': 30}, 
1365.0, {'J01': np.float32(-1.916076)}, {'J01': 8}, {'J01': 37}, 
1370.0, {'J01': np.float32(-3.0)}, {'J01': 8}, {'J01': 39}, 
1375.0, {'J01': np.float32(3.0)}, {'J01': 8}, {'J01': 39}, 
1380.0, {'J01': np.float32(-0.9877308)}, {'J01': 8}, {'J01': 43}, 
1385.0, {'J01': np.float32(-2.884423)}, {'J01': 8}, {'J01': 44}, 
1390.0, {'J01': np.float32(2.2756839)}, {'J01': 8}, {'J01': 38}, 
1395.0, {'J01': np.float32(0.4835482)}, {'J01': 8}, {'J01': 35}, 
1400.0, {'J01': np.float32(-3.0)}, {'J01': 8}, {'J01': 34}, 
1405.0, {'J01': np.float32(3.0)}, {'J01': 8}, {'J01': 35}, 
1410.0, {'J01': np.float32(-0.4766383)}, {'J01': 8}, {'J01': 30}, 
1415.0, {'J01': np.float32(-3.0)}, {'J01': 8}, {'J01': 32}, 
1420.0, {'J01': np.float32(3.0)}, {'J01': 7}, {'J01': 35}, 
1425.0, {'J01': np.float32(3.0)}, {'J01': 8}, {'J01': 42}, 
1430.0, {'J01': np.float32(-1.6498439)}, {'J01': 8}, {'J01': 39}, 
1435.0, {'J01': np.float32(1.1239089)}, {'J01': 8}, {'J01': 42}, 
1440.0, {'J01': np.float32(-2.4987872)}, {'J01': 8}, {'J01': 44}, 
1445.0, {'J01': np.float32(-2.5994682)}, {'J01': 8}, {'J01': 45}, 
1450.0, {'J01': np.float32(3.0)}, {'J01': 8}, {'J01': 42}, 
1455.0, {'J01': np.float32(0.289133)}, {'J01': 8}, {'J01': 39}, 
1460.0, {'J01': np.float32(3.0)}, {'J01': 8}, {'J01': 42}, 
1465.0, {'J01': np.float32(1.4259483)}, {'J01': 8}, {'J01': 46}, 
1470.0, {'J01': np.float32(-2.6945932)}, {'J01': 8}, {'J01': 48}, 
1475.0, {'J01': np.float32(-3.0)}, {'J01': 8}, {'J01': 52}, 
1480.0, {'J01': np.float32(3.0)}, {'J01': 8}, {'J01': 50}, 
1485.0, {'J01': np.float32(-1.1021063)}, {'J01': 8}, {'J01': 50}, 
1490.0, {'J01': np.float32(-2.3897104)}, {'J01': 8}, {'J01': 48}, 
1495.0, {'J01': np.float32(-0.8565381)}, {'J01': 8}, {'J01': 45}, 
1500.0, {'J01': np.float32(3.0)}, {'J01': 7}, {'J01': 39}, 
1505.0, {'J01': np.float32(-1.7696754)}, {'J01': 8}, {'J01': 45}, 
1510.0, {'J01': np.float32(-1.3276317)}, {'J01': 8}, {'J01': 42}, 
1515.0, {'J01': np.float32(1.9822336)}, {'J01': 8}, {'J01': 40}, 
1520.0, {'J01': np.float32(-0.47239593)}, {'J01': 8}, {'J01': 41}, 
1525.0, {'J01': np.float32(-1.49003)}, {'J01': 9}, {'J01': 48}, 
1530.0, {'J01': np.float32(-0.61187524)}, {'J01': 8}, {'J01': 41}, 
1535.0, {'J01': np.float32(3.0)}, {'J01': 7}, {'J01': 35}, 
1540.0, {'J01': np.float32(1.3111464)}, {'J01': 7}, {'J01': 39}, 
1545.0, {'J01': np.float32(-0.9845543)}, {'J01': 7}, {'J01': 43}, 
1550.0, {'J01': np.float32(3.0)}, {'J01': 8}, {'J01': 45}, 
1555.0, {'J01': np.float32(1.0030745)}, {'J01': 8}, {'J01': 46}, 
1560.0, {'J01': np.float32(-1.5747001)}, {'J01': 8}, {'J01': 44}, 
1565.0, {'J01': np.float32(-1.4030576)}, {'J01': 8}, {'J01': 37}, 
1570.0, {'J01': np.float32(3.0)}, {'J01': 6}, {'J01': 34}, 
1575.0, {'J01': np.float32(-0.34492776)}, {'J01': 7}, {'J01': 38}, 
1580.0, {'J01': np.float32(0.42535374)}, {'J01': 7}, {'J01': 36}, 
1585.0, {'J01': np.float32(-2.5828846)}, {'J01': 8}, {'J01': 41}, 
1590.0, {'J01': np.float32(2.8810177)}, {'J01': 8}, {'J01': 41}, 
1595.0, {'J01': np.float32(-0.2666319)}, {'J01': 9}, {'J01': 42}, 
1600.0, {'J01': np.float32(-2.6498518)}, {'J01': 10}, {'J01': 44}, 
1605.0, {'J01': np.float32(0.46354726)}, {'J01': 12}, {'J01': 44}, 
1610.0, {'J01': np.float32(1.0308498)}, {'J01': 11}, {'J01': 41}, 
1615.0, {'J01': np.float32(-1.4662799)}, {'J01': 11}, {'J01': 37}, 
1620.0, {'J01': np.float32(2.1846642)}, {'J01': 11}, {'J01': 37}, 
1625.0, {'J01': np.float32(-0.95354986)}, {'J01': 10}, {'J01': 36}, 
1630.0, {'J01': np.float32(-3.0)}, {'J01': 11}, {'J01': 38}, 
1635.0, {'J01': np.float32(3.0)}, {'J01': 11}, {'J01': 37}, 
1640.0, {'J01': np.float32(-0.55334467)}, {'J01': 11}, {'J01': 41}, 
1645.0, {'J01': np.float32(-3.0)}, {'J01': 11}, {'J01': 43}, 
1650.0, {'J01': np.float32(1.3525953)}, {'J01': 11}, {'J01': 49}, 
1655.0, {'J01': np.float32(0.6339618)}, {'J01': 12}, {'J01': 51}, 
1660.0, {'J01': np.float32(-2.0438893)}, {'J01': 12}, {'J01': 49}, 
1665.0, {'J01': np.float32(1.2721922)}, {'J01': 13}, {'J01': 45}, 
1670.0, {'J01': np.float32(-1.4709476)}, {'J01': 14}, {'J01': 49}, 
1675.0, {'J01': np.float32(-1.2455764)}, {'J01': 14}, {'J01': 46}, 
1680.0, {'J01': np.float32(-3.0)}, {'J01': 14}, {'J01': 45}, 
1685.0, {'J01': np.float32(3.0)}, {'J01': 14}, {'J01': 46}, 
1690.0, {'J01': np.float32(-1.6293089)}, {'J01': 14}, {'J01': 50}, 
1695.0, {'J01': np.float32(0.6592839)}, {'J01': 15}, {'J01': 47}, 
1700.0, {'J01': np.float32(-1.6846325)}, {'J01': 13}, {'J01': 43}, 
1705.0, {'J01': np.float32(3.0)}, {'J01': 10}, {'J01': 37}, 
1710.0, {'J01': np.float32(-2.4909394)}, {'J01': 10}, {'J01': 39}, 
1715.0, {'J01': np.float32(-2.1788611)}, {'J01': 10}, {'J01': 39}, 
1720.0, {'J01': np.float32(2.080622)}, {'J01': 10}, {'J01': 44}, 
1725.0, {'J01': np.float32(-1.7952052)}, {'J01': 10}, {'J01': 43}, 
1730.0, {'J01': np.float32(3.0)}, {'J01': 10}, {'J01': 41}, 
1735.0, {'J01': np.float32(0.57185626)}, {'J01': 9}, {'J01': 41}, 
1740.0, {'J01': np.float32(-0.65143263)}, {'J01': 8}, {'J01': 37}, 
1745.0, {'J01': np.float32(3.0)}, {'J01': 7}, {'J01': 30}, 
1750.0, {'J01': np.float32(-0.20753229)}, {'J01': 7}, {'J01': 33}, 
1755.0, {'J01': np.float32(-1.0105168)}, {'J01': 8}, {'J01': 38}, 
1760.0, {'J01': np.float32(0.0697198)}, {'J01': 9}, {'J01': 42}, 
1765.0, {'J01': np.float32(-0.24305902)}, {'J01': 9}, {'J01': 39}, 
1770.0, {'J01': np.float32(-2.8576326)}, {'J01': 9}, {'J01': 38}, 
1775.0, {'J01': np.float32(2.7473722)}, {'J01': 9}, {'J01': 38}, 
1780.0, {'J01': np.float32(-1.5797622)}, {'J01': 9}, {'J01': 42}, 
1785.0, {'J01': np.float32(-2.512437)}, {'J01': 10}, {'J01': 40}, 
1790.0, {'J01': np.float32(3.0)}, {'J01': 12}, {'J01': 43}, 
1795.0, {'J01': np.float32(-2.9778492)}, {'J01': 12}, {'J01': 44}, 
1800.0, {'J01': np.float32(0.8631297)}, {'J01': 13}, {'J01': 44}, 
1805.0, {'J01': np.float32(0.3561816)}, {'J01': 12}, {'J01': 40}, 
1810.0, {'J01': np.float32(-3.0)}, {'J01': 12}, {'J01': 41}, 
1815.0, {'J01': np.float32(3.0)}, {'J01': 13}, {'J01': 42}, 
1820.0, {'J01': np.float32(-1.4010823)}, {'J01': 14}, {'J01': 47}, 
1825.0, {'J01': np.float32(-3.0)}, {'J01': 17}, {'J01': 49}, 
1830.0, {'J01': np.float32(3.0)}, {'J01': 16}, {'J01': 43}, 
1835.0, {'J01': np.float32(0.6730968)}, {'J01': 14}, {'J01': 39}, 
1840.0, {'J01': np.float32(-2.1313396)}, {'J01': 14}, {'J01': 41}, 
1845.0, {'J01': np.float32(1.2717206)}, {'J01': 14}, {'J01': 42}, 
1850.0, {'J01': np.float32(0.24124496)}, {'J01': 14}, {'J01': 42}, 
1855.0, {'J01': np.float32(-0.5802379)}, {'J01': 13}, {'J01': 42}, 
1860.0, {'J01': np.float32(-0.36276966)}, {'J01': 13}, {'J01': 40}, 
1865.0, {'J01': np.float32(-0.61068827)}, {'J01': 13}, {'J01': 36}, 
1870.0, {'J01': np.float32(3.0)}, {'J01': 11}, {'J01': 33}, 
1875.0, {'J01': np.float32(0.25637233)}, {'J01': 9}, {'J01': 27}, 
1880.0, {'J01': np.float32(-1.4150981)}, {'J01': 9}, {'J01': 27}, 
1885.0, {'J01': np.float32(-1.4616461)}, {'J01': 8}, {'J01': 26}, 
1890.0, {'J01': np.float32(2.1594326)}, {'J01': 6}, {'J01': 25}, 
1895.0, {'J01': np.float32(0.9530888)}, {'J01': 4}, {'J01': 18}, 
1900.0, {'J01': np.float32(-3.0)}, {'J01': 4}, {'J01': 16}, 
1905.0, {'J01': np.float32(3.0)}, {'J01': 4}, {'J01': 21}, 
1910.0, {'J01': np.float32(0.3070037)}, {'J01': 5}, {'J01': 31}, 
1915.0, {'J01': np.float32(-1.2094952)}, {'J01': 8}, {'J01': 39}, 
1920.0, {'J01': np.float32(2.227737)}, {'J01': 8}, {'J01': 40}, 
1925.0, {'J01': np.float32(0.7361507)}, {'J01': 8}, {'J01': 40}, 
1930.0, {'J01': np.float32(-2.8401768)}, {'J01': 8}, {'J01': 42}, 
1935.0, {'J01': np.float32(-3.0)}, {'J01': 8}, {'J01': 42}, 
1940.0, {'J01': np.float32(3.0)}, {'J01': 8}, {'J01': 41}, 
1945.0, {'J01': np.float32(-0.31493044)}, {'J01': 8}, {'J01': 40}, 
1950.0, {'J01': np.float32(-1.2954681)}, {'J01': 7}, {'J01': 35}, 
1955.0, {'J01': np.float32(0.9035456)}, {'J01': 7}, {'J01': 32}, 
1960.0, {'J01': np.float32(-0.60264254)}, {'J01': 7}, {'J01': 33}, 
1965.0, {'J01': np.float32(-2.439483)}, {'J01': 7}, {'J01': 41}, 
1970.0, {'J01': np.float32(1.8307533)}, {'J01': 7}, {'J01': 42}, 
1975.0, {'J01': np.float32(-1.473603)}, {'J01': 8}, {'J01': 47}, 
1980.0, {'J01': np.float32(-3.0)}, {'J01': 8}, {'J01': 50}, 
1985.0, {'J01': np.float32(3.0)}, {'J01': 8}, {'J01': 42}, 
1990.0, {'J01': np.float32(-0.9554615)}, {'J01': 9}, {'J01': 44}, 
1995.0, {'J01': np.float32(-3.0)}, {'J01': 9}, {'J01': 43}, 
2000.0, {'J01': np.float32(-0.9676976)}, {'J01': 9}, {'J01': 39}, 
2005.0, {'J01': np.float32(-2.2276022)}, {'J01': 9}, {'J01': 36}, 
2010.0, {'J01': np.float32(3.0)}, {'J01': 9}, {'J01': 37}, 
2015.0, {'J01': np.float32(-1.8853285)}, {'J01': 6}, {'J01': 38}, 
2020.0, {'J01': np.float32(-0.07164292)}, {'J01': 8}, {'J01': 40}, 
2025.0, {'J01': np.float32(3.0)}, {'J01': 8}, {'J01': 40}, 
2030.0, {'J01': np.float32(-0.58183074)}, {'J01': 8}, {'J01': 43}, 
2035.0, {'J01': np.float32(-3.0)}, {'J01': 8}, {'J01': 47}, 
2040.0, {'J01': np.float32(2.0698833)}, {'J01': 8}, {'J01': 44}, 
2045.0, {'J01': np.float32(-0.74183905)}, {'J01': 8}, {'J01': 45}, 
2050.0, {'J01': np.float32(-0.80328864)}, {'J01': 8}, {'J01': 44}, 
2055.0, {'J01': np.float32(0.023518965)}, {'J01': 8}, {'J01': 38}, 
2060.0, {'J01': np.float32(3.0)}, {'J01': 6}, {'J01': 33}, 
2065.0, {'J01': np.float32(-1.2492168)}, {'J01': 6}, {'J01': 40}, 
2070.0, {'J01': np.float32(-1.0574657)}, {'J01': 7}, {'J01': 44}, 
2075.0, {'J01': np.float32(-0.8816944)}, {'J01': 8}, {'J01': 50}, 
2080.0, {'J01': np.float32(3.0)}, {'J01': 9}, {'J01': 48}, 
2085.0, {'J01': np.float32(-1.4527088)}, {'J01': 9}, {'J01': 46}, 
2090.0, {'J01': np.float32(-0.18184385)}, {'J01': 9}, {'J01': 48}, 
2095.0, {'J01': np.float32(-3.0)}, {'J01': 10}, {'J01': 48}, 
2100.0, {'J01': np.float32(3.0)}, {'J01': 10}, {'J01': 49}, 
2105.0, {'J01': np.float32(-0.6583802)}, {'J01': 12}, {'J01': 49}, 
2110.0, {'J01': np.float32(0.51798123)}, {'J01': 12}, {'J01': 47}, 
2115.0, {'J01': np.float32(1.1881695)}, {'J01': 13}, {'J01': 44}, 
2120.0, {'J01': np.float32(1.1544073)}, {'J01': 10}, {'J01': 36}, 
2125.0, {'J01': np.float32(3.0)}, {'J01': 8}, {'J01': 31}, 
2130.0, {'J01': np.float32(-0.83932644)}, {'J01': 7}, {'J01': 31}, 
2135.0, {'J01': np.float32(-0.86446244)}, {'J01': 7}, {'J01': 41}, 
2140.0, {'J01': np.float32(-1.036173)}, {'J01': 8}, {'J01': 44}, 
2145.0, {'J01': np.float32(3.0)}, {'J01': 8}, {'J01': 46}, 
2150.0, {'J01': np.float32(-1.6012553)}, {'J01': 8}, {'J01': 46}, 
2155.0, {'J01': np.float32(-3.0)}, {'J01': 7}, {'J01': 42}, 
2160.0, {'J01': np.float32(3.0)}, {'J01': 7}, {'J01': 41}, 
2165.0, {'J01': np.float32(-0.92269516)}, {'J01': 7}, {'J01': 48}, 
2170.0, {'J01': np.float32(-2.7528954)}, {'J01': 7}, {'J01': 49}, 
2175.0, {'J01': np.float32(3.0)}, {'J01': 8}, {'J01': 46}, 
2180.0, {'J01': np.float32(-2.0976791)}, {'J01': 8}, {'J01': 50}, 
2185.0, {'J01': np.float32(1.0434022)}, {'J01': 8}, {'J01': 50}, 
2190.0, {'J01': np.float32(-1.1105721)}, {'J01': 8}, {'J01': 42}, 
2195.0, {'J01': np.float32(2.8070326)}, {'J01': 7}, {'J01': 37}, 
2200.0, {'J01': np.float32(-1.2130594)}, {'J01': 8}, {'J01': 44}, 
2205.0, {'J01': np.float32(-2.5787067)}, {'J01': 8}, {'J01': 47}, 
2210.0, {'J01': np.float32(2.3409777)}, {'J01': 8}, {'J01': 44}, 
2215.0, {'J01': np.float32(-1.1230394)}, {'J01': 8}, {'J01': 50}, 
2220.0, {'J01': np.float32(-2.740003)}, {'J01': 8}, {'J01': 45}, 
2225.0, {'J01': np.float32(1.5097977)}, {'J01': 8}, {'J01': 43}, 
2230.0, {'J01': np.float32(1.2966918)}, {'J01': 8}, {'J01': 47}, 
2235.0, {'J01': np.float32(-2.2803793)}, {'J01': 8}, {'J01': 48}, 
2240.0, {'J01': np.float32(-1.4004744)}, {'J01': 7}, {'J01': 37}, 
2245.0, {'J01': np.float32(3.0)}, {'J01': 7}, {'J01': 33}, 
2250.0, {'J01': np.float32(-1.9900597)}, {'J01': 8}, {'J01': 40}, 
2255.0, {'J01': np.float32(1.2924615)}, {'J01': 8}, {'J01': 44}, 
2260.0, {'J01': np.float32(-2.0576756)}, {'J01': 9}, {'J01': 47}, 
2265.0, {'J01': np.float32(-3.0)}, {'J01': 9}, {'J01': 52}, 
2270.0, {'J01': np.float32(3.0)}, {'J01': 9}, {'J01': 53}, 
2275.0, {'J01': np.float32(-1.8159161)}, {'J01': 10}, {'J01': 51}, 
2280.0, {'J01': np.float32(0.17699584)}, {'J01': 10}, {'J01': 53}, 
2285.0, {'J01': np.float32(-1.5324172)}, {'J01': 11}, {'J01': 55}, 
2290.0, {'J01': np.float32(-0.18867475)}, {'J01': 11}, {'J01': 49}, 
2295.0, {'J01': np.float32(-0.31909326)}, {'J01': 9}, {'J01': 41}, 
2300.0, {'J01': np.float32(3.0)}, {'J01': 8}, {'J01': 36}, 
2305.0, {'J01': np.float32(-1.7085755)}, {'J01': 8}, {'J01': 41}, 
2310.0, {'J01': np.float32(-1.4920994)}, {'J01': 9}, {'J01': 45}, 
2315.0, {'J01': np.float32(1.9541918)}, {'J01': 9}, {'J01': 48}, 
2320.0, {'J01': np.float32(-2.1640258)}, {'J01': 9}, {'J01': 47}, 
2325.0, {'J01': np.float32(-0.557383)}, {'J01': 10}, {'J01': 43}, 
2330.0, {'J01': np.float32(0.6179765)}, {'J01': 11}, {'J01': 46}, 
2335.0, {'J01': np.float32(-2.956669)}, {'J01': 12}, {'J01': 53}, 
2340.0, {'J01': np.float32(2.623394)}, {'J01': 12}, {'J01': 53}, 
2345.0, {'J01': np.float32(-0.93126446)}, {'J01': 12}, {'J01': 54}, 
2350.0, {'J01': np.float32(-1.1634784)}, {'J01': 12}, {'J01': 47}, 
2355.0, {'J01': np.float32(-0.82032406)}, {'J01': 9}, {'J01': 39}, 
2360.0, {'J01': np.float32(3.0)}, {'J01': 8}, {'J01': 34}, 
2365.0, {'J01': np.float32(-0.6905773)}, {'J01': 8}, {'J01': 35}, 
2370.0, {'J01': np.float32(-0.78426033)}, {'J01': 8}, {'J01': 40}, 
2375.0, {'J01': np.float32(-3.0)}, {'J01': 8}, {'J01': 45}, 
2380.0, {'J01': np.float32(3.0)}, {'J01': 8}, {'J01': 39}, 
2385.0, {'J01': np.float32(-0.6315962)}, {'J01': 8}, {'J01': 35}, 
2390.0, {'J01': np.float32(-2.5817668)}, {'J01': 8}, {'J01': 38}, 
2395.0, {'J01': np.float32(1.4302346)}, {'J01': 8}, {'J01': 40}, 
2400.0, {'J01': np.float32(0.13699186)}, {'J01': 8}, {'J01': 37}, 
2405.0, {'J01': np.float32(-1.8450305)}, {'J01': 8}, {'J01': 37}, 
2410.0, {'J01': np.float32(1.1610869)}, {'J01': 8}, {'J01': 39}, 
2415.0, {'J01': np.float32(-0.33070046)}, {'J01': 8}, {'J01': 36}, 
2420.0, {'J01': np.float32(-1.5278932)}, {'J01': 8}, {'J01': 37}, 
2425.0, {'J01': np.float32(-1.8883384)}, {'J01': 8}, {'J01': 35}, 
2430.0, {'J01': np.float32(2.7343292)}, {'J01': 8}, {'J01': 32}, 
2435.0, {'J01': np.float32(0.19234672)}, {'J01': 8}, {'J01': 29}, 
2440.0, {'J01': np.float32(-0.3491184)}, {'J01': 8}, {'J01': 33}, 
2445.0, {'J01': np.float32(-1.7058674)}, {'J01': 8}, {'J01': 42}, 
2450.0, {'J01': np.float32(0.5002803)}, {'J01': 8}, {'J01': 40}, 
2455.0, {'J01': np.float32(-2.2585366)}, {'J01': 8}, {'J01': 37}, 
2460.0, {'J01': np.float32(1.3004792)}, {'J01': 8}, {'J01': 36}, 
2465.0, {'J01': np.float32(-1.6849177)}, {'J01': 8}, {'J01': 42}, 
2470.0, {'J01': np.float32(0.36743757)}, {'J01': 8}, {'J01': 43}, 
2475.0, {'J01': np.float32(-1.0716071)}, {'J01': 8}, {'J01': 44}, 
2480.0, {'J01': np.float32(0.43742675)}, {'J01': 8}, {'J01': 40}, 
2485.0, {'J01': np.float32(-0.90404487)}, {'J01': 8}, {'J01': 33}, 
2490.0, {'J01': np.float32(1.6966975)}, {'J01': 8}, {'J01': 32}, 
2495.0, {'J01': np.float32(-1.2396235)}, {'J01': 8}, {'J01': 38}, 
2500.0, {'J01': np.float32(0.03221545)}, {'J01': 8}, {'J01': 38}, 
2505.0, {'J01': np.float32(-0.3056456)}, {'J01': 8}, {'J01': 34}, 
2510.0, {'J01': np.float32(-1.0373746)}, {'J01': 8}, {'J01': 31}, 
2515.0, {'J01': np.float32(0.79806364)}, {'J01': 8}, {'J01': 32}, 
2520.0, {'J01': np.float32(-0.22460425)}, {'J01': 8}, {'J01': 24}, 
2525.0, {'J01': np.float32(-2.3156908)}, {'J01': 8}, {'J01': 23}, 
2530.0, {'J01': np.float32(1.7043153)}, {'J01': 8}, {'J01': 26}, 
2535.0, {'J01': np.float32(-0.26028308)}, {'J01': 8}, {'J01': 30}, 
2540.0, {'J01': np.float32(-0.3597619)}, {'J01': 8}, {'J01': 33}, 
2545.0, {'J01': np.float32(-0.6174052)}, {'J01': 8}, {'J01': 36}, 
2550.0, {'J01': np.float32(-0.6550398)}, {'J01': 8}, {'J01': 37}, 
2555.0, {'J01': np.float32(-0.6988678)}, {'J01': 8}, {'J01': 42}, 
2560.0, {'J01': np.float32(-0.7225875)}, {'J01': 8}, {'J01': 38}, 
2565.0, {'J01': np.float32(-1.1627946)}, {'J01': 8}, {'J01': 31}, 
2570.0, {'J01': np.float32(1.2901754)}, {'J01': 8}, {'J01': 28}, 
2575.0, {'J01': np.float32(2.6930962)}, {'J01': 8}, {'J01': 30}, 
2580.0, {'J01': np.float32(-2.0620053)}, {'J01': 8}, {'J01': 36}, 
2585.0, {'J01': np.float32(-1.8175914)}, {'J01': 8}, {'J01': 41}, 
2590.0, {'J01': np.float32(2.1741626)}, {'J01': 8}, {'J01': 39}, 
2595.0, {'J01': np.float32(0.5346281)}, {'J01': 8}, {'J01': 39}, 
2600.0, {'J01': np.float32(-1.7651498)}, {'J01': 8}, {'J01': 43}, 
2605.0, {'J01': np.float32(1.78317)}, {'J01': 8}, {'J01': 43}, 
2610.0, {'J01': np.float32(0.0040619797)}, {'J01': 8}, {'J01': 43}, 
2615.0, {'J01': np.float32(-3.0)}, {'J01': 8}, {'J01': 46}, 
2620.0, {'J01': np.float32(-3.0)}, {'J01': 8}, {'J01': 45}, 
2625.0, {'J01': np.float32(3.0)}, {'J01': 8}, {'J01': 45}, 
2630.0, {'J01': np.float32(1.4795727)}, {'J01': 8}, {'J01': 46}, 
2635.0, {'J01': np.float32(0.0607679)}, {'J01': 8}, {'J01': 45}, 
2640.0, {'J01': np.float32(-0.30614266)}, {'J01': 8}, {'J01': 37}, 
2645.0, {'J01': np.float32(1.5295117)}, {'J01': 8}, {'J01': 35}, 
2650.0, {'J01': np.float32(-1.3619461)}, {'J01': 8}, {'J01': 40}, 
2655.0, {'J01': np.float32(-3.0)}, {'J01': 8}, {'J01': 44}, 
2660.0, {'J01': np.float32(3.0)}, {'J01': 8}, {'J01': 42}, 
2665.0, {'J01': np.float32(3.0)}, {'J01': 7}, {'J01': 43}, 
2670.0, {'J01': np.float32(-3.0)}, {'J01': 7}, {'J01': 43}, 
2675.0, {'J01': np.float32(3.0)}, {'J01': 8}, {'J01': 46}, 
2680.0, {'J01': np.float32(-0.78305477)}, {'J01': 8}, {'J01': 46}, 
2685.0, {'J01': np.float32(-2.6711783)}, {'J01': 8}, {'J01': 45}, 
2690.0, {'J01': np.float32(2.1172936)}, {'J01': 8}, {'J01': 41}, 
2695.0, {'J01': np.float32(-0.9537798)}, {'J01': 8}, {'J01': 43}, 
2700.0, {'J01': np.float32(-3.0)}, {'J01': 8}, {'J01': 46}, 
2705.0, {'J01': np.float32(3.0)}, {'J01': 8}, {'J01': 46}, 
2710.0, {'J01': np.float32(-0.22829121)}, {'J01': 8}, {'J01': 44}, 
2715.0, {'J01': np.float32(-2.518447)}, {'J01': 8}, {'J01': 47}, 
2720.0, {'J01': np.float32(0.87195283)}, {'J01': 8}, {'J01': 46}, 
2725.0, {'J01': np.float32(-3.0)}, {'J01': 8}, {'J01': 44}, 
2730.0, {'J01': np.float32(-3.0)}, {'J01': 8}, {'J01': 47}, 
2735.0, {'J01': np.float32(3.0)}, {'J01': 8}, {'J01': 47}, 
2740.0, {'J01': np.float32(-3.0)}, {'J01': 8}, {'J01': 44}, 
2745.0, {'J01': np.float32(3.0)}, {'J01': 8}, {'J01': 40}, 
2750.0, {'J01': np.float32(-2.3957193)}, {'J01': 8}, {'J01': 44}, 
2755.0, {'J01': np.float32(-3.0)}, {'J01': 8}, {'J01': 53}, 
2760.0, {'J01': np.float32(3.0)}, {'J01': 8}, {'J01': 53}, 
2765.0, {'J01': np.float32(-1.551773)}, {'J01': 8}, {'J01': 57}, 
2770.0, {'J01': np.float32(-3.0)}, {'J01': 8}, {'J01': 59}, 
2775.0, {'J01': np.float32(1.0434604)}, {'J01': 8}, {'J01': 52}, 
2780.0, {'J01': np.float32(3.0)}, {'J01': 8}, {'J01': 54}, 
2785.0, {'J01': np.float32(-0.97890586)}, {'J01': 8}, {'J01': 61}, 
2790.0, {'J01': np.float32(-1.0753615)}, {'J01': 9}, {'J01': 64}, 
2795.0, {'J01': np.float32(1.2847223)}, {'J01': 8}, {'J01': 58}, 
2800.0, {'J01': np.float32(1.9735554)}, {'J01': 8}, {'J01': 47}, 
2805.0, {'J01': np.float32(0.23713978)}, {'J01': 8}, {'J01': 41}, 
2810.0, {'J01': np.float32(2.6832461)}, {'J01': 8}, {'J01': 35}, 
2815.0, {'J01': np.float32(-1.3831362)}, {'J01': 8}, {'J01': 38}, 
2820.0, {'J01': np.float32(-0.6509037)}, {'J01': 8}, {'J01': 39}, 
2825.0, {'J01': np.float32(1.285066)}, {'J01': 8}, {'J01': 39}, 
2830.0, {'J01': np.float32(-2.1162665)}, {'J01': 8}, {'J01': 37}, 
2835.0, {'J01': np.float32(-3.0)}, {'J01': 8}, {'J01': 44}, 
2840.0, {'J01': np.float32(1.1435568)}, {'J01': 8}, {'J01': 43}, 
2845.0, {'J01': np.float32(-3.0)}, {'J01': 8}, {'J01': 43}, 
2850.0, {'J01': np.float32(-1.8730886)}, {'J01': 8}, {'J01': 39}, 
2855.0, {'J01': np.float32(3.0)}, {'J01': 8}, {'J01': 41}, 
2860.0, {'J01': np.float32(-3.0)}, {'J01': 8}, {'J01': 44}, 
2865.0, {'J01': np.float32(3.0)}, {'J01': 8}, {'J01': 43}, 
2870.0, {'J01': np.float32(3.0)}, {'J01': 8}, {'J01': 41}, 
2875.0, {'J01': np.float32(-1.7205162)}, {'J01': 8}, {'J01': 43}, 
2880.0, {'J01': np.float32(0.8660719)}, {'J01': 7}, {'J01': 36}, 
2885.0, {'J01': np.float32(3.0)}, {'J01': 7}, {'J01': 32}, 
2890.0, {'J01': np.float32(0.41952813)}, {'J01': 8}, {'J01': 37}, 
2895.0, {'J01': np.float32(1.5018306)}, {'J01': 7}, {'J01': 40}, 
2900.0, {'J01': np.float32(-1.2259624)}, {'J01': 7}, {'J01': 46}, 
2905.0, {'J01': np.float32(2.1555288)}, {'J01': 10}, {'J01': 52}, 
2910.0, {'J01': np.float32(-3.0)}, {'J01': 10}, {'J01': 54}, 
2915.0, {'J01': np.float32(2.7370462)}, {'J01': 11}, {'J01': 52}, 
2920.0, {'J01': np.float32(0.7832125)}, {'J01': 11}, {'J01': 54}, 
2925.0, {'J01': np.float32(0.43742767)}, {'J01': 8}, {'J01': 50}, 
2930.0, {'J01': np.float32(2.3761153)}, {'J01': 8}, {'J01': 44}, 
2935.0, {'J01': np.float32(2.7438252)}, {'J01': 7}, {'J01': 44}, 
2940.0, {'J01': np.float32(-1.8481709)}, {'J01': 7}, {'J01': 47}, 
2945.0, {'J01': np.float32(0.10717142)}, {'J01': 8}, {'J01': 50}, 
2950.0, {'J01': np.float32(-1.7551241)}, {'J01': 8}, {'J01': 57}, 
2955.0, {'J01': np.float32(-2.705617)}, {'J01': 8}, {'J01': 59}, 
2960.0, {'J01': np.float32(3.0)}, {'J01': 8}, {'J01': 49}, 
2965.0, {'J01': np.float32(-0.77047)}, {'J01': 8}, {'J01': 51}, 
2970.0, {'J01': np.float32(-2.664782)}, {'J01': 8}, {'J01': 53}, 
2975.0, {'J01': np.float32(-2.1608946)}, {'J01': 8}, {'J01': 50}, 
2980.0, {'J01': np.float32(-3.0)}, {'J01': 8}, {'J01': 48}, 
2985.0, {'J01': np.float32(3.0)}, {'J01': 8}, {'J01': 47}, 
2990.0, {'J01': np.float32(-0.6026718)}, {'J01': 8}, {'J01': 48}, 
2995.0, {'J01': np.float32(2.9339213)}, {'J01': 8}, {'J01': 48}, 
3000.0, {'J01': np.float32(0.36382794)}, {'J01': 7}, {'J01': 48}, 
3005.0, {'J01': np.float32(-1.8174467)}, {'J01': 7}, {'J01': 50}, 
3010.0, {'J01': np.float32(3.0)}, {'J01': 8}, {'J01': 50}, 
3015.0, {'J01': np.float32(-0.26622424)}, {'J01': 8}, {'J01': 51}, 
3020.0, {'J01': np.float32(-0.66702145)}, {'J01': 8}, {'J01': 52}, 
3025.0, {'J01': np.float32(-2.7870266)}, {'J01': 10}, {'J01': 57}, 
3030.0, {'J01': np.float32(-2.3100832)}, {'J01': 10}, {'J01': 58}, 
3035.0, {'J01': np.float32(2.2823179)}, {'J01': 10}, {'J01': 57}, 
3040.0, {'J01': np.float32(-0.7408195)}, {'J01': 11}, {'J01': 57}, 
3045.0, {'J01': np.float32(-2.3942287)}, {'J01': 11}, {'J01': 57}, 
3050.0, {'J01': np.float32(3.0)}, {'J01': 8}, {'J01': 49}, 
3055.0, {'J01': np.float32(-1.7400491)}, {'J01': 8}, {'J01': 52}, 
3060.0, {'J01': np.float32(0.76920676)}, {'J01': 8}, {'J01': 53}, 
3065.0, {'J01': np.float32(0.8056036)}, {'J01': 8}, {'J01': 51}, 
3070.0, {'J01': np.float32(2.0535965)}, {'J01': 8}, {'J01': 41}, 
3075.0, {'J01': np.float32(2.4298975)}, {'J01': 8}, {'J01': 36}, 
3080.0, {'J01': np.float32(-0.5413756)}, {'J01': 8}, {'J01': 38}, 
3085.0, {'J01': np.float32(-2.845254)}, {'J01': 8}, {'J01': 46}, 
3090.0, {'J01': np.float32(1.6661371)}, {'J01': 8}, {'J01': 48}, 
3095.0, {'J01': np.float32(-0.84948564)}, {'J01': 8}, {'J01': 48}, 
3100.0, {'J01': np.float32(-0.59621924)}, {'J01': 8}, {'J01': 49}, 
3105.0, {'J01': np.float32(-0.8839388)}, {'J01': 8}, {'J01': 51}, 
3110.0, {'J01': np.float32(1.5675857)}, {'J01': 8}, {'J01': 46}, 
3115.0, {'J01': np.float32(0.68801594)}, {'J01': 8}, {'J01': 34}, 
3120.0, {'J01': np.float32(1.3514419)}, {'J01': 8}, {'J01': 30}, 
3125.0, {'J01': np.float32(-0.058818318)}, {'J01': 8}, {'J01': 25}, 
3130.0, {'J01': np.float32(-1.6382229)}, {'J01': 8}, {'J01': 27}, 
3135.0, {'J01': np.float32(0.9514264)}, {'J01': 8}, {'J01': 30}, 
3140.0, {'J01': np.float32(1.4303061)}, {'J01': 8}, {'J01': 37}, 
3145.0, {'J01': np.float32(0.1087568)}, {'J01': 8}, {'J01': 36}, 
3150.0, {'J01': np.float32(-1.7236128)}, {'J01': 8}, {'J01': 44}, 
3155.0, {'J01': np.float32(-2.9413822)}, {'J01': 8}, {'J01': 50}, 
3160.0, {'J01': np.float32(2.8200138)}, {'J01': 8}, {'J01': 52}, 
3165.0, {'J01': np.float32(0.5597421)}, {'J01': 8}, {'J01': 54}, 
3170.0, {'J01': np.float32(-3.0)}, {'J01': 10}, {'J01': 54}, 
3175.0, {'J01': np.float32(0.2502874)}, {'J01': 11}, {'J01': 55}, 
3180.0, {'J01': np.float32(1.7240821)}, {'J01': 13}, {'J01': 55}, 
3185.0, {'J01': np.float32(0.53432953)}, {'J01': 13}, {'J01': 58}, 
3190.0, {'J01': np.float32(-0.30065522)}, {'J01': 14}, {'J01': 59}, 
3195.0, {'J01': np.float32(-0.5207066)}, {'J01': 15}, {'J01': 62}, 
3200.0, {'J01': np.float32(0.94965863)}, {'J01': 15}, {'J01': 57}, 
3205.0, {'J01': np.float32(1.0240887)}, {'J01': 16}, {'J01': 57}, 
3210.0, {'J01': np.float32(-2.082455)}, {'J01': 16}, {'J01': 53}, 
3215.0, {'J01': np.float32(2.8605247)}, {'J01': 16}, {'J01': 53}, 
3220.0, {'J01': np.float32(-1.7367238)}, {'J01': 16}, {'J01': 59}, 
3225.0, {'J01': np.float32(-0.6963728)}, {'J01': 16}, {'J01': 59}, 
3230.0, {'J01': np.float32(-1.4370738)}, {'J01': 17}, {'J01': 59}, 
3235.0, {'J01': np.float32(-0.9318604)}, {'J01': 13}, {'J01': 48}, 
3240.0, {'J01': np.float32(3.0)}, {'J01': 12}, {'J01': 44}, 
3245.0, {'J01': np.float32(-0.77590936)}, {'J01': 12}, {'J01': 48}, 
3250.0, {'J01': np.float32(-1.6455767)}, {'J01': 14}, {'J01': 55}, 
3255.0, {'J01': np.float32(3.0)}, {'J01': 17}, {'J01': 59}, 
3260.0, {'J01': np.float32(-1.2192993)}, {'J01': 17}, {'J01': 60}, 
3265.0, {'J01': np.float32(-0.48121232)}, {'J01': 17}, {'J01': 58}, 
3270.0, {'J01': np.float32(-2.1318266)}, {'J01': 17}, {'J01': 54}, 
3275.0, {'J01': np.float32(3.0)}, {'J01': 17}, {'J01': 54}, 
3280.0, {'J01': np.float32(-0.37490204)}, {'J01': 17}, {'J01': 53}, 
3285.0, {'J01': np.float32(-3.0)}, {'J01': 17}, {'J01': 53}, 
3290.0, {'J01': np.float32(-1.0840724)}, {'J01': 18}, {'J01': 54}, 
3295.0, {'J01': np.float32(3.0)}, {'J01': 18}, {'J01': 56}, 
3300.0, {'J01': np.float32(0.13089316)}, {'J01': 16}, {'J01': 49}, 
3305.0, {'J01': np.float32(-3.0)}, {'J01': 16}, {'J01': 49}, 
3310.0, {'J01': np.float32(3.0)}, {'J01': 16}, {'J01': 50}, 
3315.0, {'J01': np.float32(-0.0030911192)}, {'J01': 17}, {'J01': 52}, 
3320.0, {'J01': np.float32(-3.0)}, {'J01': 19}, {'J01': 58}, 
3325.0, {'J01': np.float32(2.1026535)}, {'J01': 19}, {'J01': 54}, 
3330.0, {'J01': np.float32(-0.61294127)}, {'J01': 20}, {'J01': 55}, 
3335.0, {'J01': np.float32(-3.0)}, {'J01': 22}, {'J01': 61}, 
3340.0, {'J01': np.float32(3.0)}, {'J01': 23}, {'J01': 63}, 
3345.0, {'J01': np.float32(-0.4023269)}, {'J01': 24}, {'J01': 63}, 
3350.0, {'J01': np.float32(-2.600741)}, {'J01': 24}, {'J01': 62}, 
3355.0, {'J01': np.float32(-3.0)}, {'J01': 24}, {'J01': 62}, 
3360.0, {'J01': np.float32(3.0)}, {'J01': 24}, {'J01': 58}, 
3365.0, {'J01': np.float32(-0.80467826)}, {'J01': 24}, {'J01': 59}, 
3370.0, {'J01': np.float32(-1.4117471)}, {'J01': 24}, {'J01': 61}, 
3375.0, {'J01': np.float32(-1.467913)}, {'J01': 25}, {'J01': 61}, 
3380.0, {'J01': np.float32(0.3363668)}, {'J01': 25}, {'J01': 59}, 
3385.0, {'J01': np.float32(2.469771)}, {'J01': 25}, {'J01': 56}, 
3390.0, {'J01': np.float32(-0.892233)}, {'J01': 27}, {'J01': 62}, 
3395.0, {'J01': np.float32(-0.87788355)}, {'J01': 28}, {'J01': 64}, 
3400.0, {'J01': np.float32(0.7628078)}, {'J01': 28}, {'J01': 60}, 
3405.0, {'J01': np.float32(0.58603007)}, {'J01': 29}, {'J01': 58}, 
3410.0, {'J01': np.float32(1.6893722)}, {'J01': 28}, {'J01': 53}, 
3415.0, {'J01': np.float32(2.2057366)}, {'J01': 25}, {'J01': 46}, 
3420.0, {'J01': np.float32(1.5092186)}, {'J01': 21}, {'J01': 40}, 
3425.0, {'J01': np.float32(3.0)}, {'J01': 19}, {'J01': 37}, 
3430.0, {'J01': np.float32(0.1324642)}, {'J01': 19}, {'J01': 42}, 
3435.0, {'J01': np.float32(-0.7691046)}, {'J01': 17}, {'J01': 42}, 
3440.0, {'J01': np.float32(-1.2942216)}, {'J01': 16}, {'J01': 38}, 
3445.0, {'J01': np.float32(2.117565)}, {'J01': 15}, {'J01': 38}, 
3450.0, {'J01': np.float32(-0.49367854)}, {'J01': 15}, {'J01': 44}, 
3455.0, {'J01': np.float32(-1.2015038)}, {'J01': 17}, {'J01': 54}, 
3460.0, {'J01': np.float32(-0.9539)}, {'J01': 17}, {'J01': 59}, 
3465.0, {'J01': np.float32(-3.0)}, {'J01': 17}, {'J01': 61}, 
3470.0, {'J01': np.float32(3.0)}, {'J01': 17}, {'J01': 55}, 
3475.0, {'J01': np.float32(-1.697183)}, {'J01': 17}, {'J01': 55}, 
3480.0, {'J01': np.float32(0.2910817)}, {'J01': 17}, {'J01': 53}, 
3485.0, {'J01': np.float32(-1.5481294)}, {'J01': 15}, {'J01': 41}, 
3490.0, {'J01': np.float32(3.0)}, {'J01': 14}, {'J01': 40}, 
3495.0, {'J01': np.float32(-0.8976903)}, {'J01': 14}, {'J01': 43}, 
3500.0, {'J01': np.float32(-3.0)}, {'J01': 14}, {'J01': 51}, 
3505.0, {'J01': np.float32(1.6968839)}, {'J01': 15}, {'J01': 51}, 
3510.0, {'J01': np.float32(-2.947948)}, {'J01': 16}, {'J01': 52}, 
3515.0, {'J01': np.float32(-1.1870177)}, {'J01': 18}, {'J01': 53}, 
3520.0, {'J01': np.float32(3.0)}, {'J01': 18}, {'J01': 50}, 
3525.0, {'J01': np.float32(-0.7465624)}, {'J01': 19}, {'J01': 54}, 
3530.0, {'J01': np.float32(-1.5772313)}, {'J01': 20}, {'J01': 59}, 
3535.0, {'J01': np.float32(-0.42969686)}, {'J01': 18}, {'J01': 51}, 
3540.0, {'J01': np.float32(-0.62383664)}, {'J01': 17}, {'J01': 44}, 
3545.0, {'J01': np.float32(3.0)}, {'J01': 15}, {'J01': 39}, 
3550.0, {'J01': np.float32(-0.3763987)}, {'J01': 15}, {'J01': 41}, 
3555.0, {'J01': np.float32(-2.502073)}, {'J01': 15}, {'J01': 44}, 
3560.0, {'J01': np.float32(-3.0)}, {'J01': 15}, {'J01': 49}, 
3565.0, {'J01': np.float32(3.0)}, {'J01': 18}, {'J01': 53}, 
3570.0, {'J01': np.float32(-1.2001473)}, {'J01': 19}, {'J01': 54}, 
3575.0, {'J01': np.float32(-3.0)}, {'J01': 20}, {'J01': 54}, 
3580.0, {'J01': np.float32(3.0)}, {'J01': 21}, {'J01': 52}, 
3585.0, {'J01': np.float32(-1.7211008)}, {'J01': 21}, {'J01': 53}, 
3590.0, {'J01': np.float32(-3.0)}, {'J01': 23}, {'J01': 59}, 
3595.0, {'J01': np.float32(3.0)}, {'J01': 23}, {'J01': 59}, 
3600.0, {'J01': np.float32(-1.2832526)}, {'J01': 23}, {'J01': 60}, 
3605.0, {'J01': np.float32(-3.0)}, {'J01': 23}, {'J01': 60}, 
3610.0, {'J01': np.float32(3.0)}, {'J01': 23}, {'J01': 55}, 
3615.0, {'J01': np.float32(-0.71689934)}, {'J01': 25}, {'J01': 57}, 
3620.0, {'J01': np.float32(-3.0)}, {'J01': 25}, {'J01': 60}, 
3625.0, {'J01': np.float32(2.9478662)}, {'J01': 26}, {'J01': 63}, 
3630.0, {'J01': np.float32(-1.0872271)}, {'J01': 26}, {'J01': 60}, 
3635.0, {'J01': np.float32(-3.0)}, {'J01': 26}, {'J01': 61}, 
3640.0, {'J01': np.float32(3.0)}, {'J01': 26}, {'J01': 55}, 
3645.0, {'J01': np.float32(-0.87281775)}, {'J01': 26}, {'J01': 57}, 
3650.0, {'J01': np.float32(-0.8783682)}, {'J01': 26}, {'J01': 59}, 
3655.0, {'J01': np.float32(-0.8363728)}, {'J01': 26}, {'J01': 60}, 
3660.0, {'J01': np.float32(-1.0524995)}, {'J01': 26}, {'J01': 58}, 
3665.0, {'J01': np.float32(-0.08436596)}, {'J01': 22}, {'J01': 48}, 
3670.0, {'J01': np.float32(3.0)}, {'J01': 19}, {'J01': 43}, 
3675.0, {'J01': np.float32(0.77388066)}, {'J01': 17}, {'J01': 42}, 
3680.0, {'J01': np.float32(-0.73207974)}, {'J01': 16}, {'J01': 48}, 
3685.0, {'J01': np.float32(-1.1411457)}, {'J01': 15}, {'J01': 42}, 
3690.0, {'J01': np.float32(3.0)}, {'J01': 12}, {'J01': 37}, 
3695.0, {'J01': np.float32(-0.53690284)}, {'J01': 12}, {'J01': 43}, 
3700.0, {'J01': np.float32(-0.7626198)}, {'J01': 12}, {'J01': 48}, 
3705.0, {'J01': np.float32(-0.32321185)}, {'J01': 12}, {'J01': 45}, 
3710.0, {'J01': np.float32(0.91962016)}, {'J01': 9}, {'J01': 36}, 
3715.0, {'J01': np.float32(-0.7969013)}, {'J01': 8}, {'J01': 31}, 
3720.0, {'J01': np.float32(-2.3415163)}, {'J01': 8}, {'J01': 31}, 
3725.0, {'J01': np.float32(3.0)}, {'J01': 8}, {'J01': 29}, 
3730.0, {'J01': np.float32(-0.19272785)}, {'J01': 8}, {'J01': 31}, 
3735.0, {'J01': np.float32(-0.37138206)}, {'J01': 8}, {'J01': 33}, 
3740.0, {'J01': np.float32(-0.61560035)}, {'J01': 8}, {'J01': 38}, 
3745.0, {'J01': np.float32(1.0910641)}, {'J01': 8}, {'J01': 27}, 
3750.0, {'J01': np.float32(3.0)}, {'J01': 7}, {'J01': 22}, 
3755.0, {'J01': np.float32(3.0)}, {'J01': 6}, {'J01': 25}, 
3760.0, {'J01': np.float32(0.8288622)}, {'J01': 6}, {'J01': 25}, 
3765.0, {'J01': np.float32(-0.19241443)}, {'J01': 7}, {'J01': 22}, 
3770.0, {'J01': np.float32(3.0)}, {'J01': 6}, {'J01': 20}, 
3775.0, {'J01': np.float32(3.0)}, {'J01': 5}, {'J01': 25}, 
3780.0, {'J01': np.float32(-0.15171137)}, {'J01': 8}, {'J01': 33}, 
3785.0, {'J01': np.float32(-0.24329324)}, {'J01': 8}, {'J01': 34}, 
3790.0, {'J01': np.float32(-0.16466235)}, {'J01': 7}, {'J01': 31}, 
3795.0, {'J01': np.float32(0.30989826)}, {'J01': 5}, {'J01': 23}, 
3800.0, {'J01': np.float32(-0.091581866)}, {'J01': 5}, {'J01': 27}, 
3805.0, {'J01': np.float32(-0.02960222)}, {'J01': 5}, {'J01': 21}, 
3810.0, {'J01': np.float32(0.16373728)}, {'J01': 6}, {'J01': 17}, 
3815.0, {'J01': np.float32(-0.09713229)}, {'J01': 6}, {'J01': 19}, 
3820.0, {'J01': np.float32(-0.025901943)}, {'J01': 6}, {'J01': 23}, 
3825.0, {'J01': np.float32(-0.453284)}, {'J01': 7}, {'J01': 30}, 
3830.0, {'J01': np.float32(-0.5800185)}, {'J01': 8}, {'J01': 35}, 
3835.0, {'J01': np.float32(-0.19796485)}, {'J01': 7}, {'J01': 33}, 
3840.0, {'J01': np.float32(0.123034224)}, {'J01': 6}, {'J01': 25}, 
3845.0, {'J01': np.float32(-0.2719704)}, {'J01': 6}, {'J01': 24}, 
3850.0, {'J01': np.float32(-0.2358927)}, {'J01': 6}, {'J01': 24}, 
3855.0, {'J01': np.float32(-0.15356152)}, {'J01': 6}, {'J01': 25}, 
3860.0, {'J01': np.float32(-0.13506013)}, {'J01': 6}, {'J01': 24}, 
3865.0, {'J01': np.float32(1.719704)}, {'J01': 5}, {'J01': 22}, 
3870.0, {'J01': np.float32(1.5106384)}, {'J01': 4}, {'J01': 18}, 
3875.0, {'J01': np.float32(-0.24144311)}, {'J01': 4}, {'J01': 18}, 
3880.0, {'J01': np.float32(1.6419982)}, {'J01': 4}, {'J01': 16}, 
3885.0, {'J01': np.float32(-0.11008326)}, {'J01': 4}, {'J01': 23}, 
3890.0, {'J01': np.float32(-0.027752081)}, {'J01': 7}, {'J01': 28}, 
3895.0, {'J01': np.float32(0.007400555)}, {'J01': 8}, {'J01': 31}, 
3900.0, {'J01': np.float32(-0.052728955)}, {'J01': 8}, {'J01': 30}, 
3905.0, {'J01': np.float32(-0.25254393)}, {'J01': 8}, {'J01': 28}, 
3910.0, {'J01': np.float32(-0.009250694)}, {'J01': 6}, {'J01': 26}, 
3915.0, {'J01': np.float32(0.160037)}, {'J01': 4}, {'J01': 20}, 
3920.0, {'J01': np.float32(-0.14338575)}, {'J01': 4}, {'J01': 19}, 
3925.0, {'J01': np.float32(-0.16651249)}, {'J01': 4}, {'J01': 19}, 
3930.0, {'J01': np.float32(-0.39407957)}, {'J01': 7}, {'J01': 28}, 
3935.0, {'J01': np.float32(-0.5439408)}, {'J01': 8}, {'J01': 31}, 
3940.0, {'J01': np.float32(-0.0573543)}, {'J01': 7}, {'J01': 28}, 
3945.0, {'J01': np.float32(0.115633674)}, {'J01': 6}, {'J01': 24}, 
3950.0, {'J01': np.float32(0.012950972)}, {'J01': 5}, {'J01': 23}, 
3955.0, {'J01': np.float32(-0.3570768)}, {'J01': 5}, {'J01': 24}, 
3960.0, {'J01': np.float32(-0.123959295)}, {'J01': 5}, {'J01': 23}, 
3965.0, {'J01': np.float32(0.09435707)}, {'J01': 4}, {'J01': 20}, 
3970.0, {'J01': np.float32(0.34875116)}, {'J01': 4}, {'J01': 17}, 
3975.0, {'J01': np.float32(-0.10175763)}, {'J01': 4}, {'J01': 16}, 
3980.0, {'J01': np.float32(-0.12025902)}, {'J01': 4}, {'J01': 18}, 
3985.0, {'J01': np.float32(-0.3654024)}, {'J01': 6}, {'J01': 27}, 
3990.0, {'J01': np.float32(-0.52081406)}, {'J01': 8}, {'J01': 31}, 
3995.0, {'J01': np.float32(-0.28492138)}, {'J01': 7}, {'J01': 28}, 
4000.0, {'J01': np.float32(-0.35800186)}, {'J01': 7}, {'J01': 25}, 
4005.0, {'J01': np.float32(-0.12025902)}, {'J01': 6}, {'J01': 22}, 
4010.0, {'J01': np.float32(-0.39130434)}, {'J01': 6}, {'J01': 23}, 
4015.0, {'J01': np.float32(-0.123959295)}, {'J01': 5}, {'J01': 20}, 
4020.0, {'J01': np.float32(-0.35522664)}, {'J01': 5}, {'J01': 21}, 
4025.0, {'J01': np.float32(-0.038852915)}, {'J01': 4}, {'J01': 18}, 
4030.0, {'J01': np.float32(-0.002775208)}, {'J01': 4}, {'J01': 18}, 
4035.0, {'J01': np.float32(0.07678076)}, {'J01': 4}, {'J01': 17}, 
4040.0, {'J01': np.float32(-0.24606845)}, {'J01': 4}, {'J01': 21}, 
4045.0, {'J01': np.float32(-0.42830712)}, {'J01': 7}, {'J01': 28}, 
4050.0, {'J01': np.float32(0.067530066)}, {'J01': 7}, {'J01': 27}, 
4055.0, {'J01': np.float32(0.26179463)}, {'J01': 5}, {'J01': 22}, 
4060.0, {'J01': np.float32(-0.14338575)}, {'J01': 4}, {'J01': 18}, 
4065.0, {'J01': np.float32(-0.12488437)}, {'J01': 4}, {'J01': 17}, 
4070.0, {'J01': np.float32(-0.03422757)}, {'J01': 4}, {'J01': 12}, 
4075.0, {'J01': np.float32(-0.031452358)}, {'J01': 4}, {'J01': 12}, 
4080.0, {'J01': np.float32(-0.14708602)}, {'J01': 4}, {'J01': 15}, 
4085.0, {'J01': np.float32(-0.14431082)}, {'J01': 4}, {'J01': 12}, 
4090.0, {'J01': np.float32(-0.16836263)}, {'J01': 4}, {'J01': 13}, 
4095.0, {'J01': np.float32(1.2109158)}, {'J01': 4}, {'J01': 21}, 
4100.0, {'J01': np.float32(2.53099)}, {'J01': 7}, {'J01': 26}, 
4105.0, {'J01': np.float32(2.493062)}, {'J01': 8}, {'J01': 28}, 
4110.0, {'J01': np.float32(-0.19056429)}, {'J01': 7}, {'J01': 27}, 
4115.0, {'J01': np.float32(0.25439408)}, {'J01': 4}, {'J01': 18}, 
4120.0, {'J01': np.float32(-0.1359852)}, {'J01': 4}, {'J01': 17}, 
4125.0, {'J01': np.float32(-0.1026827)}, {'J01': 4}, {'J01': 17}, 
4130.0, {'J01': np.float32(-0.33395004)}, {'J01': 7}, {'J01': 22}, 
4135.0, {'J01': np.float32(0.30157262)}, {'J01': 6}, {'J01': 19}, 
4140.0, {'J01': np.float32(0.22571693)}, {'J01': 4}, {'J01': 14}, 
4145.0, {'J01': np.float32(-0.15356152)}, {'J01': 3}, {'J01': 15}, 
4150.0, {'J01': np.float32(-0.08048104)}, {'J01': 4}, {'J01': 18}, 
4155.0, {'J01': np.float32(-0.37372804)}, {'J01': 7}, {'J01': 25}, 
4160.0, {'J01': np.float32(-0.49491212)}, {'J01': 8}, {'J01': 30}, 
4165.0, {'J01': np.float32(-0.20351526)}, {'J01': 7}, {'J01': 29}, 
4170.0, {'J01': np.float32(0.19056429)}, {'J01': 5}, {'J01': 22}, 
4175.0, {'J01': np.float32(-0.29509714)}, {'J01': 5}, {'J01': 22}, 
4180.0, {'J01': np.float32(-0.2987974)}, {'J01': 5}, {'J01': 24}, 
4185.0, {'J01': np.float32(0.17113784)}, {'J01': 3}, {'J01': 18}, 
4190.0, {'J01': np.float32(0.10638298)}, {'J01': 3}, {'J01': 15}, 
4195.0, {'J01': np.float32(-0.10915819)}, {'J01': 3}, {'J01': 17}, 
4200.0, {'J01': np.float32(-0.35152635)}, {'J01': 6}, {'J01': 24}, 
4205.0, {'J01': np.float32(-0.48103607)}, {'J01': 8}, {'J01': 30}, 
4210.0, {'J01': np.float32(0.679926)}, {'J01': 8}, {'J01': 29}, 
4215.0, {'J01': np.float32(0.38205364)}, {'J01': 7}, {'J01': 26}, 
4220.0, {'J01': np.float32(0.3228492)}, {'J01': 6}, {'J01': 25}, 
4225.0, {'J01': np.float32(-0.12488437)}, {'J01': 5}, {'J01': 23}, 
4230.0, {'J01': np.float32(-0.23126735)}, {'J01': 5}, {'J01': 23}, 
4235.0, {'J01': np.float32(-0.43293247)}, {'J01': 7}, {'J01': 26}, 
4240.0, {'J01': np.float32(-0.08233117)}, {'J01': 7}, {'J01': 27}, 
4245.0, {'J01': np.float32(0.12488437)}, {'J01': 6}, {'J01': 24}, 
4250.0, {'J01': np.float32(-0.0138760405)}, {'J01': 5}, {'J01': 20}, 
4255.0, {'J01': np.float32(-0.34690103)}, {'J01': 5}, {'J01': 23}, 
4260.0, {'J01': np.float32(0.5626565)}, {'J01': 7}, {'J01': 27}, 
4265.0, {'J01': np.float32(0.44646993)}, {'J01': 7}, {'J01': 27}, 
4270.0, {'J01': np.float32(0.4751471)}, {'J01': 5}, {'J01': 23}, 
4275.0, {'J01': np.float32(0.13792545)}, {'J01': 4}, {'J01': 20}, 
4280.0, {'J01': np.float32(-0.003452359)}, {'J01': 4}, {'J01': 15}, 
4285.0, {'J01': np.float32(0.3779247)}, {'J01': 4}, {'J01': 14}, 
4290.0, {'J01': np.float32(0.19666818)}, {'J01': 4}, {'J01': 15}, 
4295.0, {'J01': np.float32(0.116558746)}, {'J01': 7}, {'J01': 23}, 
4300.0, {'J01': np.float32(-0.45513412)}, {'J01': 8}, {'J01': 28}, 
4305.0, {'J01': np.float32(-0.24236818)}, {'J01': 7}, {'J01': 27}, 
4310.0, {'J01': np.float32(-0.011100832)}, {'J01': 5}, {'J01': 21}, 
4315.0, {'J01': np.float32(-0.052728955)}, {'J01': 4}, {'J01': 20}, 
4320.0, {'J01': np.float32(-0.025901943)}, {'J01': 4}, {'J01': 15}, 
4325.0, {'J01': np.float32(-0.053654023)}, {'J01': 4}, {'J01': 15}, 
4330.0, {'J01': np.float32(0.13320999)}, {'J01': 4}, {'J01': 13}, 
4335.0, {'J01': np.float32(-0.08973173)}, {'J01': 4}, {'J01': 18}, 
4340.0, {'J01': np.float32(-0.3774283)}, {'J01': 6}, {'J01': 25}, 
4345.0, {'J01': np.float32(-0.03422757)}, {'J01': 7}, {'J01': 26}, 
4350.0, {'J01': np.float32(-0.08695652)}, {'J01': 6}, {'J01': 21}, 
4355.0, {'J01': np.float32(-0.27844587)}, {'J01': 5}, {'J01': 21}, 
4360.0, {'J01': np.float32(-0.13783534)}, {'J01': 4}, {'J01': 16}, 
4365.0, {'J01': np.float32(-0.24606845)}, {'J01': 4}, {'J01': 17}, 
4370.0, {'J01': np.float32(-0.039777983)}, {'J01': 4}, {'J01': 14}, 
4375.0, {'J01': np.float32(-0.24421832)}, {'J01': 4}, {'J01': 15}, 
4380.0, {'J01': np.float32(-0.2987974)}, {'J01': 4}, {'J01': 21}, 
4385.0, {'J01': np.float32(-0.4172063)}, {'J01': 7}, {'J01': 27}, 
4390.0, {'J01': np.float32(-0.4014801)}, {'J01': 8}, {'J01': 28}, 
4395.0, {'J01': np.float32(0.041628122)}, {'J01': 7}, {'J01': 23}, 
4400.0, {'J01': np.float32(0.2997225)}, {'J01': 7}, {'J01': 26}, 
4405.0, {'J01': np.float32(0.53561515)}, {'J01': 6}, {'J01': 23}, 
4410.0, {'J01': np.float32(0.14708602)}, {'J01': 5}, {'J01': 21}, 
4415.0, {'J01': np.float32(0.03052729)}, {'J01': 4}, {'J01': 19}, 
4420.0, {'J01': np.float32(-0.24791859)}, {'J01': 4}, {'J01': 21}, 
4425.0, {'J01': np.float32(-0.4107308)}, {'J01': 7}, {'J01': 27}, 
4430.0, {'J01': np.float32(-0.51433855)}, {'J01': 8}, {'J01': 29}, 
4435.0, {'J01': np.float32(0.06012951)}, {'J01': 7}, {'J01': 25}, 
4440.0, {'J01': np.float32(0.5883441)}, {'J01': 5}, {'J01': 20}, 
4445.0, {'J01': np.float32(0.12025902)}, {'J01': 4}, {'J01': 18}, 
4450.0, {'J01': np.float32(-0.3052729)}, {'J01': 4}, {'J01': 21}, 
4455.0, {'J01': np.float32(-0.39962998)}, {'J01': 6}, {'J01': 25}, 
4460.0, {'J01': np.float32(-0.48658648)}, {'J01': 8}, {'J01': 29}, 
4465.0, {'J01': np.float32(0.653099)}, {'J01': 8}, {'J01': 28}, 
4470.0, {'J01': np.float32(0.60962075)}, {'J01': 7}, {'J01': 25}, 
4475.0, {'J01': np.float32(0.28584644)}, {'J01': 6}, {'J01': 22}, 
4480.0, {'J01': np.float32(0.062904716)}, {'J01': 5}, {'J01': 21}, 
4485.0, {'J01': np.float32(-0.2904718)}, {'J01': 5}, {'J01': 23}, 
4490.0, {'J01': np.float32(-0.4357077)}, {'J01': 7}, {'J01': 27}, 
4495.0, {'J01': np.float32(0.14431082)}, {'J01': 7}, {'J01': 24}, 
4500.0, {'J01': np.float32(0.41165587)}, {'J01': 5}, {'J01': 18}, 
4505.0, {'J01': np.float32(0.02867715)}, {'J01': 4}, {'J01': 17}, 
4510.0, {'J01': np.float32(0.41535616)}, {'J01': 4}, {'J01': 20}, 
4515.0, {'J01': np.float32(1.0860314)}, {'J01': 6}, {'J01': 23}, 
4520.0, {'J01': np.float32(-0.4588344)}, {'J01': 8}, {'J01': 29}, 
4525.0, {'J01': np.float32(0.09805735)}, {'J01': 7}, {'J01': 26}, 
4530.0, {'J01': np.float32(0.7076781)}, {'J01': 4}, {'J01': 16}, 
4535.0, {'J01': np.float32(0.23126735)}, {'J01': 4}, {'J01': 15}, 
4540.0, {'J01': np.float32(0.08140611)}, {'J01': 4}, {'J01': 16}, 
4545.0, {'J01': np.float32(-0.3209991)}, {'J01': 7}, {'J01': 21}, 
4550.0, {'J01': np.float32(-0.04255319)}, {'J01': 7}, {'J01': 23}, 
4555.0, {'J01': np.float32(0.116558746)}, {'J01': 6}, {'J01': 20}, 
4560.0, {'J01': np.float32(0.15263645)}, {'J01': 5}, {'J01': 18}, 
4565.0, {'J01': np.float32(-0.10175763)}, {'J01': 5}, {'J01': 20}, 
4570.0, {'J01': np.float32(0.041628122)}, {'J01': 6}, {'J01': 21}, 
4575.0, {'J01': np.float32(-0.08048104)}, {'J01': 5}, {'J01': 19}, 
4580.0, {'J01': np.float32(0.226642)}, {'J01': 4}, {'J01': 17}, 
4585.0, {'J01': np.float32(-0.16096207)}, {'J01': 4}, {'J01': 19}, 
4590.0, {'J01': np.float32(0.16096207)}, {'J01': 4}, {'J01': 17}, 
4595.0, {'J01': np.float32(0.107308045)}, {'J01': 4}, {'J01': 15}, 
4600.0, {'J01': np.float32(0.20629047)}, {'J01': 4}, {'J01': 12}, 
4605.0, {'J01': np.float32(-0.024976874)}, {'J01': 3}, {'J01': 17}, 
4610.0, {'J01': np.float32(-0.13320999)}, {'J01': 7}, {'J01': 22}, 
4615.0, {'J01': np.float32(0.022201665)}, {'J01': 7}, {'J01': 22}, 
4620.0, {'J01': np.float32(-0.10545791)}, {'J01': 6}, {'J01': 19}, 
4625.0, {'J01': np.float32(0.054579094)}, {'J01': 5}, {'J01': 18}, 
4630.0, {'J01': np.float32(-0.15818687)}, {'J01': 5}, {'J01': 20}, 
4635.0, {'J01': np.float32(-0.0453284)}, {'J01': 6}, {'J01': 21}, 
4640.0, {'J01': np.float32(-0.02960222)}, {'J01': 5}, {'J01': 17}, 
4645.0, {'J01': np.float32(0.12580943)}, {'J01': 4}, {'J01': 16}, 
4650.0, {'J01': np.float32(-0.14246069)}, {'J01': 4}, {'J01': 18}, 
4655.0, {'J01': np.float32(0.16836263)}, {'J01': 4}, {'J01': 18}, 
4660.0, {'J01': np.float32(0.13228492)}, {'J01': 4}, {'J01': 15}, 
4665.0, {'J01': np.float32(0.15356152)}, {'J01': 4}, {'J01': 12}, 
4670.0, {'J01': np.float32(-0.14431082)}, {'J01': 4}, {'J01': 18}, 
4675.0, {'J01': np.float32(-0.14338575)}, {'J01': 7}, {'J01': 23}, 
4680.0, {'J01': np.float32(-0.44773358)}, {'J01': 8}, {'J01': 26}, 
4685.0, {'J01': np.float32(-0.48196116)}, {'J01': 8}, {'J01': 27}, 
4690.0, {'J01': np.float32(0.46623498)}, {'J01': 6}, {'J01': 20}, 
4695.0, {'J01': np.float32(0.160037)}, {'J01': 5}, {'J01': 17}, 
4700.0, {'J01': np.float32(-0.28214616)}, {'J01': 5}, {'J01': 19}, 
4705.0, {'J01': np.float32(-0.36447734)}, {'J01': 6}, {'J01': 22}, 
4710.0, {'J01': np.float32(-0.23404256)}, {'J01': 8}, {'J01': 26}, 
4715.0, {'J01': np.float32(0.19518964)}, {'J01': 7}, {'J01': 23}, 
4720.0, {'J01': np.float32(0.5457909)}, {'J01': 5}, {'J01': 17}, 
4725.0, {'J01': np.float32(0.055504162)}, {'J01': 5}, {'J01': 17}, 
4730.0, {'J01': np.float32(-0.13320999)}, {'J01': 5}, {'J01': 20}, 
4735.0, {'J01': np.float32(-0.32562444)}, {'J01': 7}, {'J01': 23}, 
4740.0, {'J01': np.float32(-0.23496762)}, {'J01': 8}, {'J01': 25}, 
4745.0, {'J01': np.float32(0.18686402)}, {'J01': 7}, {'J01': 23}, 
4750.0, {'J01': np.float32(0.16281222)}, {'J01': 6}, {'J01': 20}, 
4755.0, {'J01': np.float32(0.22109158)}, {'J01': 5}, {'J01': 18}, 
4760.0, {'J01': np.float32(-0.226642)}, {'J01': 5}, {'J01': 18}, 
4765.0, {'J01': np.float32(-0.34042552)}, {'J01': 7}, {'J01': 21}, 
4770.0, {'J01': np.float32(-0.4079556)}, {'J01': 8}, {'J01': 24}, 
4775.0, {'J01': np.float32(0.2053654)}, {'J01': 7}, {'J01': 21}, 
4780.0, {'J01': np.float32(0.53931546)}, {'J01': 5}, {'J01': 17}, 
4785.0, {'J01': np.float32(0.39315447)}, {'J01': 4}, {'J01': 13}, 
4790.0, {'J01': np.float32(-0.049028676)}, {'J01': 4}, {'J01': 11}, 
4795.0, {'J01': np.float32(-0.067530066)}, {'J01': 4}, {'J01': 11}, 
4800.0, {'J01': np.float32(0.047178537)}, {'J01': 4}, {'J01': 9}, 
4805.0, {'J01': np.float32(0.18038853)}, {'J01': 4}, {'J01': 5}, 
4810.0, {'J01': np.float32(-0.09250694)}, {'J01': 4}, {'J01': 5}, 
4815.0, {'J01': np.float32(0.035152636)}, {'J01': 4}, {'J01': 6}, 
4820.0, {'J01': np.float32(-0.0693802)}, {'J01': 4}, {'J01': 4}, 
4825.0, {'J01': np.float32(-0.079555966)}, {'J01': 4}, {'J01': 6}, 
4830.0, {'J01': np.float32(-0.06845514)}, {'J01': 4}, {'J01': 4}, 
4835.0, {'J01': np.float32(-0.08140611)}, {'J01': 4}, {'J01': 6}, 
4840.0, {'J01': np.float32(-0.066604994)}, {'J01': 4}, {'J01': 4}, 
4845.0, {'J01': np.float32(-0.08048104)}, {'J01': 4}, {'J01': 6}, 
4850.0, {'J01': np.float32(-0.067530066)}, {'J01': 4}, {'J01': 4}, 
4855.0, {'J01': np.float32(-0.079555966)}, {'J01': 4}, {'J01': 6}, 
4860.0, {'J01': np.float32(-0.06845514)}, {'J01': 4}, {'J01': 4}, 
4865.0, {'J01': np.float32(-0.08048104)}, {'J01': 4}, {'J01': 6}, 
4870.0, {'J01': np.float32(-0.067530066)}, {'J01': 4}, {'J01': 4}, 
4875.0, {'J01': np.float32(-0.08048104)}, {'J01': 4}, {'J01': 6}, 
4880.0, {'J01': np.float32(-0.067530066)}, {'J01': 4}, {'J01': 4}, 
4885.0, {'J01': np.float32(-0.08140611)}, {'J01': 4}, {'J01': 6}, 
4890.0, {'J01': np.float32(-0.071230344)}, {'J01': 4}, {'J01': 5}, 
4895.0, {'J01': np.float32(1.226642)}, {'J01': 2}, {'J01': 5}, 
4900.0, {'J01': np.float32(-0.1147086)}, {'J01': 4}, {'J01': 10}, 
4905.0, {'J01': np.float32(-0.08510638)}, {'J01': 4}, {'J01': 11}, 
4910.0, {'J01': np.float32(-0.040703055)}, {'J01': 4}, {'J01': 7}, 
4915.0, {'J01': np.float32(0.48196116)}, {'J01': 3}, {'J01': 8}, 
4920.0, {'J01': np.float32(0.58649397)}, {'J01': 3}, {'J01': 7}, 
4925.0, {'J01': np.float32(-0.023126734)}, {'J01': 6}, {'J01': 13}, 
4930.0, {'J01': np.float32(-0.15633672)}, {'J01': 7}, {'J01': 17}, 
4935.0, {'J01': np.float32(-0.09898242)}, {'J01': 6}, {'J01': 16}, 
4940.0, {'J01': np.float32(-0.14616096)}, {'J01': 5}, {'J01': 14}, 
4945.0, {'J01': np.float32(-0.09620722)}, {'J01': 4}, {'J01': 12}, 
4950.0, {'J01': np.float32(0.06475486)}, {'J01': 4}, {'J01': 9}, 
4955.0, {'J01': np.float32(0.3385754)}, {'J01': 4}, {'J01': 4}, 
4960.0, {'J01': np.float32(-0.08140611)}, {'J01': 4}, {'J01': 6}, 
4965.0, {'J01': np.float32(-0.12858464)}, {'J01': 4}, {'J01': 10}, 
4970.0, {'J01': np.float32(-0.08048104)}, {'J01': 4}, {'J01': 7}, 
4975.0, {'J01': np.float32(-0.08510638)}, {'J01': 4}, {'J01': 6}, 
4980.0, {'J01': np.float32(0.005550416)}, {'J01': 4}, {'J01': 4}, 
4985.0, {'J01': np.float32(-0.08048104)}, {'J01': 4}, {'J01': 6}, 
4990.0, {'J01': np.float32(-0.067530066)}, {'J01': 4}, {'J01': 4}, 
4995.0, {'J01': np.float32(-0.08048104)}, {'J01': 4}, {'J01': 6}, 
5000.0, {'J01': np.float32(-0.067530066)}, {'J01': 4}, {'J01': 4}, 
5005.0, {'J01': np.float32(-0.08233117)}, {'J01': 4}, {'J01': 6}, 
5010.0, {'J01': np.float32(-0.06567992)}, {'J01': 4}, {'J01': 4}, 
5015.0, {'J01': np.float32(-0.08140611)}, {'J01': 4}, {'J01': 6}, 
5020.0, {'J01': np.float32(-0.066604994)}, {'J01': 4}, {'J01': 4}, 
5025.0, {'J01': np.float32(-0.08140611)}, {'J01': 4}, {'J01': 6}, 
5030.0, {'J01': np.float32(-0.066604994)}, {'J01': 4}, {'J01': 4}, 
5035.0, {'J01': np.float32(-0.08048104)}, {'J01': 4}, {'J01': 6}, 
5040.0, {'J01': np.float32(-0.067530066)}, {'J01': 4}, {'J01': 4}, 
5045.0, {'J01': np.float32(-0.079555966)}, {'J01': 4}, {'J01': 6}, 
5050.0, {'J01': np.float32(-0.06845514)}, {'J01': 4}, {'J01': 4}, 
5055.0, {'J01': np.float32(-0.08048104)}, {'J01': 4}, {'J01': 6}, 
5060.0, {'J01': np.float32(-0.067530066)}, {'J01': 4}, {'J01': 4}, 
5065.0, {'J01': np.float32(-0.079555966)}, {'J01': 4}, {'J01': 6}, 
5070.0, {'J01': np.float32(-0.06845514)}, {'J01': 4}, {'J01': 4}, 
5075.0, {'J01': np.float32(1.0166513)}, {'J01': 2}, {'J01': 4}, 
5080.0, {'J01': np.float32(-0.09805735)}, {'J01': 4}, {'J01': 9}, 
5085.0, {'J01': np.float32(-0.0906568)}, {'J01': 4}, {'J01': 11}, 
5090.0, {'J01': np.float32(-0.11378353)}, {'J01': 4}, {'J01': 9}, 
5095.0, {'J01': np.float32(0.008325624)}, {'J01': 4}, {'J01': 6}, 
5100.0, {'J01': np.float32(1.1313598)}, {'J01': 2}, {'J01': 6}, 
5105.0, {'J01': np.float32(0.024051804)}, {'J01': 4}, {'J01': 8}, 
5110.0, {'J01': np.float32(-0.084181316)}, {'J01': 5}, {'J01': 11}, 
5115.0, {'J01': np.float32(-0.18871415)}, {'J01': 5}, {'J01': 12}, 
5120.0, {'J01': np.float32(0.026827011)}, {'J01': 4}, {'J01': 10}, 
5125.0, {'J01': np.float32(0.1147086)}, {'J01': 4}, {'J01': 7}, 
5130.0, {'J01': np.float32(0.025901943)}, {'J01': 3}, {'J01': 5}, 
5135.0, {'J01': np.float32(0.16373728)}, {'J01': 3}, {'J01': 6}, 
5140.0, {'J01': np.float32(-0.06845514)}, {'J01': 3}, {'J01': 5}, 
5145.0, {'J01': np.float32(0.053654023)}, {'J01': 2}, {'J01': 5}, 
5150.0, {'J01': np.float32(0.10175763)}, {'J01': 1}, {'J01': 4}, 
5155.0, {'J01': np.float32(-0.020351527)}, {'J01': 2}, {'J01': 4}, 
5160.0, {'J01': np.float32(-0.083256245)}, {'J01': 3}, {'J01': 8}, 
5165.0, {'J01': np.float32(-0.005550416)}, {'J01': 3}, {'J01': 6}, 
5170.0, {'J01': np.float32(-0.07493062)}, {'J01': 3}, {'J01': 7}, 
5175.0, {'J01': np.float32(-0.0453284)}, {'J01': 3}, {'J01': 6}, 
5180.0, {'J01': np.float32(-0.052728955)}, {'J01': 3}, {'J01': 5}, 
5185.0, {'J01': np.float32(-0.022201665)}, {'J01': 3}, {'J01': 6}, 
5190.0, {'J01': np.float32(-0.08880666)}, {'J01': 3}, {'J01': 5}, 
5195.0, {'J01': np.float32(-0.021276595)}, {'J01': 3}, {'J01': 4}, 
5200.0, {'J01': np.float32(-0.058279373)}, {'J01': 3}, {'J01': 5}, 
5205.0, {'J01': np.float32(-0.053654023)}, {'J01': 3}, {'J01': 6}, 
5210.0, {'J01': np.float32(-0.08880666)}, {'J01': 3}, {'J01': 5}, 
5215.0, {'J01': np.float32(-0.022201665)}, {'J01': 3}, {'J01': 6}, 
5220.0, {'J01': np.float32(-0.08973173)}, {'J01': 3}, {'J01': 5}, 
5225.0, {'J01': np.float32(-0.09713229)}, {'J01': 3}, {'J01': 8}, 
5230.0, {'J01': np.float32(-0.012950972)}, {'J01': 3}, {'J01': 5}, 
5235.0, {'J01': np.float32(-0.020351527)}, {'J01': 3}, {'J01': 4}, 
5240.0, {'J01': np.float32(-0.058279373)}, {'J01': 3}, {'J01': 5}, 
5245.0, {'J01': np.float32(-0.055504162)}, {'J01': 3}, {'J01': 6}, 
5250.0, {'J01': np.float32(-0.08880666)}, {'J01': 3}, {'J01': 5}, 
5255.0, {'J01': np.float32(-0.027752081)}, {'J01': 4}, {'J01': 7}, 
5260.0, {'J01': np.float32(-0.10823312)}, {'J01': 4}, {'J01': 6}, 
5265.0, {'J01': np.float32(-0.040703055)}, {'J01': 4}, {'J01': 7}, 
5270.0, {'J01': np.float32(-0.107308045)}, {'J01': 4}, {'J01': 6}, 
5275.0, {'J01': np.float32(-0.13691027)}, {'J01': 4}, {'J01': 12}, 
5280.0, {'J01': np.float32(-0.123959295)}, {'J01': 5}, {'J01': 15}, 
5285.0, {'J01': np.float32(-0.16281222)}, {'J01': 5}, {'J01': 15}, 
5290.0, {'J01': np.float32(-0.1785384)}, {'J01': 5}, {'J01': 13}, 
5295.0, {'J01': np.float32(0.34690103)}, {'J01': 4}, {'J01': 13}, 
5300.0, {'J01': np.float32(0.5263645)}, {'J01': 3}, {'J01': 12}, 
5305.0, {'J01': np.float32(0.15078631)}, {'J01': 4}, {'J01': 10}, 
5310.0, {'J01': np.float32(-0.09250694)}, {'J01': 4}, {'J01': 11}, 
5315.0, {'J01': np.float32(-0.10175763)}, {'J01': 4}, {'J01': 8}, 
5320.0, {'J01': np.float32(0.44495836)}, {'J01': 3}, {'J01': 8}, 
5325.0, {'J01': np.float32(0.29694727)}, {'J01': 4}, {'J01': 6}, 
5330.0, {'J01': np.float32(-0.111008324)}, {'J01': 4}, {'J01': 6}, 
5335.0, {'J01': np.float32(0.015726179)}, {'J01': 3}, {'J01': 7}, 
5340.0, {'J01': np.float32(0.038852915)}, {'J01': 3}, {'J01': 7}, 
5345.0, {'J01': np.float32(0.037927844)}, {'J01': 4}, {'J01': 8}, 
5350.0, {'J01': np.float32(-0.08788159)}, {'J01': 4}, {'J01': 8}, 
5355.0, {'J01': np.float32(0.10638298)}, {'J01': 4}, {'J01': 10}, 
5360.0, {'J01': np.float32(0.13691027)}, {'J01': 4}, {'J01': 7}, 
5365.0, {'J01': np.float32(0.012025902)}, {'J01': 4}, {'J01': 9}, 
5370.0, {'J01': np.float32(-0.067530066)}, {'J01': 5}, {'J01': 9}, 
5375.0, {'J01': np.float32(-0.08880666)}, {'J01': 5}, {'J01': 8}, 
5380.0, {'J01': np.float32(0.015726179)}, {'J01': 5}, {'J01': 8}, 
5385.0, {'J01': np.float32(-0.12118409)}, {'J01': 5}, {'J01': 9}, 
5390.0, {'J01': np.float32(-0.13413507)}, {'J01': 5}, {'J01': 10}, 
5395.0, {'J01': np.float32(-0.14246069)}, {'J01': 5}, {'J01': 11}, 
5400.0, {'J01': np.float32(-0.08695652)}, {'J01': 5}, {'J01': 8}, 
