5.0, {'J01': -0.0, 'top_mgr': 0}, {'J01': 0}, {'J01': 0}, 
10.0, {'J01': -0.0, 'top_mgr': 1}, {'J01': 0}, {'J01': 0}, 
15.0, {'J01': -2.0, 'top_mgr': 5}, {'J01': 1}, {'J01': 1}, 
20.0, {'J01': -9.6, 'top_mgr': 0}, {'J01': 1}, {'J01': 3}, 
25.0, {'J01': -9.6, 'top_mgr': 3}, {'J01': 3}, {'J01': 4}, 
30.0, {'J01': -20.0, 'top_mgr': 5}, {'J01': 4}, {'J01': 6}, 
35.0, {'J01': -34.6, 'top_mgr': 2}, {'J01': 4}, {'J01': 7}, 
40.0, {'J01': -42.6, 'top_mgr': 3}, {'J01': 4}, {'J01': 9}, 
45.0, {'J01': -55.000000000000014, 'top_mgr': 3}, {'J01': 2}, {'J01': 12}, 
50.0, {'J01': -73.2, 'top_mgr': 2}, {'J01': 4}, {'J01': 17}, 
55.0, {'J01': -98.4, 'top_mgr': 4}, {'J01': 5}, {'J01': 22}, 
60.0, {'J01': -127.19999999999999, 'top_mgr': 5}, {'J01': 7}, {'J01': 25}, 
65.0, {'J01': -149.0, 'top_mgr': 7}, {'J01': 6}, {'J01': 24}, 
70.0, {'J01': -167.20000000000002, 'top_mgr': 8}, {'J01': 4}, {'J01': 22}, 
75.0, {'J01': -192.0, 'top_mgr': 9}, {'J01': 4}, {'J01': 18}, 
80.0, {'J01': -214.60000000000002, 'top_mgr': 6}, {'J01': 4}, {'J01': 17}, 
85.0, {'J01': -251.00000000000003, 'top_mgr': 1}, {'J01': 4}, {'J01': 19}, 
90.0, {'J01': -196.00000000000003, 'top_mgr': 4}, {'J01': 4}, {'J01': 24}, 
95.0, {'J01': -250.59999999999997, 'top_mgr': 1}, {'J01': 7}, {'J01': 33}, 
100.0, {'J01': -302.6, 'top_mgr': 0}, {'J01': 8}, {'J01': 37}, 
105.0, {'J01': -352.6000000000001, 'top_mgr': 0}, {'J01': 8}, {'J01': 39}, 
110.0, {'J01': -283.99999999999994, 'top_mgr': 4}, {'J01': 8}, {'J01': 38}, 
115.0, {'J01': -284.40000000000003, 'top_mgr': 5}, {'J01': 8}, {'J01': 37}, 
120.0, {'J01': -299.20000000000005, 'top_mgr': 6}, {'J01': 8}, {'J01': 36}, 
125.0, {'J01': -318.6, 'top_mgr': 3}, {'J01': 8}, {'J01': 36}, 
130.0, {'J01': -329.8, 'top_mgr': 5}, {'J01': 7}, {'J01': 33}, 
135.0, {'J01': -290.4000000000001, 'top_mgr': 10}, {'J01': 6}, {'J01': 26}, 
140.0, {'J01': -227.39999999999998, 'top_mgr': 9}, {'J01': 6}, {'J01': 23}, 
145.0, {'J01': -234.39999999999998, 'top_mgr': 5}, {'J01': 6}, {'J01': 25}, 
150.0, {'J01': -279.59999999999997, 'top_mgr': 0}, {'J01': 8}, {'J01': 33}, 
155.0, {'J01': -295.6, 'top_mgr': 4}, {'J01': 8}, {'J01': 31}, 
160.0, {'J01': -296.4, 'top_mgr': 8}, {'J01': 7}, {'J01': 28}, 
165.0, {'J01': -311.40000000000003, 'top_mgr': 12}, {'J01': 5}, {'J01': 22}, 
170.0, {'J01': -241.2, 'top_mgr': 8}, {'J01': 4}, {'J01': 15}, 
175.0, {'J01': -227.00000000000003, 'top_mgr': 6}, {'J01': 4}, {'J01': 12}, 
180.0, {'J01': -237.79999999999998, 'top_mgr': 9}, {'J01': 4}, {'J01': 12}, 
185.0, {'J01': -232.60000000000002, 'top_mgr': 5}, {'J01': 3}, {'J01': 11}, 
190.0, {'J01': -232.8, 'top_mgr': 4}, {'J01': 3}, {'J01': 14}, 
195.0, {'J01': -270.0, 'top_mgr': 2}, {'J01': 6}, {'J01': 23}, 
200.0, {'J01': -311.0, 'top_mgr': 2}, {'J01': 8}, {'J01': 30}, 
205.0, {'J01': -186.0, 'top_mgr': 3}, {'J01': 8}, {'J01': 30}, 
210.0, {'J01': -217.0, 'top_mgr': 1}, {'J01': 8}, {'J01': 31}, 
215.0, {'J01': -256.00000000000006, 'top_mgr': 0}, {'J01': 8}, {'J01': 34}, 
220.0, {'J01': -296.00000000000006, 'top_mgr': 0}, {'J01': 8}, {'J01': 37}, 
225.0, {'J01': -339.20000000000005, 'top_mgr': 0}, {'J01': 8}, {'J01': 40}, 
230.0, {'J01': -314.4, 'top_mgr': 12}, {'J01': 6}, {'J01': 28}, 
235.0, {'J01': -267.40000000000003, 'top_mgr': 12}, {'J01': 4}, {'J01': 19}, 
240.0, {'J01': -287.40000000000003, 'top_mgr': 7}, {'J01': 4}, {'J01': 14}, 
245.0, {'J01': -245.0, 'top_mgr': 8}, {'J01': 4}, {'J01': 13}, 
250.0, {'J01': -239.2, 'top_mgr': 5}, {'J01': 4}, {'J01': 15}, 
255.0, {'J01': -174.79999999999998, 'top_mgr': 3}, {'J01': 4}, {'J01': 20}, 
260.0, {'J01': -216.20000000000005, 'top_mgr': 1}, {'J01': 6}, {'J01': 28}, 
265.0, {'J01': -199.8, 'top_mgr': 2}, {'J01': 8}, {'J01': 34}, 
270.0, {'J01': -157.60000000000002, 'top_mgr': 6}, {'J01': 8}, {'J01': 30}, 
275.0, {'J01': -144.00000000000003, 'top_mgr': 2}, {'J01': 8}, {'J01': 30}, 
280.0, {'J01': -176.8, 'top_mgr': 3}, {'J01': 8}, {'J01': 32}, 
285.0, {'J01': -218.8, 'top_mgr': 0}, {'J01': 8}, {'J01': 34}, 
290.0, {'J01': -245.80000000000007, 'top_mgr': 3}, {'J01': 8}, {'J01': 34}, 
295.0, {'J01': -250.8, 'top_mgr': 2}, {'J01': 8}, {'J01': 34}, 
300.0, {'J01': -271.8, 'top_mgr': 9}, {'J01': 7}, {'J01': 33}, 
305.0, {'J01': -260.6, 'top_mgr': 9}, {'J01': 5}, {'J01': 27}, 
310.0, {'J01': -292.2, 'top_mgr': 9}, {'J01': 4}, {'J01': 21}, 
315.0, {'J01': -237.40000000000003, 'top_mgr': 8}, {'J01': 4}, {'J01': 15}, 
320.0, {'J01': -185.00000000000003, 'top_mgr': 6}, {'J01': 4}, {'J01': 15}, 
325.0, {'J01': -183.20000000000002, 'top_mgr': 4}, {'J01': 4}, {'J01': 23}, 
330.0, {'J01': -234.80000000000004, 'top_mgr': 1}, {'J01': 7}, {'J01': 34}, 
335.0, {'J01': -285.00000000000006, 'top_mgr': 1}, {'J01': 8}, {'J01': 39}, 
340.0, {'J01': -189.8, 'top_mgr': 9}, {'J01': 8}, {'J01': 32}, 
345.0, {'J01': -180.20000000000002, 'top_mgr': 4}, {'J01': 8}, {'J01': 33}, 
350.0, {'J01': -176.8, 'top_mgr': 1}, {'J01': 8}, {'J01': 34}, 
355.0, {'J01': -172.8, 'top_mgr': 8}, {'J01': 7}, {'J01': 29}, 
360.0, {'J01': -119.4, 'top_mgr': 13}, {'J01': 4}, {'J01': 19}, 
365.0, {'J01': -134.8, 'top_mgr': 8}, {'J01': 4}, {'J01': 15}, 
370.0, {'J01': -95.60000000000001, 'top_mgr': 6}, {'J01': 4}, {'J01': 12}, 
375.0, {'J01': -116.0, 'top_mgr': 6}, {'J01': 4}, {'J01': 14}, 
380.0, {'J01': -118.2, 'top_mgr': 2}, {'J01': 4}, {'J01': 17}, 
385.0, {'J01': -126.8, 'top_mgr': 3}, {'J01': 6}, {'J01': 26}, 
390.0, {'J01': -172.99999999999997, 'top_mgr': 0}, {'J01': 8}, {'J01': 35}, 
395.0, {'J01': -201.79999999999998, 'top_mgr': 4}, {'J01': 8}, {'J01': 34}, 
400.0, {'J01': -197.79999999999998, 'top_mgr': 2}, {'J01': 8}, {'J01': 33}, 
405.0, {'J01': -240.79999999999998, 'top_mgr': 0}, {'J01': 8}, {'J01': 36}, 
410.0, {'J01': -244.6, 'top_mgr': 6}, {'J01': 7}, {'J01': 31}, 
415.0, {'J01': -181.2, 'top_mgr': 14}, {'J01': 4}, {'J01': 19}, 
420.0, {'J01': -197.2, 'top_mgr': 9}, {'J01': 4}, {'J01': 16}, 
425.0, {'J01': -166.39999999999998, 'top_mgr': 9}, {'J01': 4}, {'J01': 14}, 
430.0, {'J01': -185.0, 'top_mgr': 5}, {'J01': 4}, {'J01': 14}, 
435.0, {'J01': -171.0, 'top_mgr': 7}, {'J01': 4}, {'J01': 14}, 
440.0, {'J01': -200.60000000000002, 'top_mgr': 4}, {'J01': 3}, {'J01': 13}, 
445.0, {'J01': -143.60000000000002, 'top_mgr': 4}, {'J01': 4}, {'J01': 18}, 
450.0, {'J01': -147.4, 'top_mgr': 3}, {'J01': 7}, {'J01': 25}, 
455.0, {'J01': -155.4, 'top_mgr': 4}, {'J01': 8}, {'J01': 29}, 
460.0, {'J01': -132.60000000000002, 'top_mgr': 3}, {'J01': 8}, {'J01': 30}, 
465.0, {'J01': -125.20000000000002, 'top_mgr': 5}, {'J01': 7}, {'J01': 29}, 
470.0, {'J01': -138.2, 'top_mgr': 8}, {'J01': 6}, {'J01': 25}, 
475.0, {'J01': -154.2, 'top_mgr': 8}, {'J01': 4}, {'J01': 20}, 
480.0, {'J01': -171.79999999999998, 'top_mgr': 8}, {'J01': 4}, {'J01': 16}, 
485.0, {'J01': -146.20000000000002, 'top_mgr': 9}, {'J01': 4}, {'J01': 14}, 
490.0, {'J01': -168.20000000000002, 'top_mgr': 4}, {'J01': 6}, {'J01': 16}, 
495.0, {'J01': -155.79999999999998, 'top_mgr': 5}, {'J01': 4}, {'J01': 16}, 
500.0, {'J01': -149.4, 'top_mgr': 4}, {'J01': 4}, {'J01': 19}, 
505.0, {'J01': -195.6, 'top_mgr': 1}, {'J01': 7}, {'J01': 29}, 
510.0, {'J01': -243.6, 'top_mgr': 1}, {'J01': 8}, {'J01': 37}, 
515.0, {'J01': -253.2, 'top_mgr': 4}, {'J01': 8}, {'J01': 39}, 
520.0, {'J01': -221.0, 'top_mgr': 9}, {'J01': 7}, {'J01': 34}, 
525.0, {'J01': -227.20000000000002, 'top_mgr': 9}, {'J01': 5}, {'J01': 30}, 
530.0, {'J01': -244.0, 'top_mgr': 7}, {'J01': 4}, {'J01': 26}, 
535.0, {'J01': -251.8, 'top_mgr': 8}, {'J01': 6}, {'J01': 23}, 
540.0, {'J01': -238.99999999999997, 'top_mgr': 6}, {'J01': 4}, {'J01': 23}, 
545.0, {'J01': -258.4, 'top_mgr': 4}, {'J01': 4}, {'J01': 26}, 
550.0, {'J01': -176.8, 'top_mgr': 6}, {'J01': 7}, {'J01': 26}, 
555.0, {'J01': -217.60000000000002, 'top_mgr': 2}, {'J01': 8}, {'J01': 34}, 
560.0, {'J01': -231.6, 'top_mgr': 2}, {'J01': 8}, {'J01': 35}, 
565.0, {'J01': -269.0, 'top_mgr': 2}, {'J01': 8}, {'J01': 37}, 
570.0, {'J01': -252.80000000000004, 'top_mgr': 9}, {'J01': 7}, {'J01': 30}, 
575.0, {'J01': -234.6, 'top_mgr': 12}, {'J01': 5}, {'J01': 21}, 
580.0, {'J01': -254.60000000000005, 'top_mgr': 10}, {'J01': 4}, {'J01': 16}, 
585.0, {'J01': -228.40000000000003, 'top_mgr': 9}, {'J01': 4}, {'J01': 12}, 
590.0, {'J01': -253.4, 'top_mgr': 7}, {'J01': 4}, {'J01': 13}, 
595.0, {'J01': -156.40000000000003, 'top_mgr': 4}, {'J01': 4}, {'J01': 12}, 
600.0, {'J01': -131.0, 'top_mgr': 2}, {'J01': 4}, {'J01': 18}, 
605.0, {'J01': -175.80000000000004, 'top_mgr': 1}, {'J01': 7}, {'J01': 30}, 
610.0, {'J01': -225.20000000000007, 'top_mgr': 3}, {'J01': 8}, {'J01': 35}, 
615.0, {'J01': -237.00000000000003, 'top_mgr': 1}, {'J01': 8}, {'J01': 35}, 
620.0, {'J01': -200.20000000000005, 'top_mgr': 5}, {'J01': 8}, {'J01': 32}, 
625.0, {'J01': -183.0, 'top_mgr': 1}, {'J01': 8}, {'J01': 34}, 
630.0, {'J01': -184.0, 'top_mgr': 8}, {'J01': 7}, {'J01': 30}, 
635.0, {'J01': -124.99999999999999, 'top_mgr': 13}, {'J01': 5}, {'J01': 20}, 
640.0, {'J01': -140.20000000000002, 'top_mgr': 10}, {'J01': 4}, {'J01': 16}, 
645.0, {'J01': -96.20000000000002, 'top_mgr': 11}, {'J01': 4}, {'J01': 12}, 
650.0, {'J01': -118.6, 'top_mgr': 7}, {'J01': 4}, {'J01': 13}, 
655.0, {'J01': -141.4, 'top_mgr': 6}, {'J01': 4}, {'J01': 14}, 
660.0, {'J01': -139.4, 'top_mgr': 2}, {'J01': 4}, {'J01': 18}, 
665.0, {'J01': -187.0, 'top_mgr': 1}, {'J01': 6}, {'J01': 29}, 
670.0, {'J01': -206.20000000000002, 'top_mgr': 2}, {'J01': 8}, {'J01': 39}, 
675.0, {'J01': -242.8, 'top_mgr': 3}, {'J01': 8}, {'J01': 37}, 
680.0, {'J01': -246.40000000000003, 'top_mgr': 2}, {'J01': 8}, {'J01': 40}, 
685.0, {'J01': -246.79999999999998, 'top_mgr': 5}, {'J01': 8}, {'J01': 40}, 
690.0, {'J01': -292.8, 'top_mgr': 1}, {'J01': 8}, {'J01': 42}, 
695.0, {'J01': -314.4, 'top_mgr': 5}, {'J01': 7}, {'J01': 39}, 
700.0, {'J01': -256.2, 'top_mgr': 14}, {'J01': 5}, {'J01': 26}, 
705.0, {'J01': -250.79999999999998, 'top_mgr': 12}, {'J01': 4}, {'J01': 21}, 
710.0, {'J01': -212.60000000000002, 'top_mgr': 8}, {'J01': 4}, {'J01': 16}, 
715.0, {'J01': -243.60000000000002, 'top_mgr': 7}, {'J01': 4}, {'J01': 15}, 
720.0, {'J01': -267.0, 'top_mgr': 4}, {'J01': 4}, {'J01': 18}, 
725.0, {'J01': -304.59999999999997, 'top_mgr': 3}, {'J01': 3}, {'J01': 22}, 
730.0, {'J01': -192.60000000000002, 'top_mgr': 7}, {'J01': 6}, {'J01': 25}, 
735.0, {'J01': -212.39999999999998, 'top_mgr': 2}, {'J01': 8}, {'J01': 29}, 
740.0, {'J01': -250.4, 'top_mgr': 0}, {'J01': 8}, {'J01': 31}, 
745.0, {'J01': -251.60000000000002, 'top_mgr': 2}, {'J01': 8}, {'J01': 33}, 
750.0, {'J01': -257.8, 'top_mgr': 10}, {'J01': 7}, {'J01': 26}, 
755.0, {'J01': -238.0, 'top_mgr': 8}, {'J01': 4}, {'J01': 20}, 
760.0, {'J01': -255.60000000000002, 'top_mgr': 8}, {'J01': 4}, {'J01': 16}, 
765.0, {'J01': -242.8, 'top_mgr': 6}, {'J01': 4}, {'J01': 12}, 
770.0, {'J01': -195.20000000000005, 'top_mgr': 2}, {'J01': 4}, {'J01': 18}, 
775.0, {'J01': -238.00000000000003, 'top_mgr': 1}, {'J01': 6}, {'J01': 27}, 
780.0, {'J01': -280.0, 'top_mgr': 2}, {'J01': 8}, {'J01': 33}, 
785.0, {'J01': -290.0, 'top_mgr': 2}, {'J01': 8}, {'J01': 35}, 
790.0, {'J01': -330.0, 'top_mgr': 2}, {'J01': 8}, {'J01': 35}, 
795.0, {'J01': -373.0, 'top_mgr': 2}, {'J01': 8}, {'J01': 37}, 
800.0, {'J01': -413.6, 'top_mgr': 2}, {'J01': 8}, {'J01': 37}, 
805.0, {'J01': -462.6, 'top_mgr': 2}, {'J01': 8}, {'J01': 40}, 
810.0, {'J01': -389.2, 'top_mgr': 8}, {'J01': 7}, {'J01': 36}, 
815.0, {'J01': -345.6, 'top_mgr': 10}, {'J01': 5}, {'J01': 27}, 
820.0, {'J01': -368.8, 'top_mgr': 8}, {'J01': 5}, {'J01': 24}, 
825.0, {'J01': -297.2, 'top_mgr': 11}, {'J01': 4}, {'J01': 19}, 
830.0, {'J01': -247.20000000000002, 'top_mgr': 3}, {'J01': 4}, {'J01': 23}, 
835.0, {'J01': -266.8, 'top_mgr': 4}, {'J01': 6}, {'J01': 27}, 
840.0, {'J01': -311.40000000000003, 'top_mgr': 2}, {'J01': 8}, {'J01': 34}, 
845.0, {'J01': -344.80000000000007, 'top_mgr': 3}, {'J01': 8}, {'J01': 35}, 
850.0, {'J01': -268.0, 'top_mgr': 7}, {'J01': 7}, {'J01': 34}, 
855.0, {'J01': -281.0, 'top_mgr': 7}, {'J01': 5}, {'J01': 30}, 
860.0, {'J01': -293.6, 'top_mgr': 6}, {'J01': 5}, {'J01': 26}, 
865.0, {'J01': -220.8, 'top_mgr': 4}, {'J01': 5}, {'J01': 30}, 
870.0, {'J01': -250.60000000000002, 'top_mgr': 3}, {'J01': 7}, {'J01': 39}, 
875.0, {'J01': -211.4, 'top_mgr': 10}, {'J01': 8}, {'J01': 38}, 
880.0, {'J01': -235.4, 'top_mgr': 3}, {'J01': 8}, {'J01': 39}, 
885.0, {'J01': -263.0, 'top_mgr': 4}, {'J01': 8}, {'J01': 38}, 
890.0, {'J01': -250.80000000000004, 'top_mgr': 4}, {'J01': 8}, {'J01': 36}, 
895.0, {'J01': -247.4, 'top_mgr': 9}, {'J01': 7}, {'J01': 29}, 
900.0, {'J01': -184.20000000000002, 'top_mgr': 13}, {'J01': 4}, {'J01': 23}, 
905.0, {'J01': -194.00000000000003, 'top_mgr': 9}, {'J01': 4}, {'J01': 21}, 
910.0, {'J01': -172.8, 'top_mgr': 7}, {'J01': 4}, {'J01': 20}, 
915.0, {'J01': -213.8, 'top_mgr': 7}, {'J01': 4}, {'J01': 23}, 
920.0, {'J01': -182.60000000000002, 'top_mgr': 8}, {'J01': 4}, {'J01': 20}, 
925.0, {'J01': -197.99999999999997, 'top_mgr': 5}, {'J01': 4}, {'J01': 25}, 
930.0, {'J01': -204.39999999999998, 'top_mgr': 7}, {'J01': 7}, {'J01': 29}, 
935.0, {'J01': -241.2, 'top_mgr': 2}, {'J01': 8}, {'J01': 32}, 
940.0, {'J01': -287.2, 'top_mgr': 0}, {'J01': 8}, {'J01': 34}, 
945.0, {'J01': -290.0, 'top_mgr': 6}, {'J01': 7}, {'J01': 29}, 
950.0, {'J01': -248.0, 'top_mgr': 12}, {'J01': 5}, {'J01': 21}, 
955.0, {'J01': -244.6, 'top_mgr': 5}, {'J01': 4}, {'J01': 22}, 
960.0, {'J01': -256.8, 'top_mgr': 8}, {'J01': 4}, {'J01': 17}, 
965.0, {'J01': -252.0, 'top_mgr': 8}, {'J01': 4}, {'J01': 14}, 
970.0, {'J01': -175.8, 'top_mgr': 8}, {'J01': 4}, {'J01': 13}, 
975.0, {'J01': -156.39999999999998, 'top_mgr': 6}, {'J01': 4}, {'J01': 15}, 
980.0, {'J01': -184.6, 'top_mgr': 4}, {'J01': 6}, {'J01': 21}, 
985.0, {'J01': -237.00000000000003, 'top_mgr': 1}, {'J01': 8}, {'J01': 35}, 
990.0, {'J01': -124.8, 'top_mgr': 9}, {'J01': 8}, {'J01': 30}, 
995.0, {'J01': -161.2, 'top_mgr': 1}, {'J01': 8}, {'J01': 33}, 
1000.0, {'J01': -205.20000000000002, 'top_mgr': 0}, {'J01': 8}, {'J01': 37}, 
1005.0, {'J01': -247.2, 'top_mgr': 0}, {'J01': 8}, {'J01': 39}, 
1010.0, {'J01': -206.2, 'top_mgr': 10}, {'J01': 7}, {'J01': 30}, 
1015.0, {'J01': -192.2, 'top_mgr': 9}, {'J01': 4}, {'J01': 25}, 
1020.0, {'J01': -217.6, 'top_mgr': 7}, {'J01': 4}, {'J01': 21}, 
1025.0, {'J01': -184.4, 'top_mgr': 8}, {'J01': 4}, {'J01': 19}, 
1030.0, {'J01': -176.6, 'top_mgr': 8}, {'J01': 4}, {'J01': 16}, 
1035.0, {'J01': -135.0, 'top_mgr': 7}, {'J01': 4}, {'J01': 17}, 
1040.0, {'J01': -171.0, 'top_mgr': 3}, {'J01': 6}, {'J01': 23}, 
1045.0, {'J01': -219.0, 'top_mgr': 1}, {'J01': 8}, {'J01': 31}, 
1050.0, {'J01': -258.2, 'top_mgr': 2}, {'J01': 8}, {'J01': 33}, 
1055.0, {'J01': -189.00000000000003, 'top_mgr': 6}, {'J01': 8}, {'J01': 28}, 
1060.0, {'J01': -186.8, 'top_mgr': 2}, {'J01': 8}, {'J01': 32}, 
1065.0, {'J01': -234.4, 'top_mgr': 0}, {'J01': 8}, {'J01': 38}, 
1070.0, {'J01': -198.60000000000002, 'top_mgr': 7}, {'J01': 7}, {'J01': 32}, 
1075.0, {'J01': -173.0, 'top_mgr': 9}, {'J01': 5}, {'J01': 24}, 
1080.0, {'J01': -198.40000000000003, 'top_mgr': 7}, {'J01': 5}, {'J01': 20}, 
1085.0, {'J01': -187.0, 'top_mgr': 7}, {'J01': 5}, {'J01': 16}, 
1090.0, {'J01': -181.0, 'top_mgr': 5}, {'J01': 5}, {'J01': 15}, 
1095.0, {'J01': -148.4, 'top_mgr': 6}, {'J01': 5}, {'J01': 12}, 
1100.0, {'J01': -142.4, 'top_mgr': 3}, {'J01': 4}, {'J01': 16}, 
1105.0, {'J01': -143.4, 'top_mgr': 5}, {'J01': 7}, {'J01': 21}, 
1110.0, {'J01': -144.6, 'top_mgr': 2}, {'J01': 8}, {'J01': 24}, 
1115.0, {'J01': -155.2, 'top_mgr': 1}, {'J01': 8}, {'J01': 28}, 
1120.0, {'J01': -136.2, 'top_mgr': 9}, {'J01': 6}, {'J01': 24}, 
1125.0, {'J01': -140.4, 'top_mgr': 8}, {'J01': 4}, {'J01': 19}, 
1130.0, {'J01': -155.60000000000002, 'top_mgr': 8}, {'J01': 4}, {'J01': 15}, 
1135.0, {'J01': -132.0, 'top_mgr': 9}, {'J01': 4}, {'J01': 12}, 
1140.0, {'J01': -154.0, 'top_mgr': 2}, {'J01': 4}, {'J01': 14}, 
1145.0, {'J01': -136.0, 'top_mgr': 3}, {'J01': 4}, {'J01': 14}, 
1150.0, {'J01': -171.79999999999998, 'top_mgr': 2}, {'J01': 6}, {'J01': 23}, 
1155.0, {'J01': -152.79999999999998, 'top_mgr': 2}, {'J01': 8}, {'J01': 30}, 
1160.0, {'J01': -160.79999999999998, 'top_mgr': 3}, {'J01': 8}, {'J01': 30}, 
1165.0, {'J01': -115.0, 'top_mgr': 5}, {'J01': 8}, {'J01': 27}, 
1170.0, {'J01': -146.0, 'top_mgr': 2}, {'J01': 8}, {'J01': 31}, 
1175.0, {'J01': -166.20000000000002, 'top_mgr': 5}, {'J01': 8}, {'J01': 31}, 
1180.0, {'J01': -136.20000000000002, 'top_mgr': 7}, {'J01': 7}, {'J01': 29}, 
1185.0, {'J01': -154.0, 'top_mgr': 10}, {'J01': 4}, {'J01': 22}, 
1190.0, {'J01': -177.6, 'top_mgr': 6}, {'J01': 4}, {'J01': 18}, 
1195.0, {'J01': -142.8, 'top_mgr': 5}, {'J01': 4}, {'J01': 17}, 
1200.0, {'J01': -138.60000000000002, 'top_mgr': 9}, {'J01': 4}, {'J01': 16}, 
1205.0, {'J01': -147.2, 'top_mgr': 5}, {'J01': 4}, {'J01': 22}, 
1210.0, {'J01': -196.60000000000002, 'top_mgr': 1}, {'J01': 6}, {'J01': 30}, 
1215.0, {'J01': -245.8, 'top_mgr': 2}, {'J01': 8}, {'J01': 36}, 
1220.0, {'J01': -260.59999999999997, 'top_mgr': 1}, {'J01': 8}, {'J01': 35}, 
1225.0, {'J01': -221.6, 'top_mgr': 4}, {'J01': 8}, {'J01': 31}, 
1230.0, {'J01': -213.40000000000003, 'top_mgr': 4}, {'J01': 8}, {'J01': 33}, 
1235.0, {'J01': -219.20000000000002, 'top_mgr': 1}, {'J01': 8}, {'J01': 39}, 
1240.0, {'J01': -229.20000000000005, 'top_mgr': 7}, {'J01': 7}, {'J01': 34}, 
1245.0, {'J01': -163.60000000000002, 'top_mgr': 15}, {'J01': 4}, {'J01': 22}, 
1250.0, {'J01': -187.8, 'top_mgr': 8}, {'J01': 4}, {'J01': 19}, 
1255.0, {'J01': -153.8, 'top_mgr': 9}, {'J01': 4}, {'J01': 16}, 
1260.0, {'J01': -185.8, 'top_mgr': 8}, {'J01': 4}, {'J01': 18}, 
1265.0, {'J01': -138.20000000000002, 'top_mgr': 12}, {'J01': 3}, {'J01': 16}, 
1270.0, {'J01': -150.4, 'top_mgr': 5}, {'J01': 3}, {'J01': 21}, 
1275.0, {'J01': -149.8, 'top_mgr': 4}, {'J01': 6}, {'J01': 24}, 
1280.0, {'J01': -147.0, 'top_mgr': 4}, {'J01': 8}, {'J01': 30}, 
1285.0, {'J01': -166.40000000000003, 'top_mgr': 5}, {'J01': 8}, {'J01': 29}, 
1290.0, {'J01': -169.4, 'top_mgr': 6}, {'J01': 8}, {'J01': 30}, 
1295.0, {'J01': -198.0, 'top_mgr': 6}, {'J01': 8}, {'J01': 30}, 
1300.0, {'J01': -197.80000000000004, 'top_mgr': 9}, {'J01': 6}, {'J01': 26}, 
1305.0, {'J01': -219.00000000000003, 'top_mgr': 7}, {'J01': 4}, {'J01': 22}, 
1310.0, {'J01': -238.4, 'top_mgr': 5}, {'J01': 4}, {'J01': 17}, 
1315.0, {'J01': -186.2, 'top_mgr': 4}, {'J01': 4}, {'J01': 14}, 
1320.0, {'J01': -146.8, 'top_mgr': 5}, {'J01': 4}, {'J01': 12}, 
1325.0, {'J01': -172.60000000000002, 'top_mgr': 1}, {'J01': 3}, {'J01': 15}, 
1330.0, {'J01': -175.60000000000002, 'top_mgr': 4}, {'J01': 4}, {'J01': 19}, 
1335.0, {'J01': -183.39999999999998, 'top_mgr': 3}, {'J01': 7}, {'J01': 28}, 
1340.0, {'J01': -196.8, 'top_mgr': 1}, {'J01': 8}, {'J01': 33}, 
1345.0, {'J01': -237.8, 'top_mgr': 0}, {'J01': 8}, {'J01': 34}, 
1350.0, {'J01': -236.39999999999998, 'top_mgr': 6}, {'J01': 7}, {'J01': 28}, 
1355.0, {'J01': -223.39999999999998, 'top_mgr': 10}, {'J01': 4}, {'J01': 20}, 
1360.0, {'J01': -245.0, 'top_mgr': 6}, {'J01': 4}, {'J01': 16}, 
1365.0, {'J01': -223.0, 'top_mgr': 7}, {'J01': 4}, {'J01': 13}, 
1370.0, {'J01': -225.4, 'top_mgr': 4}, {'J01': 4}, {'J01': 16}, 
1375.0, {'J01': -186.80000000000004, 'top_mgr': 5}, {'J01': 4}, {'J01': 20}, 
1380.0, {'J01': -224.00000000000003, 'top_mgr': 1}, {'J01': 7}, {'J01': 26}, 
1385.0, {'J01': -176.0, 'top_mgr': 2}, {'J01': 8}, {'J01': 29}, 
1390.0, {'J01': -157.20000000000002, 'top_mgr': 5}, {'J01': 8}, {'J01': 27}, 
1395.0, {'J01': -184.6, 'top_mgr': 4}, {'J01': 8}, {'J01': 28}, 
1400.0, {'J01': -141.8, 'top_mgr': 10}, {'J01': 6}, {'J01': 21}, 
1405.0, {'J01': -148.60000000000002, 'top_mgr': 11}, {'J01': 4}, {'J01': 17}, 
1410.0, {'J01': -139.4, 'top_mgr': 6}, {'J01': 4}, {'J01': 12}, 
1415.0, {'J01': -135.0, 'top_mgr': 5}, {'J01': 4}, {'J01': 12}, 
1420.0, {'J01': -153.0, 'top_mgr': 3}, {'J01': 4}, {'J01': 14}, 
1425.0, {'J01': -107.39999999999998, 'top_mgr': 4}, {'J01': 4}, {'J01': 17}, 
1430.0, {'J01': -152.8, 'top_mgr': 1}, {'J01': 7}, {'J01': 27}, 
1435.0, {'J01': -199.20000000000002, 'top_mgr': 1}, {'J01': 8}, {'J01': 32}, 
1440.0, {'J01': -245.8, 'top_mgr': 2}, {'J01': 8}, {'J01': 34}, 
1445.0, {'J01': -262.2, 'top_mgr': 2}, {'J01': 8}, {'J01': 36}, 
1450.0, {'J01': -167.79999999999998, 'top_mgr': 7}, {'J01': 8}, {'J01': 31}, 
1455.0, {'J01': -200.0, 'top_mgr': 2}, {'J01': 8}, {'J01': 34}, 
1460.0, {'J01': -209.6, 'top_mgr': 3}, {'J01': 8}, {'J01': 36}, 
1465.0, {'J01': -221.8, 'top_mgr': 4}, {'J01': 8}, {'J01': 36}, 
1470.0, {'J01': -264.00000000000006, 'top_mgr': 5}, {'J01': 8}, {'J01': 37}, 
1475.0, {'J01': -265.0, 'top_mgr': 6}, {'J01': 7}, {'J01': 32}, 
1480.0, {'J01': -249.0, 'top_mgr': 11}, {'J01': 5}, {'J01': 25}, 
1485.0, {'J01': -280.8, 'top_mgr': 9}, {'J01': 4}, {'J01': 20}, 
1490.0, {'J01': -219.4, 'top_mgr': 8}, {'J01': 4}, {'J01': 15}, 
1495.0, {'J01': -230.80000000000004, 'top_mgr': 4}, {'J01': 4}, {'J01': 18}, 
1500.0, {'J01': -201.8, 'top_mgr': 4}, {'J01': 4}, {'J01': 24}, 
1505.0, {'J01': -211.8, 'top_mgr': 3}, {'J01': 6}, {'J01': 30}, 
1510.0, {'J01': -260.0, 'top_mgr': 2}, {'J01': 8}, {'J01': 37}, 
1515.0, {'J01': -283.79999999999995, 'top_mgr': 4}, {'J01': 8}, {'J01': 36}, 
1520.0, {'J01': -320.0, 'top_mgr': 3}, {'J01': 8}, {'J01': 34}, 
1525.0, {'J01': -323.40000000000003, 'top_mgr': 5}, {'J01': 7}, {'J01': 35}, 
1530.0, {'J01': -350.6000000000001, 'top_mgr': 12}, {'J01': 5}, {'J01': 29}, 
1535.0, {'J01': -384.0, 'top_mgr': 7}, {'J01': 4}, {'J01': 25}, 
1540.0, {'J01': -355.0, 'top_mgr': 9}, {'J01': 4}, {'J01': 19}, 
1545.0, {'J01': -285.2, 'top_mgr': 4}, {'J01': 4}, {'J01': 19}, 
1550.0, {'J01': -337.0, 'top_mgr': 0}, {'J01': 6}, {'J01': 32}, 
1555.0, {'J01': -379.20000000000005, 'top_mgr': 2}, {'J01': 8}, {'J01': 38}, 
1560.0, {'J01': -397.20000000000005, 'top_mgr': 2}, {'J01': 8}, {'J01': 40}, 
1565.0, {'J01': -329.00000000000006, 'top_mgr': 7}, {'J01': 8}, {'J01': 37}, 
1570.0, {'J01': -334.80000000000007, 'top_mgr': 1}, {'J01': 8}, {'J01': 38}, 
1575.0, {'J01': -357.2, 'top_mgr': 3}, {'J01': 8}, {'J01': 39}, 
1580.0, {'J01': -394.20000000000005, 'top_mgr': 3}, {'J01': 8}, {'J01': 37}, 
1585.0, {'J01': -339.0, 'top_mgr': 6}, {'J01': 7}, {'J01': 31}, 
1590.0, {'J01': -311.6, 'top_mgr': 14}, {'J01': 5}, {'J01': 24}, 
1595.0, {'J01': -337.40000000000003, 'top_mgr': 8}, {'J01': 4}, {'J01': 21}, 
1600.0, {'J01': -292.0, 'top_mgr': 8}, {'J01': 4}, {'J01': 18}, 
1605.0, {'J01': -198.4, 'top_mgr': 5}, {'J01': 4}, {'J01': 16}, 
1610.0, {'J01': -154.80000000000004, 'top_mgr': 5}, {'J01': 4}, {'J01': 19}, 
1615.0, {'J01': -130.8, 'top_mgr': 4}, {'J01': 6}, {'J01': 24}, 
1620.0, {'J01': -149.60000000000002, 'top_mgr': 2}, {'J01': 8}, {'J01': 30}, 
1625.0, {'J01': -167.00000000000003, 'top_mgr': 4}, {'J01': 8}, {'J01': 31}, 
1630.0, {'J01': -162.8, 'top_mgr': 9}, {'J01': 6}, {'J01': 25}, 
1635.0, {'J01': -166.79999999999998, 'top_mgr': 12}, {'J01': 4}, {'J01': 20}, 
1640.0, {'J01': -174.8, 'top_mgr': 6}, {'J01': 4}, {'J01': 17}, 
1645.0, {'J01': -166.40000000000003, 'top_mgr': 6}, {'J01': 4}, {'J01': 16}, 
1650.0, {'J01': -128.6, 'top_mgr': 4}, {'J01': 4}, {'J01': 21}, 
1655.0, {'J01': -161.6, 'top_mgr': 5}, {'J01': 6}, {'J01': 25}, 
1660.0, {'J01': -139.8, 'top_mgr': 6}, {'J01': 8}, {'J01': 32}, 
1665.0, {'J01': -168.2, 'top_mgr': 3}, {'J01': 8}, {'J01': 35}, 
1670.0, {'J01': -155.8, 'top_mgr': 3}, {'J01': 8}, {'J01': 36}, 
1675.0, {'J01': -192.8, 'top_mgr': 0}, {'J01': 8}, {'J01': 37}, 
1680.0, {'J01': -204.00000000000003, 'top_mgr': 7}, {'J01': 7}, {'J01': 31}, 
1685.0, {'J01': -148.4, 'top_mgr': 12}, {'J01': 4}, {'J01': 21}, 
1690.0, {'J01': -175.0, 'top_mgr': 7}, {'J01': 4}, {'J01': 20}, 
1695.0, {'J01': -150.8, 'top_mgr': 7}, {'J01': 5}, {'J01': 18}, 
1700.0, {'J01': -181.8, 'top_mgr': 6}, {'J01': 5}, {'J01': 19}, 
1705.0, {'J01': -173.4, 'top_mgr': 6}, {'J01': 4}, {'J01': 17}, 
1710.0, {'J01': -212.60000000000002, 'top_mgr': 2}, {'J01': 3}, {'J01': 22}, 
1715.0, {'J01': -136.20000000000002, 'top_mgr': 10}, {'J01': 6}, {'J01': 22}, 
1720.0, {'J01': -177.20000000000002, 'top_mgr': 3}, {'J01': 8}, {'J01': 27}, 
1725.0, {'J01': -165.4, 'top_mgr': 3}, {'J01': 8}, {'J01': 28}, 
1730.0, {'J01': -208.2, 'top_mgr': 0}, {'J01': 8}, {'J01': 32}, 
1735.0, {'J01': -227.60000000000002, 'top_mgr': 6}, {'J01': 7}, {'J01': 30}, 
1740.0, {'J01': -206.2, 'top_mgr': 9}, {'J01': 5}, {'J01': 25}, 
1745.0, {'J01': -234.8, 'top_mgr': 7}, {'J01': 4}, {'J01': 21}, 
1750.0, {'J01': -218.8, 'top_mgr': 6}, {'J01': 4}, {'J01': 17}, 
1755.0, {'J01': -149.8, 'top_mgr': 5}, {'J01': 4}, {'J01': 17}, 
1760.0, {'J01': -154.8, 'top_mgr': 2}, {'J01': 4}, {'J01': 22}, 
1765.0, {'J01': -192.00000000000003, 'top_mgr': 6}, {'J01': 7}, {'J01': 30}, 
1770.0, {'J01': -158.4, 'top_mgr': 6}, {'J01': 8}, {'J01': 30}, 
1775.0, {'J01': -137.20000000000002, 'top_mgr': 3}, {'J01': 8}, {'J01': 33}, 
1780.0, {'J01': -188.60000000000002, 'top_mgr': 0}, {'J01': 8}, {'J01': 39}, 
1785.0, {'J01': -187.60000000000002, 'top_mgr': 8}, {'J01': 7}, {'J01': 32}, 
1790.0, {'J01': -174.00000000000003, 'top_mgr': 12}, {'J01': 4}, {'J01': 22}, 
1795.0, {'J01': -201.60000000000002, 'top_mgr': 8}, {'J01': 4}, {'J01': 18}, 
1800.0, {'J01': -182.60000000000002, 'top_mgr': 8}, {'J01': 4}, {'J01': 16}, 
1805.0, {'J01': -128.8, 'top_mgr': 6}, {'J01': 4}, {'J01': 14}, 
1810.0, {'J01': -131.4, 'top_mgr': 3}, {'J01': 4}, {'J01': 20}, 
1815.0, {'J01': -176.8, 'top_mgr': 1}, {'J01': 7}, {'J01': 30}, 
1820.0, {'J01': -225.00000000000003, 'top_mgr': 2}, {'J01': 8}, {'J01': 37}, 
1825.0, {'J01': -242.2, 'top_mgr': 1}, {'J01': 8}, {'J01': 39}, 
1830.0, {'J01': -173.20000000000005, 'top_mgr': 6}, {'J01': 8}, {'J01': 33}, 
1835.0, {'J01': -180.8, 'top_mgr': 2}, {'J01': 8}, {'J01': 36}, 
1840.0, {'J01': -174.60000000000002, 'top_mgr': 8}, {'J01': 7}, {'J01': 31}, 
1845.0, {'J01': -120.80000000000001, 'top_mgr': 13}, {'J01': 4}, {'J01': 19}, 
1850.0, {'J01': -140.20000000000002, 'top_mgr': 8}, {'J01': 4}, {'J01': 16}, 
1855.0, {'J01': -101.20000000000002, 'top_mgr': 9}, {'J01': 4}, {'J01': 13}, 
1860.0, {'J01': -128.0, 'top_mgr': 4}, {'J01': 4}, {'J01': 14}, 
1865.0, {'J01': -129.60000000000002, 'top_mgr': 5}, {'J01': 4}, {'J01': 14}, 
1870.0, {'J01': -122.8, 'top_mgr': 6}, {'J01': 4}, {'J01': 15}, 
1875.0, {'J01': -163.6, 'top_mgr': 1}, {'J01': 5}, {'J01': 23}, 
1880.0, {'J01': -208.99999999999997, 'top_mgr': 2}, {'J01': 8}, {'J01': 31}, 
1885.0, {'J01': -155.6, 'top_mgr': 4}, {'J01': 8}, {'J01': 31}, 
1890.0, {'J01': -149.2, 'top_mgr': 4}, {'J01': 8}, {'J01': 31}, 
1895.0, {'J01': -174.4, 'top_mgr': 1}, {'J01': 8}, {'J01': 36}, 
1900.0, {'J01': -173.4, 'top_mgr': 6}, {'J01': 7}, {'J01': 30}, 
1905.0, {'J01': -128.60000000000002, 'top_mgr': 12}, {'J01': 4}, {'J01': 20}, 
1910.0, {'J01': -150.4, 'top_mgr': 7}, {'J01': 4}, {'J01': 19}, 
1915.0, {'J01': -122.39999999999999, 'top_mgr': 6}, {'J01': 4}, {'J01': 17}, 
1920.0, {'J01': -150.4, 'top_mgr': 6}, {'J01': 6}, {'J01': 21}, 
1925.0, {'J01': -144.20000000000002, 'top_mgr': 5}, {'J01': 4}, {'J01': 18}, 
1930.0, {'J01': -143.8, 'top_mgr': 3}, {'J01': 6}, {'J01': 25}, 
1935.0, {'J01': -185.4, 'top_mgr': 1}, {'J01': 7}, {'J01': 33}, 
1940.0, {'J01': -225.0, 'top_mgr': 3}, {'J01': 8}, {'J01': 35}, 
1945.0, {'J01': -217.8, 'top_mgr': 5}, {'J01': 8}, {'J01': 31}, 
1950.0, {'J01': -182.40000000000003, 'top_mgr': 4}, {'J01': 8}, {'J01': 29}, 
1955.0, {'J01': -182.20000000000002, 'top_mgr': 3}, {'J01': 8}, {'J01': 33}, 
1960.0, {'J01': -226.4, 'top_mgr': 0}, {'J01': 8}, {'J01': 37}, 
1965.0, {'J01': -235.6, 'top_mgr': 5}, {'J01': 7}, {'J01': 36}, 
1970.0, {'J01': -168.0, 'top_mgr': 16}, {'J01': 4}, {'J01': 23}, 
1975.0, {'J01': -191.8, 'top_mgr': 8}, {'J01': 4}, {'J01': 19}, 
1980.0, {'J01': -156.8, 'top_mgr': 9}, {'J01': 4}, {'J01': 18}, 
1985.0, {'J01': -164.4, 'top_mgr': 7}, {'J01': 4}, {'J01': 17}, 
1990.0, {'J01': -203.0, 'top_mgr': 3}, {'J01': 4}, {'J01': 20}, 
1995.0, {'J01': -219.40000000000003, 'top_mgr': 5}, {'J01': 6}, {'J01': 28}, 
2000.0, {'J01': -229.20000000000005, 'top_mgr': 5}, {'J01': 8}, {'J01': 29}, 
2005.0, {'J01': -173.0, 'top_mgr': 6}, {'J01': 8}, {'J01': 25}, 
2010.0, {'J01': -210.00000000000003, 'top_mgr': 2}, {'J01': 8}, {'J01': 28}, 
2015.0, {'J01': -215.00000000000003, 'top_mgr': 2}, {'J01': 8}, {'J01': 30}, 
2020.0, {'J01': -200.40000000000003, 'top_mgr': 7}, {'J01': 7}, {'J01': 26}, 
2025.0, {'J01': -205.60000000000002, 'top_mgr': 8}, {'J01': 5}, {'J01': 22}, 
2030.0, {'J01': -227.8, 'top_mgr': 8}, {'J01': 4}, {'J01': 18}, 
2035.0, {'J01': -162.8, 'top_mgr': 6}, {'J01': 4}, {'J01': 14}, 
2040.0, {'J01': -161.8, 'top_mgr': 5}, {'J01': 4}, {'J01': 15}, 
2045.0, {'J01': -160.8, 'top_mgr': 3}, {'J01': 4}, {'J01': 15}, 
2050.0, {'J01': -152.20000000000002, 'top_mgr': 6}, {'J01': 3}, {'J01': 13}, 
2055.0, {'J01': -155.2, 'top_mgr': 5}, {'J01': 4}, {'J01': 16}, 
2060.0, {'J01': -164.8, 'top_mgr': 3}, {'J01': 7}, {'J01': 24}, 
2065.0, {'J01': -188.8, 'top_mgr': 3}, {'J01': 8}, {'J01': 30}, 
2070.0, {'J01': -231.79999999999995, 'top_mgr': 1}, {'J01': 8}, {'J01': 32}, 
2075.0, {'J01': -218.20000000000005, 'top_mgr': 7}, {'J01': 7}, {'J01': 27}, 
2080.0, {'J01': -236.00000000000006, 'top_mgr': 11}, {'J01': 4}, {'J01': 21}, 
2085.0, {'J01': -259.40000000000003, 'top_mgr': 4}, {'J01': 4}, {'J01': 17}, 
2090.0, {'J01': -221.80000000000004, 'top_mgr': 4}, {'J01': 4}, {'J01': 14}, 
2095.0, {'J01': -215.80000000000004, 'top_mgr': 4}, {'J01': 4}, {'J01': 17}, 
2100.0, {'J01': -254.20000000000002, 'top_mgr': 2}, {'J01': 6}, {'J01': 26}, 
2105.0, {'J01': -190.8, 'top_mgr': 6}, {'J01': 8}, {'J01': 30}, 
2110.0, {'J01': -156.4, 'top_mgr': 4}, {'J01': 8}, {'J01': 29}, 
2115.0, {'J01': -174.0, 'top_mgr': 4}, {'J01': 8}, {'J01': 29}, 
2120.0, {'J01': -189.0, 'top_mgr': 5}, {'J01': 8}, {'J01': 29}, 
2125.0, {'J01': -198.20000000000002, 'top_mgr': 4}, {'J01': 8}, {'J01': 30}, 
2130.0, {'J01': -134.0, 'top_mgr': 11}, {'J01': 6}, {'J01': 25}, 
2135.0, {'J01': -154.4, 'top_mgr': 8}, {'J01': 4}, {'J01': 24}, 
2140.0, {'J01': -172.4, 'top_mgr': 9}, {'J01': 4}, {'J01': 18}, 
2145.0, {'J01': -136.4, 'top_mgr': 7}, {'J01': 4}, {'J01': 16}, 
2150.0, {'J01': -138.60000000000002, 'top_mgr': 6}, {'J01': 4}, {'J01': 16}, 
2155.0, {'J01': -147.20000000000002, 'top_mgr': 6}, {'J01': 3}, {'J01': 16}, 
2160.0, {'J01': -109.0, 'top_mgr': 5}, {'J01': 6}, {'J01': 24}, 
2165.0, {'J01': -146.4, 'top_mgr': 4}, {'J01': 8}, {'J01': 29}, 
2170.0, {'J01': -189.60000000000002, 'top_mgr': 2}, {'J01': 8}, {'J01': 35}, 
2175.0, {'J01': -237.60000000000002, 'top_mgr': 0}, {'J01': 8}, {'J01': 39}, 
2180.0, {'J01': -287.40000000000003, 'top_mgr': 0}, {'J01': 8}, {'J01': 44}, 
2185.0, {'J01': -283.6, 'top_mgr': 12}, {'J01': 6}, {'J01': 34}, 
2190.0, {'J01': -255.00000000000003, 'top_mgr': 14}, {'J01': 4}, {'J01': 23}, 
2195.0, {'J01': -239.2, 'top_mgr': 8}, {'J01': 4}, {'J01': 20}, 
2200.0, {'J01': -249.19999999999996, 'top_mgr': 6}, {'J01': 4}, {'J01': 19}, 
2205.0, {'J01': -277.40000000000003, 'top_mgr': 7}, {'J01': 4}, {'J01': 17}, 
2210.0, {'J01': -167.6, 'top_mgr': 5}, {'J01': 4}, {'J01': 18}, 
2215.0, {'J01': -221.6, 'top_mgr': 0}, {'J01': 4}, {'J01': 28}, 
2220.0, {'J01': -202.60000000000002, 'top_mgr': 6}, {'J01': 6}, {'J01': 29}, 
2225.0, {'J01': -157.4, 'top_mgr': 4}, {'J01': 8}, {'J01': 30}, 
2230.0, {'J01': -190.00000000000003, 'top_mgr': 2}, {'J01': 8}, {'J01': 33}, 
2235.0, {'J01': -220.20000000000002, 'top_mgr': 3}, {'J01': 8}, {'J01': 33}, 
2240.0, {'J01': -188.8, 'top_mgr': 11}, {'J01': 7}, {'J01': 25}, 
2245.0, {'J01': -202.8, 'top_mgr': 9}, {'J01': 4}, {'J01': 19}, 
2250.0, {'J01': -220.20000000000005, 'top_mgr': 8}, {'J01': 4}, {'J01': 15}, 
2255.0, {'J01': -194.60000000000002, 'top_mgr': 8}, {'J01': 4}, {'J01': 12}, 
2260.0, {'J01': -135.20000000000002, 'top_mgr': 6}, {'J01': 4}, {'J01': 14}, 
2265.0, {'J01': -128.0, 'top_mgr': 2}, {'J01': 4}, {'J01': 21}, 
2270.0, {'J01': -171.79999999999998, 'top_mgr': 1}, {'J01': 7}, {'J01': 31}, 
2275.0, {'J01': -217.0, 'top_mgr': 1}, {'J01': 8}, {'J01': 37}, 
2280.0, {'J01': -141.0, 'top_mgr': 7}, {'J01': 8}, {'J01': 33}, 
2285.0, {'J01': -165.79999999999998, 'top_mgr': 3}, {'J01': 8}, {'J01': 35}, 
2290.0, {'J01': -205.79999999999998, 'top_mgr': 0}, {'J01': 8}, {'J01': 39}, 
2295.0, {'J01': -211.8, 'top_mgr': 8}, {'J01': 7}, {'J01': 33}, 
2300.0, {'J01': -120.2, 'top_mgr': 15}, {'J01': 4}, {'J01': 19}, 
2305.0, {'J01': -138.60000000000002, 'top_mgr': 10}, {'J01': 4}, {'J01': 16}, 
2310.0, {'J01': -107.0, 'top_mgr': 7}, {'J01': 4}, {'J01': 15}, 
2315.0, {'J01': -135.0, 'top_mgr': 6}, {'J01': 4}, {'J01': 15}, 
2320.0, {'J01': -164.0, 'top_mgr': 6}, {'J01': 4}, {'J01': 16}, 
2325.0, {'J01': -155.60000000000002, 'top_mgr': 9}, {'J01': 4}, {'J01': 13}, 
2330.0, {'J01': -158.8, 'top_mgr': 3}, {'J01': 4}, {'J01': 18}, 
2335.0, {'J01': -198.79999999999998, 'top_mgr': 3}, {'J01': 6}, {'J01': 25}, 
2340.0, {'J01': -144.4, 'top_mgr': 4}, {'J01': 8}, {'J01': 30}, 
2345.0, {'J01': -185.0, 'top_mgr': 0}, {'J01': 8}, {'J01': 34}, 
2350.0, {'J01': -200.4, 'top_mgr': 7}, {'J01': 7}, {'J01': 29}, 
2355.0, {'J01': -168.60000000000002, 'top_mgr': 9}, {'J01': 5}, {'J01': 20}, 
2360.0, {'J01': -186.4, 'top_mgr': 8}, {'J01': 4}, {'J01': 17}, 
2365.0, {'J01': -187.0, 'top_mgr': 6}, {'J01': 4}, {'J01': 14}, 
2370.0, {'J01': -159.20000000000002, 'top_mgr': 4}, {'J01': 4}, {'J01': 16}, 
2375.0, {'J01': -120.80000000000001, 'top_mgr': 3}, {'J01': 4}, {'J01': 20}, 
2380.0, {'J01': -144.2, 'top_mgr': 5}, {'J01': 7}, {'J01': 25}, 
2385.0, {'J01': -121.80000000000001, 'top_mgr': 4}, {'J01': 8}, {'J01': 27}, 
2390.0, {'J01': -134.8, 'top_mgr': 3}, {'J01': 8}, {'J01': 30}, 
2395.0, {'J01': -158.39999999999998, 'top_mgr': 2}, {'J01': 8}, {'J01': 31}, 
2400.0, {'J01': -156.59999999999997, 'top_mgr': 7}, {'J01': 7}, {'J01': 28}, 
2405.0, {'J01': -119.40000000000002, 'top_mgr': 13}, {'J01': 4}, {'J01': 18}, 
2410.0, {'J01': -135.0, 'top_mgr': 11}, {'J01': 4}, {'J01': 14}, 
2415.0, {'J01': -100.80000000000001, 'top_mgr': 7}, {'J01': 4}, {'J01': 10}, 
2420.0, {'J01': -116.80000000000001, 'top_mgr': 8}, {'J01': 4}, {'J01': 10}, 
2425.0, {'J01': -132.8, 'top_mgr': 6}, {'J01': 4}, {'J01': 10}, 
2430.0, {'J01': -114.99999999999999, 'top_mgr': 5}, {'J01': 4}, {'J01': 11}, 
2435.0, {'J01': -139.39999999999998, 'top_mgr': 4}, {'J01': 3}, {'J01': 17}, 
2440.0, {'J01': -135.8, 'top_mgr': 2}, {'J01': 6}, {'J01': 23}, 
2445.0, {'J01': -175.60000000000005, 'top_mgr': 1}, {'J01': 8}, {'J01': 29}, 
2450.0, {'J01': -118.00000000000001, 'top_mgr': 7}, {'J01': 8}, {'J01': 30}, 
2455.0, {'J01': -150.40000000000003, 'top_mgr': 2}, {'J01': 8}, {'J01': 33}, 
2460.0, {'J01': -146.2, 'top_mgr': 5}, {'J01': 7}, {'J01': 30}, 
2465.0, {'J01': -136.8, 'top_mgr': 10}, {'J01': 5}, {'J01': 24}, 
2470.0, {'J01': -115.4, 'top_mgr': 12}, {'J01': 4}, {'J01': 17}, 
2475.0, {'J01': -104.8, 'top_mgr': 10}, {'J01': 4}, {'J01': 12}, 
2480.0, {'J01': -96.2, 'top_mgr': 5}, {'J01': 4}, {'J01': 12}, 
2485.0, {'J01': -114.60000000000001, 'top_mgr': 6}, {'J01': 4}, {'J01': 13}, 
2490.0, {'J01': -129.60000000000002, 'top_mgr': 4}, {'J01': 4}, {'J01': 15}, 
2495.0, {'J01': -125.60000000000002, 'top_mgr': 8}, {'J01': 3}, {'J01': 14}, 
2500.0, {'J01': -172.40000000000003, 'top_mgr': 0}, {'J01': 6}, {'J01': 23}, 
2505.0, {'J01': -173.0, 'top_mgr': 3}, {'J01': 8}, {'J01': 32}, 
2510.0, {'J01': -212.20000000000002, 'top_mgr': 1}, {'J01': 8}, {'J01': 32}, 
2515.0, {'J01': -220.8, 'top_mgr': 1}, {'J01': 8}, {'J01': 33}, 
2520.0, {'J01': -265.8, 'top_mgr': 0}, {'J01': 8}, {'J01': 38}, 
2525.0, {'J01': -309.99999999999994, 'top_mgr': 0}, {'J01': 8}, {'J01': 41}, 
2530.0, {'J01': -294.99999999999994, 'top_mgr': 7}, {'J01': 8}, {'J01': 37}, 
2535.0, {'J01': -265.2, 'top_mgr': 8}, {'J01': 7}, {'J01': 31}, 
2540.0, {'J01': -286.4, 'top_mgr': 11}, {'J01': 5}, {'J01': 28}, 
2545.0, {'J01': -310.0, 'top_mgr': 7}, {'J01': 5}, {'J01': 23}, 
2550.0, {'J01': -268.20000000000005, 'top_mgr': 6}, {'J01': 5}, {'J01': 20}, 
2555.0, {'J01': -258.20000000000005, 'top_mgr': 7}, {'J01': 4}, {'J01': 17}, 
2560.0, {'J01': -206.20000000000002, 'top_mgr': 6}, {'J01': 4}, {'J01': 17}, 
2565.0, {'J01': -213.20000000000002, 'top_mgr': 3}, {'J01': 6}, {'J01': 24}, 
2570.0, {'J01': -214.80000000000004, 'top_mgr': 5}, {'J01': 8}, {'J01': 33}, 
2575.0, {'J01': -205.40000000000003, 'top_mgr': 1}, {'J01': 8}, {'J01': 36}, 
2580.0, {'J01': -178.20000000000002, 'top_mgr': 7}, {'J01': 7}, {'J01': 30}, 
2585.0, {'J01': -146.60000000000002, 'top_mgr': 15}, {'J01': 4}, {'J01': 18}, 
2590.0, {'J01': -157.4, 'top_mgr': 6}, {'J01': 4}, {'J01': 15}, 
2595.0, {'J01': -167.40000000000003, 'top_mgr': 5}, {'J01': 4}, {'J01': 13}, 
2600.0, {'J01': -193.0, 'top_mgr': 4}, {'J01': 4}, {'J01': 15}, 
2605.0, {'J01': -232.0, 'top_mgr': 3}, {'J01': 5}, {'J01': 22}, 
2610.0, {'J01': -219.20000000000005, 'top_mgr': 5}, {'J01': 7}, {'J01': 27}, 
2615.0, {'J01': -241.8, 'top_mgr': 6}, {'J01': 5}, {'J01': 24}, 
2620.0, {'J01': -249.60000000000002, 'top_mgr': 5}, {'J01': 4}, {'J01': 20}, 
2625.0, {'J01': -180.79999999999998, 'top_mgr': 5}, {'J01': 4}, {'J01': 17}, 
2630.0, {'J01': -128.0, 'top_mgr': 5}, {'J01': 7}, {'J01': 22}, 
2635.0, {'J01': -137.0, 'top_mgr': 3}, {'J01': 8}, {'J01': 29}, 
2640.0, {'J01': -187.0, 'top_mgr': 0}, {'J01': 8}, {'J01': 34}, 
2645.0, {'J01': -193.6, 'top_mgr': 5}, {'J01': 7}, {'J01': 32}, 
2650.0, {'J01': -178.4, 'top_mgr': 10}, {'J01': 4}, {'J01': 26}, 
2655.0, {'J01': -210.0, 'top_mgr': 6}, {'J01': 4}, {'J01': 22}, 
2660.0, {'J01': -204.8, 'top_mgr': 7}, {'J01': 4}, {'J01': 21}, 
2665.0, {'J01': -241.79999999999998, 'top_mgr': 6}, {'J01': 5}, {'J01': 22}, 
2670.0, {'J01': -230.60000000000002, 'top_mgr': 9}, {'J01': 4}, {'J01': 20}, 
2675.0, {'J01': -217.8, 'top_mgr': 2}, {'J01': 4}, {'J01': 26}, 
2680.0, {'J01': -243.8, 'top_mgr': 1}, {'J01': 7}, {'J01': 35}, 
2685.0, {'J01': -295.40000000000003, 'top_mgr': 2}, {'J01': 8}, {'J01': 44}, 
2690.0, {'J01': -337.8, 'top_mgr': 3}, {'J01': 8}, {'J01': 42}, 
2695.0, {'J01': -279.0, 'top_mgr': 8}, {'J01': 8}, {'J01': 37}, 
2700.0, {'J01': -226.8, 'top_mgr': 5}, {'J01': 8}, {'J01': 35}, 
2705.0, {'J01': -265.4, 'top_mgr': 2}, {'J01': 8}, {'J01': 37}, 
2710.0, {'J01': -308.2, 'top_mgr': 1}, {'J01': 8}, {'J01': 39}, 
2715.0, {'J01': -267.4, 'top_mgr': 11}, {'J01': 7}, {'J01': 30}, 
2720.0, {'J01': -213.8, 'top_mgr': 8}, {'J01': 5}, {'J01': 22}, 
2725.0, {'J01': -235.2, 'top_mgr': 11}, {'J01': 4}, {'J01': 17}, 
2730.0, {'J01': -186.0, 'top_mgr': 6}, {'J01': 4}, {'J01': 13}, 
2735.0, {'J01': -172.2, 'top_mgr': 5}, {'J01': 4}, {'J01': 14}, 
2740.0, {'J01': -121.00000000000001, 'top_mgr': 4}, {'J01': 4}, {'J01': 17}, 
2745.0, {'J01': -156.8, 'top_mgr': 1}, {'J01': 6}, {'J01': 25}, 
2750.0, {'J01': -199.60000000000002, 'top_mgr': 2}, {'J01': 8}, {'J01': 32}, 
2755.0, {'J01': -197.8, 'top_mgr': 2}, {'J01': 8}, {'J01': 30}, 
2760.0, {'J01': -195.20000000000005, 'top_mgr': 1}, {'J01': 8}, {'J01': 32}, 
2765.0, {'J01': -236.79999999999998, 'top_mgr': 0}, {'J01': 8}, {'J01': 37}, 
2770.0, {'J01': -237.2, 'top_mgr': 7}, {'J01': 7}, {'J01': 32}, 
2775.0, {'J01': -183.2, 'top_mgr': 11}, {'J01': 5}, {'J01': 23}, 
2780.0, {'J01': -204.0, 'top_mgr': 10}, {'J01': 5}, {'J01': 19}, 
2785.0, {'J01': -174.99999999999997, 'top_mgr': 8}, {'J01': 5}, {'J01': 16}, 
2790.0, {'J01': -162.20000000000002, 'top_mgr': 5}, {'J01': 5}, {'J01': 17}, 
2795.0, {'J01': -203.20000000000005, 'top_mgr': 2}, {'J01': 4}, {'J01': 23}, 
2800.0, {'J01': -155.0, 'top_mgr': 8}, {'J01': 7}, {'J01': 27}, 
2805.0, {'J01': -191.20000000000002, 'top_mgr': 2}, {'J01': 8}, {'J01': 30}, 
2810.0, {'J01': -204.00000000000003, 'top_mgr': 2}, {'J01': 8}, {'J01': 29}, 
2815.0, {'J01': -196.0, 'top_mgr': 6}, {'J01': 7}, {'J01': 28}, 
2820.0, {'J01': -158.20000000000002, 'top_mgr': 12}, {'J01': 4}, {'J01': 18}, 
2825.0, {'J01': -175.60000000000002, 'top_mgr': 7}, {'J01': 4}, {'J01': 15}, 
2830.0, {'J01': -158.60000000000002, 'top_mgr': 5}, {'J01': 4}, {'J01': 14}, 
2835.0, {'J01': -182.60000000000002, 'top_mgr': 7}, {'J01': 4}, {'J01': 14}, 
2840.0, {'J01': -195.8, 'top_mgr': 5}, {'J01': 4}, {'J01': 13}, 
2845.0, {'J01': -156.4, 'top_mgr': 2}, {'J01': 3}, {'J01': 19}, 
2850.0, {'J01': -141.20000000000002, 'top_mgr': 6}, {'J01': 6}, {'J01': 23}, 
2855.0, {'J01': -146.0, 'top_mgr': 5}, {'J01': 8}, {'J01': 27}, 
2860.0, {'J01': -167.4, 'top_mgr': 2}, {'J01': 8}, {'J01': 35}, 
2865.0, {'J01': -181.00000000000003, 'top_mgr': 6}, {'J01': 7}, {'J01': 30}, 
2870.0, {'J01': -154.8, 'top_mgr': 12}, {'J01': 5}, {'J01': 21}, 
2875.0, {'J01': -170.0, 'top_mgr': 6}, {'J01': 4}, {'J01': 17}, 
2880.0, {'J01': -145.0, 'top_mgr': 5}, {'J01': 4}, {'J01': 13}, 
2885.0, {'J01': -110.4, 'top_mgr': 4}, {'J01': 4}, {'J01': 12}, 
2890.0, {'J01': -84.0, 'top_mgr': 4}, {'J01': 4}, {'J01': 17}, 
2895.0, {'J01': -115.0, 'top_mgr': 3}, {'J01': 7}, {'J01': 23}, 
2900.0, {'J01': -87.0, 'top_mgr': 5}, {'J01': 8}, {'J01': 25}, 
2905.0, {'J01': -124.6, 'top_mgr': 3}, {'J01': 8}, {'J01': 32}, 
2910.0, {'J01': -139.4, 'top_mgr': 6}, {'J01': 7}, {'J01': 32}, 
2915.0, {'J01': -134.8, 'top_mgr': 10}, {'J01': 5}, {'J01': 27}, 
2920.0, {'J01': -152.79999999999998, 'top_mgr': 8}, {'J01': 4}, {'J01': 24}, 
2925.0, {'J01': -137.4, 'top_mgr': 12}, {'J01': 4}, {'J01': 18}, 
2930.0, {'J01': -171.4, 'top_mgr': 5}, {'J01': 5}, {'J01': 20}, 
2935.0, {'J01': -158.20000000000002, 'top_mgr': 8}, {'J01': 4}, {'J01': 18}, 
2940.0, {'J01': -200.8, 'top_mgr': 3}, {'J01': 5}, {'J01': 28}, 
2945.0, {'J01': -221.2, 'top_mgr': 6}, {'J01': 6}, {'J01': 32}, 
2950.0, {'J01': -195.0, 'top_mgr': 5}, {'J01': 8}, {'J01': 34}, 
2955.0, {'J01': -227.2, 'top_mgr': 4}, {'J01': 8}, {'J01': 32}, 
2960.0, {'J01': -231.79999999999995, 'top_mgr': 2}, {'J01': 8}, {'J01': 35}, 
2965.0, {'J01': -248.40000000000003, 'top_mgr': 4}, {'J01': 8}, {'J01': 35}, 
2970.0, {'J01': -259.6, 'top_mgr': 7}, {'J01': 6}, {'J01': 32}, 
2975.0, {'J01': -250.60000000000002, 'top_mgr': 13}, {'J01': 4}, {'J01': 25}, 
2980.0, {'J01': -226.2, 'top_mgr': 10}, {'J01': 4}, {'J01': 18}, 
2985.0, {'J01': -202.20000000000005, 'top_mgr': 7}, {'J01': 4}, {'J01': 17}, 
2990.0, {'J01': -196.4, 'top_mgr': 3}, {'J01': 4}, {'J01': 20}, 
2995.0, {'J01': -239.80000000000004, 'top_mgr': 1}, {'J01': 6}, {'J01': 26}, 
3000.0, {'J01': -288.8, 'top_mgr': 3}, {'J01': 8}, {'J01': 32}, 
3005.0, {'J01': -279.40000000000003, 'top_mgr': 2}, {'J01': 8}, {'J01': 33}, 
3010.0, {'J01': -293.2, 'top_mgr': 2}, {'J01': 8}, {'J01': 36}, 
3015.0, {'J01': -343.00000000000006, 'top_mgr': 0}, {'J01': 8}, {'J01': 41}, 
3020.0, {'J01': -394.00000000000006, 'top_mgr': 0}, {'J01': 8}, {'J01': 44}, 
3025.0, {'J01': -443.00000000000006, 'top_mgr': 0}, {'J01': 8}, {'J01': 45}, 
3030.0, {'J01': -491.00000000000006, 'top_mgr': 0}, {'J01': 8}, {'J01': 45}, 
3035.0, {'J01': -540.0, 'top_mgr': 0}, {'J01': 8}, {'J01': 46}, 
3040.0, {'J01': -501.2000000000001, 'top_mgr': 7}, {'J01': 7}, {'J01': 41}, 
3045.0, {'J01': -422.80000000000007, 'top_mgr': 16}, {'J01': 5}, {'J01': 27}, 
3050.0, {'J01': -440.6, 'top_mgr': 6}, {'J01': 5}, {'J01': 25}, 
3055.0, {'J01': -441.8, 'top_mgr': 1}, {'J01': 5}, {'J01': 28}, 
3060.0, {'J01': -401.0, 'top_mgr': 4}, {'J01': 7}, {'J01': 32}, 
3065.0, {'J01': -411.6, 'top_mgr': 4}, {'J01': 8}, {'J01': 33}, 
3070.0, {'J01': -279.8, 'top_mgr': 4}, {'J01': 8}, {'J01': 32}, 
3075.0, {'J01': -287.40000000000003, 'top_mgr': 1}, {'J01': 8}, {'J01': 35}, 
3080.0, {'J01': -311.4000000000001, 'top_mgr': 6}, {'J01': 7}, {'J01': 33}, 
3085.0, {'J01': -208.4, 'top_mgr': 11}, {'J01': 4}, {'J01': 24}, 
3090.0, {'J01': -208.8, 'top_mgr': 9}, {'J01': 4}, {'J01': 19}, 
3095.0, {'J01': -181.4, 'top_mgr': 9}, {'J01': 4}, {'J01': 16}, 
3100.0, {'J01': -211.00000000000003, 'top_mgr': 7}, {'J01': 4}, {'J01': 17}, 
3105.0, {'J01': -194.20000000000002, 'top_mgr': 7}, {'J01': 4}, {'J01': 18}, 
3110.0, {'J01': -117.20000000000002, 'top_mgr': 5}, {'J01': 4}, {'J01': 20}, 
3115.0, {'J01': -159.20000000000002, 'top_mgr': 1}, {'J01': 5}, {'J01': 26}, 
3120.0, {'J01': -199.8, 'top_mgr': 1}, {'J01': 8}, {'J01': 33}, 
3125.0, {'J01': -236.2, 'top_mgr': 2}, {'J01': 8}, {'J01': 33}, 
3130.0, {'J01': -218.0, 'top_mgr': 3}, {'J01': 8}, {'J01': 32}, 
3135.0, {'J01': -177.80000000000004, 'top_mgr': 4}, {'J01': 8}, {'J01': 32}, 
3140.0, {'J01': -181.8, 'top_mgr': 3}, {'J01': 8}, {'J01': 35}, 
3145.0, {'J01': -178.8, 'top_mgr': 11}, {'J01': 6}, {'J01': 27}, 
3150.0, {'J01': -153.39999999999998, 'top_mgr': 12}, {'J01': 5}, {'J01': 24}, 
3155.0, {'J01': -177.20000000000002, 'top_mgr': 11}, {'J01': 5}, {'J01': 19}, 
3160.0, {'J01': -145.2, 'top_mgr': 5}, {'J01': 5}, {'J01': 17}, 
3165.0, {'J01': -180.0, 'top_mgr': 9}, {'J01': 6}, {'J01': 22}, 
3170.0, {'J01': -180.40000000000003, 'top_mgr': 6}, {'J01': 5}, {'J01': 21}, 
3175.0, {'J01': -235.59999999999997, 'top_mgr': 3}, {'J01': 6}, {'J01': 33}, 
3180.0, {'J01': -208.0, 'top_mgr': 14}, {'J01': 8}, {'J01': 32}, 
3185.0, {'J01': -203.0, 'top_mgr': 8}, {'J01': 8}, {'J01': 34}, 
3190.0, {'J01': -187.8, 'top_mgr': 4}, {'J01': 8}, {'J01': 35}, 
3195.0, {'J01': -235.8, 'top_mgr': 0}, {'J01': 10}, {'J01': 43}, 
3200.0, {'J01': -225.20000000000005, 'top_mgr': 5}, {'J01': 11}, {'J01': 42}, 
3205.0, {'J01': -232.0, 'top_mgr': 7}, {'J01': 9}, {'J01': 37}, 
3210.0, {'J01': -234.8, 'top_mgr': 14}, {'J01': 4}, {'J01': 25}, 
3215.0, {'J01': -230.2, 'top_mgr': 10}, {'J01': 4}, {'J01': 19}, 
3220.0, {'J01': -205.2, 'top_mgr': 7}, {'J01': 4}, {'J01': 17}, 
3225.0, {'J01': -191.8, 'top_mgr': 3}, {'J01': 4}, {'J01': 18}, 
3230.0, {'J01': -191.99999999999997, 'top_mgr': 2}, {'J01': 4}, {'J01': 22}, 
3235.0, {'J01': -223.39999999999998, 'top_mgr': 4}, {'J01': 6}, {'J01': 28}, 
3240.0, {'J01': -254.6, 'top_mgr': 2}, {'J01': 8}, {'J01': 35}, 
3245.0, {'J01': -255.99999999999997, 'top_mgr': 4}, {'J01': 8}, {'J01': 33}, 
3250.0, {'J01': -267.59999999999997, 'top_mgr': 2}, {'J01': 8}, {'J01': 36}, 
3255.0, {'J01': -254.99999999999997, 'top_mgr': 7}, {'J01': 8}, {'J01': 33}, 
3260.0, {'J01': -248.60000000000002, 'top_mgr': 2}, {'J01': 8}, {'J01': 37}, 
3265.0, {'J01': -301.59999999999997, 'top_mgr': 0}, {'J01': 8}, {'J01': 42}, 
3270.0, {'J01': -318.2, 'top_mgr': 5}, {'J01': 7}, {'J01': 38}, 
3275.0, {'J01': -271.59999999999997, 'top_mgr': 11}, {'J01': 5}, {'J01': 27}, 
3280.0, {'J01': -302.6, 'top_mgr': 8}, {'J01': 4}, {'J01': 24}, 
3285.0, {'J01': -261.8, 'top_mgr': 10}, {'J01': 4}, {'J01': 18}, 
3290.0, {'J01': -298.8, 'top_mgr': 6}, {'J01': 4}, {'J01': 19}, 
3295.0, {'J01': -266.79999999999995, 'top_mgr': 10}, {'J01': 4}, {'J01': 16}, 
3300.0, {'J01': -302.2, 'top_mgr': 5}, {'J01': 3}, {'J01': 19}, 
3305.0, {'J01': -279.0, 'top_mgr': 5}, {'J01': 6}, {'J01': 24}, 
3310.0, {'J01': -171.60000000000002, 'top_mgr': 5}, {'J01': 8}, {'J01': 30}, 
3315.0, {'J01': -209.0, 'top_mgr': 0}, {'J01': 8}, {'J01': 34}, 
3320.0, {'J01': -246.0, 'top_mgr': 0}, {'J01': 8}, {'J01': 35}, 
3325.0, {'J01': -284.00000000000006, 'top_mgr': 0}, {'J01': 8}, {'J01': 37}, 
3330.0, {'J01': -262.8, 'top_mgr': 7}, {'J01': 7}, {'J01': 30}, 
3335.0, {'J01': -205.60000000000002, 'top_mgr': 11}, {'J01': 5}, {'J01': 20}, 
3340.0, {'J01': -216.60000000000002, 'top_mgr': 12}, {'J01': 4}, {'J01': 15}, 
3345.0, {'J01': -179.60000000000002, 'top_mgr': 6}, {'J01': 4}, {'J01': 12}, 
3350.0, {'J01': -146.0, 'top_mgr': 7}, {'J01': 4}, {'J01': 13}, 
3355.0, {'J01': -136.0, 'top_mgr': 2}, {'J01': 4}, {'J01': 16}, 
3360.0, {'J01': -168.4, 'top_mgr': 1}, {'J01': 6}, {'J01': 23}, 
3365.0, {'J01': -212.2, 'top_mgr': 1}, {'J01': 8}, {'J01': 32}, 
3370.0, {'J01': -108.80000000000001, 'top_mgr': 7}, {'J01': 8}, {'J01': 27}, 
3375.0, {'J01': -136.8, 'top_mgr': 3}, {'J01': 8}, {'J01': 27}, 
3380.0, {'J01': -173.0, 'top_mgr': 3}, {'J01': 8}, {'J01': 32}, 
3385.0, {'J01': -150.8, 'top_mgr': 9}, {'J01': 6}, {'J01': 25}, 
3390.0, {'J01': -141.6, 'top_mgr': 11}, {'J01': 4}, {'J01': 20}, 
3395.0, {'J01': -162.4, 'top_mgr': 9}, {'J01': 4}, {'J01': 16}, 
3400.0, {'J01': -136.8, 'top_mgr': 9}, {'J01': 4}, {'J01': 16}, 
3405.0, {'J01': -161.8, 'top_mgr': 7}, {'J01': 4}, {'J01': 17}, 
3410.0, {'J01': -138.20000000000002, 'top_mgr': 5}, {'J01': 4}, {'J01': 16}, 
3415.0, {'J01': -135.60000000000002, 'top_mgr': 4}, {'J01': 4}, {'J01': 21}, 
3420.0, {'J01': -173.20000000000002, 'top_mgr': 2}, {'J01': 6}, {'J01': 28}, 
3425.0, {'J01': -220.20000000000002, 'top_mgr': 2}, {'J01': 8}, {'J01': 38}, 
3430.0, {'J01': -191.60000000000002, 'top_mgr': 5}, {'J01': 8}, {'J01': 35}, 
3435.0, {'J01': -229.8, 'top_mgr': 0}, {'J01': 8}, {'J01': 37}, 
3440.0, {'J01': -247.20000000000002, 'top_mgr': 5}, {'J01': 7}, {'J01': 36}, 
3445.0, {'J01': -193.2, 'top_mgr': 14}, {'J01': 5}, {'J01': 24}, 
3450.0, {'J01': -187.0, 'top_mgr': 12}, {'J01': 5}, {'J01': 19}, 
3455.0, {'J01': -147.8, 'top_mgr': 11}, {'J01': 5}, {'J01': 13}, 
3460.0, {'J01': -169.20000000000005, 'top_mgr': 5}, {'J01': 5}, {'J01': 17}, 
3465.0, {'J01': -163.80000000000004, 'top_mgr': 6}, {'J01': 4}, {'J01': 16}, 
3470.0, {'J01': -133.20000000000002, 'top_mgr': 6}, {'J01': 3}, {'J01': 14}, 
3475.0, {'J01': -150.60000000000002, 'top_mgr': 2}, {'J01': 5}, {'J01': 21}, 
3480.0, {'J01': -155.20000000000002, 'top_mgr': 2}, {'J01': 8}, {'J01': 27}, 
3485.0, {'J01': -170.20000000000002, 'top_mgr': 3}, {'J01': 8}, {'J01': 29}, 
3490.0, {'J01': -179.2, 'top_mgr': 5}, {'J01': 7}, {'J01': 28}, 
3495.0, {'J01': -180.00000000000003, 'top_mgr': 9}, {'J01': 4}, {'J01': 22}, 
3500.0, {'J01': -206.40000000000003, 'top_mgr': 6}, {'J01': 4}, {'J01': 19}, 
3505.0, {'J01': -227.40000000000003, 'top_mgr': 5}, {'J01': 4}, {'J01': 17}, 
3510.0, {'J01': -184.2, 'top_mgr': 7}, {'J01': 4}, {'J01': 14}, 
3515.0, {'J01': -189.0, 'top_mgr': 5}, {'J01': 4}, {'J01': 17}, 
3520.0, {'J01': -164.60000000000002, 'top_mgr': 3}, {'J01': 4}, {'J01': 26}, 
3525.0, {'J01': -202.4, 'top_mgr': 2}, {'J01': 7}, {'J01': 33}, 
3530.0, {'J01': -246.8, 'top_mgr': 3}, {'J01': 8}, {'J01': 37}, 
3535.0, {'J01': -284.4, 'top_mgr': 3}, {'J01': 8}, {'J01': 37}, 
3540.0, {'J01': -202.60000000000002, 'top_mgr': 5}, {'J01': 8}, {'J01': 34}, 
3545.0, {'J01': -229.8, 'top_mgr': 1}, {'J01': 8}, {'J01': 38}, 
3550.0, {'J01': -234.20000000000002, 'top_mgr': 7}, {'J01': 7}, {'J01': 32}, 
3555.0, {'J01': -205.80000000000004, 'top_mgr': 8}, {'J01': 6}, {'J01': 24}, 
3560.0, {'J01': -202.20000000000002, 'top_mgr': 11}, {'J01': 4}, {'J01': 19}, 
3565.0, {'J01': -226.20000000000005, 'top_mgr': 7}, {'J01': 4}, {'J01': 16}, 
3570.0, {'J01': -193.20000000000002, 'top_mgr': 7}, {'J01': 4}, {'J01': 15}, 
3575.0, {'J01': -188.60000000000002, 'top_mgr': 5}, {'J01': 4}, {'J01': 14}, 
3580.0, {'J01': -218.8, 'top_mgr': 2}, {'J01': 3}, {'J01': 19}, 
3585.0, {'J01': -204.8, 'top_mgr': 7}, {'J01': 6}, {'J01': 22}, 
3590.0, {'J01': -244.00000000000003, 'top_mgr': 2}, {'J01': 8}, {'J01': 28}, 
3595.0, {'J01': -285.0, 'top_mgr': 0}, {'J01': 8}, {'J01': 33}, 
3600.0, {'J01': -282.6, 'top_mgr': 1}, {'J01': 8}, {'J01': 34}, 
3605.0, {'J01': -246.8, 'top_mgr': 4}, {'J01': 8}, {'J01': 31}, 
3610.0, {'J01': -286.6, 'top_mgr': 1}, {'J01': 8}, {'J01': 34}, 
3615.0, {'J01': -295.0000000000001, 'top_mgr': 6}, {'J01': 7}, {'J01': 31}, 
3620.0, {'J01': -310.4, 'top_mgr': 7}, {'J01': 5}, {'J01': 25}, 
3625.0, {'J01': -288.0, 'top_mgr': 11}, {'J01': 4}, {'J01': 17}, 
3630.0, {'J01': -250.20000000000002, 'top_mgr': 8}, {'J01': 4}, {'J01': 16}, 
3635.0, {'J01': -280.6, 'top_mgr': 4}, {'J01': 4}, {'J01': 17}, 
3640.0, {'J01': -257.8, 'top_mgr': 7}, {'J01': 4}, {'J01': 14}, 
3645.0, {'J01': -247.80000000000004, 'top_mgr': 2}, {'J01': 3}, {'J01': 16}, 
3650.0, {'J01': -204.8, 'top_mgr': 4}, {'J01': 6}, {'J01': 20}, 
3655.0, {'J01': -172.2, 'top_mgr': 4}, {'J01': 8}, {'J01': 24}, 
3660.0, {'J01': -196.20000000000002, 'top_mgr': 3}, {'J01': 8}, {'J01': 24}, 
3665.0, {'J01': -190.20000000000005, 'top_mgr': 3}, {'J01': 8}, {'J01': 24}, 
3670.0, {'J01': -162.20000000000002, 'top_mgr': 3}, {'J01': 7}, {'J01': 24}, 
3675.0, {'J01': -172.8, 'top_mgr': 6}, {'J01': 4}, {'J01': 19}, 
3680.0, {'J01': -185.8, 'top_mgr': 4}, {'J01': 4}, {'J01': 15}, 
3685.0, {'J01': -154.8, 'top_mgr': 5}, {'J01': 4}, {'J01': 11}, 
3690.0, {'J01': -174.40000000000003, 'top_mgr': 1}, {'J01': 4}, {'J01': 13}, 
3695.0, {'J01': -144.0, 'top_mgr': 3}, {'J01': 4}, {'J01': 14}, 
3700.0, {'J01': -93.60000000000001, 'top_mgr': 3}, {'J01': 6}, {'J01': 18}, 
3705.0, {'J01': -104.2, 'top_mgr': 4}, {'J01': 8}, {'J01': 20}, 
3710.0, {'J01': -57.2, 'top_mgr': 3}, {'J01': 8}, {'J01': 19}, 
3715.0, {'J01': -69.2, 'top_mgr': 2}, {'J01': 8}, {'J01': 19}, 
3720.0, {'J01': -84.4, 'top_mgr': 2}, {'J01': 8}, {'J01': 21}, 
3725.0, {'J01': -95.20000000000002, 'top_mgr': 4}, {'J01': 6}, {'J01': 20}, 
3730.0, {'J01': -102.0, 'top_mgr': 6}, {'J01': 4}, {'J01': 15}, 
3735.0, {'J01': -111.4, 'top_mgr': 4}, {'J01': 4}, {'J01': 11}, 
3740.0, {'J01': -70.80000000000001, 'top_mgr': 5}, {'J01': 4}, {'J01': 9}, 
3745.0, {'J01': -85.80000000000001, 'top_mgr': 5}, {'J01': 4}, {'J01': 10}, 
3750.0, {'J01': -93.80000000000001, 'top_mgr': 3}, {'J01': 4}, {'J01': 10}, 
3755.0, {'J01': -106.6, 'top_mgr': 4}, {'J01': 4}, {'J01': 11}, 
3760.0, {'J01': -119.60000000000001, 'top_mgr': 2}, {'J01': 3}, {'J01': 11}, 
3765.0, {'J01': -72.4, 'top_mgr': 4}, {'J01': 4}, {'J01': 10}, 
3770.0, {'J01': -94.4, 'top_mgr': 2}, {'J01': 7}, {'J01': 19}, 
3775.0, {'J01': -106.4, 'top_mgr': 4}, {'J01': 6}, {'J01': 20}, 
3780.0, {'J01': -87.40000000000002, 'top_mgr': 1}, {'J01': 6}, {'J01': 20}, 
3785.0, {'J01': -92.60000000000001, 'top_mgr': 3}, {'J01': 5}, {'J01': 17}, 
3790.0, {'J01': -88.60000000000001, 'top_mgr': 1}, {'J01': 5}, {'J01': 17}, 
3795.0, {'J01': -108.60000000000001, 'top_mgr': 3}, {'J01': 5}, {'J01': 17}, 
3800.0, {'J01': -128.8, 'top_mgr': 3}, {'J01': 6}, {'J01': 20}, 
3805.0, {'J01': -149.6, 'top_mgr': 2}, {'J01': 5}, {'J01': 18}, 
3810.0, {'J01': -162.00000000000003, 'top_mgr': 4}, {'J01': 4}, {'J01': 14}, 
3815.0, {'J01': -115.6, 'top_mgr': 4}, {'J01': 4}, {'J01': 10}, 
3820.0, {'J01': -137.60000000000002, 'top_mgr': 3}, {'J01': 7}, {'J01': 16}, 
3825.0, {'J01': -152.00000000000003, 'top_mgr': 4}, {'J01': 7}, {'J01': 18}, 
3830.0, {'J01': -135.6, 'top_mgr': 2}, {'J01': 6}, {'J01': 19}, 
3835.0, {'J01': -123.60000000000001, 'top_mgr': 6}, {'J01': 4}, {'J01': 15}, 
3840.0, {'J01': -142.6, 'top_mgr': 4}, {'J01': 4}, {'J01': 12}, 
3845.0, {'J01': -98.80000000000001, 'top_mgr': 3}, {'J01': 4}, {'J01': 11}, 
3850.0, {'J01': -73.2, 'top_mgr': 2}, {'J01': 4}, {'J01': 13}, 
3855.0, {'J01': -76.80000000000001, 'top_mgr': 4}, {'J01': 6}, {'J01': 17}, 
3860.0, {'J01': -46.2, 'top_mgr': 4}, {'J01': 8}, {'J01': 17}, 
3865.0, {'J01': -52.2, 'top_mgr': 3}, {'J01': 8}, {'J01': 18}, 
3870.0, {'J01': -62.6, 'top_mgr': 2}, {'J01': 7}, {'J01': 19}, 
3875.0, {'J01': -65.0, 'top_mgr': 6}, {'J01': 4}, {'J01': 14}, 
3880.0, {'J01': -70.6, 'top_mgr': 4}, {'J01': 4}, {'J01': 10}, 
3885.0, {'J01': -39.2, 'top_mgr': 5}, {'J01': 4}, {'J01': 6}, 
3890.0, {'J01': -50.800000000000004, 'top_mgr': 1}, {'J01': 4}, {'J01': 8}, 
3895.0, {'J01': -70.80000000000001, 'top_mgr': 0}, {'J01': 4}, {'J01': 12}, 
3900.0, {'J01': -86.0, 'top_mgr': 2}, {'J01': 7}, {'J01': 18}, 
3905.0, {'J01': -46.800000000000004, 'top_mgr': 4}, {'J01': 8}, {'J01': 17}, 
3910.0, {'J01': -59.800000000000004, 'top_mgr': 3}, {'J01': 8}, {'J01': 18}, 
3915.0, {'J01': -67.4, 'top_mgr': 3}, {'J01': 8}, {'J01': 19}, 
3920.0, {'J01': -71.00000000000001, 'top_mgr': 3}, {'J01': 7}, {'J01': 19}, 
3925.0, {'J01': -73.60000000000001, 'top_mgr': 6}, {'J01': 4}, {'J01': 14}, 
3930.0, {'J01': -81.20000000000002, 'top_mgr': 4}, {'J01': 4}, {'J01': 10}, 
3935.0, {'J01': -39.0, 'top_mgr': 6}, {'J01': 4}, {'J01': 6}, 
3940.0, {'J01': -49.400000000000006, 'top_mgr': 4}, {'J01': 4}, {'J01': 7}, 
3945.0, {'J01': -53.0, 'top_mgr': 5}, {'J01': 2}, {'J01': 6}, 
3950.0, {'J01': -25.0, 'top_mgr': 3}, {'J01': 3}, {'J01': 7}, 
3955.0, {'J01': -45.0, 'top_mgr': 3}, {'J01': 6}, {'J01': 13}, 
3960.0, {'J01': -50.8, 'top_mgr': 3}, {'J01': 8}, {'J01': 19}, 
3965.0, {'J01': -65.2, 'top_mgr': 2}, {'J01': 7}, {'J01': 20}, 
3970.0, {'J01': -73.8, 'top_mgr': 6}, {'J01': 4}, {'J01': 16}, 
3975.0, {'J01': -87.39999999999999, 'top_mgr': 4}, {'J01': 4}, {'J01': 12}, 
3980.0, {'J01': -72.4, 'top_mgr': 5}, {'J01': 4}, {'J01': 8}, 
3985.0, {'J01': -65.4, 'top_mgr': 2}, {'J01': 4}, {'J01': 9}, 
3990.0, {'J01': -90.4, 'top_mgr': 0}, {'J01': 4}, {'J01': 14}, 
3995.0, {'J01': -107.60000000000001, 'top_mgr': 2}, {'J01': 7}, {'J01': 18}, 
4000.0, {'J01': -70.4, 'top_mgr': 4}, {'J01': 8}, {'J01': 18}, 
4005.0, {'J01': -59.00000000000001, 'top_mgr': 3}, {'J01': 8}, {'J01': 19}, 
4010.0, {'J01': -71.4, 'top_mgr': 3}, {'J01': 7}, {'J01': 19}, 
4015.0, {'J01': -81.80000000000001, 'top_mgr': 5}, {'J01': 4}, {'J01': 16}, 
4020.0, {'J01': -97.4, 'top_mgr': 4}, {'J01': 4}, {'J01': 12}, 
4025.0, {'J01': -71.00000000000001, 'top_mgr': 6}, {'J01': 4}, {'J01': 8}, 
4030.0, {'J01': -87.00000000000001, 'top_mgr': 4}, {'J01': 4}, {'J01': 8}, 
4035.0, {'J01': -75.4, 'top_mgr': 3}, {'J01': 4}, {'J01': 9}, 
4040.0, {'J01': -90.8, 'top_mgr': 2}, {'J01': 3}, {'J01': 11}, 
4045.0, {'J01': -55.6, 'top_mgr': 4}, {'J01': 6}, {'J01': 13}, 
4050.0, {'J01': -49.800000000000004, 'top_mgr': 3}, {'J01': 8}, {'J01': 19}, 
4055.0, {'J01': -58.60000000000001, 'top_mgr': 4}, {'J01': 8}, {'J01': 17}, 
4060.0, {'J01': -66.0, 'top_mgr': 2}, {'J01': 7}, {'J01': 17}, 
4065.0, {'J01': -86.4, 'top_mgr': 2}, {'J01': 6}, {'J01': 19}, 
4070.0, {'J01': -90.2, 'top_mgr': 6}, {'J01': 4}, {'J01': 13}, 
4075.0, {'J01': -101.4, 'top_mgr': 4}, {'J01': 4}, {'J01': 9}, 
4080.0, {'J01': -69.8, 'top_mgr': 4}, {'J01': 4}, {'J01': 7}, 
4085.0, {'J01': -82.8, 'top_mgr': 6}, {'J01': 4}, {'J01': 8}, 
4090.0, {'J01': -88.8, 'top_mgr': 4}, {'J01': 3}, {'J01': 8}, 
4095.0, {'J01': -55.4, 'top_mgr': 4}, {'J01': 4}, {'J01': 8}, 
4100.0, {'J01': -76.8, 'top_mgr': 2}, {'J01': 5}, {'J01': 16}, 
4105.0, {'J01': -106.79999999999998, 'top_mgr': 0}, {'J01': 8}, {'J01': 26}, 
4110.0, {'J01': -89.6, 'top_mgr': 2}, {'J01': 8}, {'J01': 25}, 
4115.0, {'J01': -98.80000000000001, 'top_mgr': 3}, {'J01': 7}, {'J01': 22}, 
4120.0, {'J01': -108.0, 'top_mgr': 5}, {'J01': 4}, {'J01': 17}, 
4125.0, {'J01': -117.6, 'top_mgr': 4}, {'J01': 4}, {'J01': 13}, 
4130.0, {'J01': -91.20000000000002, 'top_mgr': 6}, {'J01': 4}, {'J01': 9}, 
4135.0, {'J01': -103.0, 'top_mgr': 1}, {'J01': 4}, {'J01': 10}, 
4140.0, {'J01': -108.00000000000001, 'top_mgr': 3}, {'J01': 3}, {'J01': 11}, 
4145.0, {'J01': -65.19999999999999, 'top_mgr': 4}, {'J01': 7}, {'J01': 15}, 
4150.0, {'J01': -79.19999999999999, 'top_mgr': 2}, {'J01': 8}, {'J01': 17}, 
4155.0, {'J01': -52.2, 'top_mgr': 2}, {'J01': 8}, {'J01': 18}, 
4160.0, {'J01': -60.60000000000001, 'top_mgr': 3}, {'J01': 7}, {'J01': 18}, 
4165.0, {'J01': -65.0, 'top_mgr': 5}, {'J01': 4}, {'J01': 14}, 
4170.0, {'J01': -74.80000000000001, 'top_mgr': 4}, {'J01': 4}, {'J01': 10}, 
4175.0, {'J01': -38.4, 'top_mgr': 5}, {'J01': 4}, {'J01': 6}, 
4180.0, {'J01': -46.400000000000006, 'top_mgr': 5}, {'J01': 4}, {'J01': 6}, 
4185.0, {'J01': -57.0, 'top_mgr': 2}, {'J01': 4}, {'J01': 8}, 
4190.0, {'J01': -68.2, 'top_mgr': 2}, {'J01': 3}, {'J01': 10}, 
4195.0, {'J01': -30.400000000000002, 'top_mgr': 4}, {'J01': 6}, {'J01': 12}, 
4200.0, {'J01': -47.400000000000006, 'top_mgr': 2}, {'J01': 8}, {'J01': 17}, 
4205.0, {'J01': -54.6, 'top_mgr': 4}, {'J01': 7}, {'J01': 18}, 
4210.0, {'J01': -74.19999999999999, 'top_mgr': 2}, {'J01': 6}, {'J01': 19}, 
4215.0, {'J01': -78.8, 'top_mgr': 6}, {'J01': 4}, {'J01': 14}, 
4220.0, {'J01': -92.80000000000001, 'top_mgr': 4}, {'J01': 4}, {'J01': 11}, 
4225.0, {'J01': -75.4, 'top_mgr': 5}, {'J01': 4}, {'J01': 11}, 
4230.0, {'J01': -87.80000000000001, 'top_mgr': 2}, {'J01': 4}, {'J01': 13}, 
4235.0, {'J01': -92.4, 'top_mgr': 3}, {'J01': 4}, {'J01': 15}, 
4240.0, {'J01': -113.4, 'top_mgr': 3}, {'J01': 7}, {'J01': 19}, 
4245.0, {'J01': -73.4, 'top_mgr': 4}, {'J01': 8}, {'J01': 19}, 
4250.0, {'J01': -49.6, 'top_mgr': 3}, {'J01': 8}, {'J01': 16}, 
4255.0, {'J01': -52.8, 'top_mgr': 3}, {'J01': 7}, {'J01': 16}, 
4260.0, {'J01': -63.400000000000006, 'top_mgr': 4}, {'J01': 5}, {'J01': 16}, 
4265.0, {'J01': -70.80000000000001, 'top_mgr': 4}, {'J01': 4}, {'J01': 12}, 
4270.0, {'J01': -76.2, 'top_mgr': 4}, {'J01': 4}, {'J01': 8}, 
4275.0, {'J01': -41.400000000000006, 'top_mgr': 5}, {'J01': 4}, {'J01': 7}, 
4280.0, {'J01': -57.2, 'top_mgr': 1}, {'J01': 4}, {'J01': 9}, 
4285.0, {'J01': -82.2, 'top_mgr': 1}, {'J01': 4}, {'J01': 14}, 
4290.0, {'J01': -101.0, 'top_mgr': 2}, {'J01': 7}, {'J01': 19}, 
4295.0, {'J01': -91.80000000000001, 'top_mgr': 3}, {'J01': 8}, {'J01': 20}, 
4300.0, {'J01': -71.4, 'top_mgr': 3}, {'J01': 8}, {'J01': 17}, 
4305.0, {'J01': -78.60000000000001, 'top_mgr': 3}, {'J01': 7}, {'J01': 17}, 
4310.0, {'J01': -97.00000000000001, 'top_mgr': 3}, {'J01': 6}, {'J01': 18}, 
4315.0, {'J01': -104.60000000000001, 'top_mgr': 5}, {'J01': 4}, {'J01': 13}, 
4320.0, {'J01': -114.0, 'top_mgr': 4}, {'J01': 4}, {'J01': 9}, 
4325.0, {'J01': -81.4, 'top_mgr': 5}, {'J01': 4}, {'J01': 7}, 
4330.0, {'J01': -88.8, 'top_mgr': 3}, {'J01': 3}, {'J01': 7}, 
4335.0, {'J01': -66.4, 'top_mgr': 4}, {'J01': 4}, {'J01': 8}, 
4340.0, {'J01': -34.400000000000006, 'top_mgr': 3}, {'J01': 7}, {'J01': 15}, 
4345.0, {'J01': -41.800000000000004, 'top_mgr': 2}, {'J01': 8}, {'J01': 16}, 
4350.0, {'J01': -46.0, 'top_mgr': 4}, {'J01': 7}, {'J01': 17}, 
4355.0, {'J01': -66.60000000000001, 'top_mgr': 2}, {'J01': 6}, {'J01': 19}, 
4360.0, {'J01': -72.4, 'top_mgr': 6}, {'J01': 4}, {'J01': 13}, 
4365.0, {'J01': -82.2, 'top_mgr': 4}, {'J01': 4}, {'J01': 9}, 
4370.0, {'J01': -59.400000000000006, 'top_mgr': 5}, {'J01': 4}, {'J01': 8}, 
4375.0, {'J01': -73.0, 'top_mgr': 3}, {'J01': 4}, {'J01': 9}, 
4380.0, {'J01': -72.60000000000001, 'top_mgr': 1}, {'J01': 4}, {'J01': 13}, 
4385.0, {'J01': -91.20000000000002, 'top_mgr': 2}, {'J01': 6}, {'J01': 18}, 
4390.0, {'J01': -52.199999999999996, 'top_mgr': 4}, {'J01': 8}, {'J01': 18}, 
4395.0, {'J01': -67.39999999999999, 'top_mgr': 2}, {'J01': 8}, {'J01': 20}, 
4400.0, {'J01': -86.0, 'top_mgr': 1}, {'J01': 8}, {'J01': 22}, 
4405.0, {'J01': -78.4, 'top_mgr': 4}, {'J01': 7}, {'J01': 19}, 
4410.0, {'J01': -81.4, 'top_mgr': 5}, {'J01': 4}, {'J01': 14}, 
4415.0, {'J01': -88.0, 'top_mgr': 4}, {'J01': 4}, {'J01': 11}, 
4420.0, {'J01': -52.6, 'top_mgr': 6}, {'J01': 4}, {'J01': 7}, 
4425.0, {'J01': -65.80000000000001, 'top_mgr': 4}, {'J01': 4}, {'J01': 8}, 
4430.0, {'J01': -79.2, 'top_mgr': 3}, {'J01': 4}, {'J01': 9}, 
4435.0, {'J01': -93.40000000000002, 'top_mgr': 2}, {'J01': 3}, {'J01': 10}, 
4440.0, {'J01': -49.00000000000001, 'top_mgr': 4}, {'J01': 6}, {'J01': 12}, 
4445.0, {'J01': -43.400000000000006, 'top_mgr': 3}, {'J01': 8}, {'J01': 18}, 
4450.0, {'J01': -62.400000000000006, 'top_mgr': 0}, {'J01': 8}, {'J01': 21}, 
4455.0, {'J01': -70.60000000000001, 'top_mgr': 2}, {'J01': 7}, {'J01': 20}, 
4460.0, {'J01': -72.60000000000001, 'top_mgr': 6}, {'J01': 4}, {'J01': 14}, 
4465.0, {'J01': -77.60000000000001, 'top_mgr': 4}, {'J01': 4}, {'J01': 10}, 
4470.0, {'J01': -49.60000000000001, 'top_mgr': 5}, {'J01': 4}, {'J01': 7}, 
4475.0, {'J01': -61.60000000000001, 'top_mgr': 5}, {'J01': 4}, {'J01': 7}, 
4480.0, {'J01': -68.4, 'top_mgr': 3}, {'J01': 3}, {'J01': 7}, 
4485.0, {'J01': -33.800000000000004, 'top_mgr': 4}, {'J01': 4}, {'J01': 9}, 
4490.0, {'J01': -54.800000000000004, 'top_mgr': 3}, {'J01': 7}, {'J01': 14}, 
4495.0, {'J01': -55.0, 'top_mgr': 3}, {'J01': 8}, {'J01': 19}, 
4500.0, {'J01': -78.0, 'top_mgr': 0}, {'J01': 8}, {'J01': 22}, 
4505.0, {'J01': -90.20000000000002, 'top_mgr': 2}, {'J01': 7}, {'J01': 21}, 
4510.0, {'J01': -95.60000000000001, 'top_mgr': 6}, {'J01': 4}, {'J01': 15}, 
4515.0, {'J01': -107.20000000000002, 'top_mgr': 4}, {'J01': 4}, {'J01': 11}, 
4520.0, {'J01': -77.60000000000001, 'top_mgr': 5}, {'J01': 4}, {'J01': 7}, 
4525.0, {'J01': -85.0, 'top_mgr': 3}, {'J01': 3}, {'J01': 8}, 
4530.0, {'J01': -74.2, 'top_mgr': 2}, {'J01': 3}, {'J01': 11}, 
4535.0, {'J01': -62.8, 'top_mgr': 3}, {'J01': 6}, {'J01': 15}, 
4540.0, {'J01': -47.2, 'top_mgr': 4}, {'J01': 8}, {'J01': 17}, 
4545.0, {'J01': -59.2, 'top_mgr': 3}, {'J01': 8}, {'J01': 17}, 
4550.0, {'J01': -66.0, 'top_mgr': 4}, {'J01': 7}, {'J01': 17}, 
4555.0, {'J01': -85.4, 'top_mgr': 2}, {'J01': 6}, {'J01': 18}, 
4560.0, {'J01': -92.2, 'top_mgr': 6}, {'J01': 4}, {'J01': 13}, 
4565.0, {'J01': -101.6, 'top_mgr': 4}, {'J01': 4}, {'J01': 9}, 
4570.0, {'J01': -69.2, 'top_mgr': 4}, {'J01': 4}, {'J01': 7}, 
4575.0, {'J01': -50.800000000000004, 'top_mgr': 3}, {'J01': 4}, {'J01': 8}, 
4580.0, {'J01': -55.400000000000006, 'top_mgr': 2}, {'J01': 4}, {'J01': 6}, 
4585.0, {'J01': -68.0, 'top_mgr': 2}, {'J01': 4}, {'J01': 9}, 
4590.0, {'J01': -85.20000000000002, 'top_mgr': 2}, {'J01': 4}, {'J01': 13}, 
4595.0, {'J01': -42.6, 'top_mgr': 4}, {'J01': 7}, {'J01': 17}, 
4600.0, {'J01': -56.6, 'top_mgr': 3}, {'J01': 8}, {'J01': 19}, 
4605.0, {'J01': -63.6, 'top_mgr': 4}, {'J01': 7}, {'J01': 19}, 
4610.0, {'J01': -82.00000000000001, 'top_mgr': 2}, {'J01': 6}, {'J01': 19}, 
4615.0, {'J01': -90.00000000000001, 'top_mgr': 6}, {'J01': 4}, {'J01': 15}, 
4620.0, {'J01': -101.80000000000003, 'top_mgr': 4}, {'J01': 4}, {'J01': 12}, 
4625.0, {'J01': -69.80000000000001, 'top_mgr': 5}, {'J01': 4}, {'J01': 10}, 
4630.0, {'J01': -64.60000000000001, 'top_mgr': 3}, {'J01': 4}, {'J01': 14}, 
4635.0, {'J01': -74.60000000000001, 'top_mgr': 4}, {'J01': 6}, {'J01': 16}, 
4640.0, {'J01': -41.0, 'top_mgr': 4}, {'J01': 8}, {'J01': 16}, 
4645.0, {'J01': -51.800000000000004, 'top_mgr': 2}, {'J01': 8}, {'J01': 18}, 
4650.0, {'J01': -62.199999999999996, 'top_mgr': 2}, {'J01': 7}, {'J01': 19}, 
4655.0, {'J01': -68.2, 'top_mgr': 4}, {'J01': 5}, {'J01': 16}, 
4660.0, {'J01': -70.2, 'top_mgr': 6}, {'J01': 4}, {'J01': 10}, 
4665.0, {'J01': -44.0, 'top_mgr': 4}, {'J01': 4}, {'J01': 9}, 
4670.0, {'J01': -61.0, 'top_mgr': 4}, {'J01': 4}, {'J01': 10}, 
4675.0, {'J01': -64.80000000000001, 'top_mgr': 6}, {'J01': 3}, {'J01': 8}, 
4680.0, {'J01': -39.800000000000004, 'top_mgr': 4}, {'J01': 3}, {'J01': 9}, 
4685.0, {'J01': -52.0, 'top_mgr': 4}, {'J01': 6}, {'J01': 14}, 
4690.0, {'J01': -72.0, 'top_mgr': 2}, {'J01': 8}, {'J01': 18}, 
4695.0, {'J01': -65.80000000000001, 'top_mgr': 3}, {'J01': 8}, {'J01': 19}, 
4700.0, {'J01': -87.80000000000001, 'top_mgr': 0}, {'J01': 8}, {'J01': 21}, 
4705.0, {'J01': -97.80000000000001, 'top_mgr': 4}, {'J01': 6}, {'J01': 19}, 
4710.0, {'J01': -106.80000000000001, 'top_mgr': 4}, {'J01': 4}, {'J01': 15}, 
4715.0, {'J01': -112.80000000000001, 'top_mgr': 6}, {'J01': 4}, {'J01': 9}, 
4720.0, {'J01': -80.60000000000001, 'top_mgr': 4}, {'J01': 4}, {'J01': 7}, 
4725.0, {'J01': -57.8, 'top_mgr': 3}, {'J01': 4}, {'J01': 8}, 
4730.0, {'J01': -77.8, 'top_mgr': 0}, {'J01': 4}, {'J01': 12}, 
4735.0, {'J01': -56.6, 'top_mgr': 4}, {'J01': 6}, {'J01': 14}, 
4740.0, {'J01': -40.6, 'top_mgr': 2}, {'J01': 8}, {'J01': 16}, 
4745.0, {'J01': -51.800000000000004, 'top_mgr': 2}, {'J01': 8}, {'J01': 18}, 
4750.0, {'J01': -62.2, 'top_mgr': 2}, {'J01': 7}, {'J01': 19}, 
4755.0, {'J01': -65.0, 'top_mgr': 6}, {'J01': 4}, {'J01': 14}, 
4760.0, {'J01': -70.4, 'top_mgr': 4}, {'J01': 4}, {'J01': 10}, 
4765.0, {'J01': -39.2, 'top_mgr': 5}, {'J01': 4}, {'J01': 6}, 
4770.0, {'J01': -47.2, 'top_mgr': 5}, {'J01': 4}, {'J01': 6}, 
4775.0, {'J01': -47.800000000000004, 'top_mgr': 4}, {'J01': 3}, {'J01': 5}, 
4780.0, {'J01': -11.2, 'top_mgr': 4}, {'J01': 3}, {'J01': 5}, 
4785.0, {'J01': -30.0, 'top_mgr': 2}, {'J01': 6}, {'J01': 14}, 
4790.0, {'J01': -52.60000000000001, 'top_mgr': 2}, {'J01': 7}, {'J01': 21}, 
4795.0, {'J01': -59.2, 'top_mgr': 6}, {'J01': 4}, {'J01': 16}, 
4800.0, {'J01': -69.0, 'top_mgr': 3}, {'J01': 4}, {'J01': 13}, 
4805.0, {'J01': -69.2, 'top_mgr': 3}, {'J01': 4}, {'J01': 10}, 
4810.0, {'J01': -82.0, 'top_mgr': 3}, {'J01': 4}, {'J01': 8}, 
4815.0, {'J01': -103.00000000000001, 'top_mgr': 1}, {'J01': 4}, {'J01': 13}, 
4820.0, {'J01': -118.8, 'top_mgr': 2}, {'J01': 7}, {'J01': 18}, 
4825.0, {'J01': -79.0, 'top_mgr': 4}, {'J01': 8}, {'J01': 17}, 
4830.0, {'J01': -53.199999999999996, 'top_mgr': 3}, {'J01': 7}, {'J01': 17}, 
4835.0, {'J01': -67.8, 'top_mgr': 2}, {'J01': 6}, {'J01': 17}, 
4840.0, {'J01': -71.8, 'top_mgr': 3}, {'J01': 5}, {'J01': 15}, 
4845.0, {'J01': -67.4, 'top_mgr': 3}, {'J01': 4}, {'J01': 12}, 
4850.0, {'J01': -65.4, 'top_mgr': 6}, {'J01': 4}, {'J01': 6}, 
4855.0, {'J01': -24.6, 'top_mgr': 4}, {'J01': 4}, {'J01': 4}, 
4860.0, {'J01': -28.6, 'top_mgr': 4}, {'J01': 4}, {'J01': 4}, 
4865.0, {'J01': -29.400000000000002, 'top_mgr': 4}, {'J01': 2}, {'J01': 4}, 
4870.0, {'J01': -17.400000000000002, 'top_mgr': 2}, {'J01': 3}, {'J01': 7}, 
4875.0, {'J01': -35.400000000000006, 'top_mgr': 2}, {'J01': 6}, {'J01': 13}, 
4880.0, {'J01': -43.2, 'top_mgr': 2}, {'J01': 7}, {'J01': 15}, 
4885.0, {'J01': -44.0, 'top_mgr': 4}, {'J01': 5}, {'J01': 11}, 
4890.0, {'J01': -49.400000000000006, 'top_mgr': 4}, {'J01': 3}, {'J01': 7}, 
4895.0, {'J01': -31.8, 'top_mgr': 3}, {'J01': 2}, {'J01': 4}, 
4900.0, {'J01': -18.2, 'top_mgr': 3}, {'J01': 1}, {'J01': 1}, 
4905.0, {'J01': -2.4000000000000004, 'top_mgr': 5}, {'J01': 1}, {'J01': 1}, 
4910.0, {'J01': -6.4, 'top_mgr': 4}, {'J01': 1}, {'J01': 1}, 
4915.0, {'J01': -3.1999999999999997, 'top_mgr': 3}, {'J01': 1}, {'J01': 2}, 
4920.0, {'J01': -15.200000000000001, 'top_mgr': 0}, {'J01': 3}, {'J01': 6}, 
4925.0, {'J01': -12.600000000000001, 'top_mgr': 3}, {'J01': 2}, {'J01': 3}, 
4930.0, {'J01': -0.0, 'top_mgr': 5}, {'J01': 0}, {'J01': 0}, 
4935.0, {'J01': -0.0, 'top_mgr': 4}, {'J01': 0}, {'J01': 0}, 
4940.0, {'J01': -0.0, 'top_mgr': 5}, {'J01': 0}, {'J01': 0}, 
4945.0, {'J01': -0.0, 'top_mgr': 5}, {'J01': 0}, {'J01': 0}, 
4950.0, {'J01': -2.6, 'top_mgr': 2}, {'J01': 1}, {'J01': 2}, 
4955.0, {'J01': -0.0, 'top_mgr': 3}, {'J01': 0}, {'J01': 0}, 
4960.0, {'J01': -1.2, 'top_mgr': 5}, {'J01': 1}, {'J01': 1}, 
4965.0, {'J01': -5.2, 'top_mgr': 5}, {'J01': 1}, {'J01': 1}, 
4970.0, {'J01': -3.4, 'top_mgr': 2}, {'J01': 1}, {'J01': 2}, 
4975.0, {'J01': -15.4, 'top_mgr': 1}, {'J01': 3}, {'J01': 6}, 
4980.0, {'J01': -29.4, 'top_mgr': 1}, {'J01': 6}, {'J01': 12}, 
4985.0, {'J01': -32.800000000000004, 'top_mgr': 2}, {'J01': 7}, {'J01': 14}, 
4990.0, {'J01': -26.200000000000003, 'top_mgr': 6}, {'J01': 4}, {'J01': 8}, 
4995.0, {'J01': -23.6, 'top_mgr': 4}, {'J01': 2}, {'J01': 4}, 
5000.0, {'J01': -0.0, 'top_mgr': 5}, {'J01': 0}, {'J01': 0}, 
5005.0, {'J01': -0.0, 'top_mgr': 5}, {'J01': 0}, {'J01': 0}, 
5010.0, {'J01': -3.6, 'top_mgr': 1}, {'J01': 1}, {'J01': 2}, 
5015.0, {'J01': -16.6, 'top_mgr': 0}, {'J01': 4}, {'J01': 7}, 
5020.0, {'J01': -14.8, 'top_mgr': 3}, {'J01': 3}, {'J01': 5}, 
5025.0, {'J01': -6.4, 'top_mgr': 5}, {'J01': 1}, {'J01': 2}, 
5030.0, {'J01': -14.400000000000002, 'top_mgr': 4}, {'J01': 1}, {'J01': 2}, 
5035.0, {'J01': -9.200000000000001, 'top_mgr': 6}, {'J01': 1}, {'J01': 1}, 
5040.0, {'J01': -13.200000000000001, 'top_mgr': 4}, {'J01': 1}, {'J01': 1}, 
5045.0, {'J01': -18.2, 'top_mgr': 4}, {'J01': 2}, {'J01': 2}, 
5050.0, {'J01': -22.200000000000003, 'top_mgr': 4}, {'J01': 2}, {'J01': 2}, 
5055.0, {'J01': -13.2, 'top_mgr': 3}, {'J01': 1}, {'J01': 3}, 
5060.0, {'J01': -0.0, 'top_mgr': 4}, {'J01': 0}, {'J01': 0}, 
5065.0, {'J01': -3.5999999999999996, 'top_mgr': 2}, {'J01': 1}, {'J01': 2}, 
5070.0, {'J01': -16.6, 'top_mgr': 0}, {'J01': 4}, {'J01': 7}, 
5075.0, {'J01': -19.400000000000002, 'top_mgr': 2}, {'J01': 5}, {'J01': 8}, 
5080.0, {'J01': -12.4, 'top_mgr': 6}, {'J01': 2}, {'J01': 3}, 
5085.0, {'J01': -22.4, 'top_mgr': 1}, {'J01': 3}, {'J01': 5}, 
5090.0, {'J01': -13.4, 'top_mgr': 4}, {'J01': 1}, {'J01': 1}, 
5095.0, {'J01': -3.6, 'top_mgr': 4}, {'J01': 2}, {'J01': 2}, 
5100.0, {'J01': -7.800000000000001, 'top_mgr': 3}, {'J01': 1}, {'J01': 3}, 
5105.0, {'J01': -1.2, 'top_mgr': 5}, {'J01': 1}, {'J01': 1}, 
5110.0, {'J01': -9.0, 'top_mgr': 0}, {'J01': 1}, {'J01': 3}, 
5115.0, {'J01': -17.8, 'top_mgr': 1}, {'J01': 4}, {'J01': 8}, 
5120.0, {'J01': -19.400000000000002, 'top_mgr': 2}, {'J01': 4}, {'J01': 8}, 
5125.0, {'J01': -10.600000000000001, 'top_mgr': 6}, {'J01': 1}, {'J01': 2}, 
5130.0, {'J01': -20.6, 'top_mgr': 2}, {'J01': 2}, {'J01': 4}, 
5135.0, {'J01': -26.6, 'top_mgr': 2}, {'J01': 1}, {'J01': 2}, 
5140.0, {'J01': -0.0, 'top_mgr': 6}, {'J01': 0}, {'J01': 0}, 
5145.0, {'J01': -0.0, 'top_mgr': 4}, {'J01': 0}, {'J01': 0}, 
5150.0, {'J01': -4.6000000000000005, 'top_mgr': 2}, {'J01': 1}, {'J01': 3}, 
5155.0, {'J01': -20.6, 'top_mgr': 0}, {'J01': 3}, {'J01': 7}, 
5160.0, {'J01': -24.0, 'top_mgr': 2}, {'J01': 2}, {'J01': 5}, 
5165.0, {'J01': -13.8, 'top_mgr': 6}, {'J01': 1}, {'J01': 1}, 
5170.0, {'J01': -3.4000000000000004, 'top_mgr': 2}, {'J01': 1}, {'J01': 2}, 
5175.0, {'J01': -0.0, 'top_mgr': 4}, {'J01': 0}, {'J01': 0}, 
5180.0, {'J01': -0.0, 'top_mgr': 5}, {'J01': 0}, {'J01': 0}, 
5185.0, {'J01': -2.6, 'top_mgr': 2}, {'J01': 1}, {'J01': 2}, 
5190.0, {'J01': -14.600000000000001, 'top_mgr': 2}, {'J01': 3}, {'J01': 6}, 
5195.0, {'J01': -26.6, 'top_mgr': 1}, {'J01': 5}, {'J01': 10}, 
5200.0, {'J01': -30.200000000000003, 'top_mgr': 3}, {'J01': 7}, {'J01': 13}, 
5205.0, {'J01': -25.0, 'top_mgr': 5}, {'J01': 4}, {'J01': 8}, 
5210.0, {'J01': -22.6, 'top_mgr': 4}, {'J01': 2}, {'J01': 4}, 
5215.0, {'J01': -0.0, 'top_mgr': 5}, {'J01': 0}, {'J01': 0}, 
5220.0, {'J01': -0.0, 'top_mgr': 5}, {'J01': 0}, {'J01': 0}, 
5225.0, {'J01': -2.8, 'top_mgr': 4}, {'J01': 1}, {'J01': 1}, 
5230.0, {'J01': -3.4000000000000004, 'top_mgr': 3}, {'J01': 1}, {'J01': 2}, 
5235.0, {'J01': -1.6, 'top_mgr': 3}, {'J01': 1}, {'J01': 1}, 
5240.0, {'J01': -5.6000000000000005, 'top_mgr': 6}, {'J01': 1}, {'J01': 1}, 
5245.0, {'J01': -9.6, 'top_mgr': 4}, {'J01': 1}, {'J01': 1}, 
5250.0, {'J01': -13.600000000000001, 'top_mgr': 6}, {'J01': 1}, {'J01': 1}, 
5255.0, {'J01': -17.6, 'top_mgr': 4}, {'J01': 1}, {'J01': 1}, 
5260.0, {'J01': -21.6, 'top_mgr': 4}, {'J01': 1}, {'J01': 1}, 
5265.0, {'J01': -29.8, 'top_mgr': 2}, {'J01': 2}, {'J01': 4}, 
5270.0, {'J01': -20.400000000000002, 'top_mgr': 1}, {'J01': 3}, {'J01': 7}, 
5275.0, {'J01': -29.200000000000003, 'top_mgr': 1}, {'J01': 6}, {'J01': 12}, 
5280.0, {'J01': -30.800000000000004, 'top_mgr': 3}, {'J01': 7}, {'J01': 13}, 
5285.0, {'J01': -26.200000000000003, 'top_mgr': 5}, {'J01': 4}, {'J01': 8}, 
5290.0, {'J01': -23.6, 'top_mgr': 4}, {'J01': 2}, {'J01': 4}, 
5295.0, {'J01': -0.0, 'top_mgr': 4}, {'J01': 0}, {'J01': 0}, 
5300.0, {'J01': -0.0, 'top_mgr': 6}, {'J01': 0}, {'J01': 0}, 
5305.0, {'J01': -0.0, 'top_mgr': 4}, {'J01': 0}, {'J01': 0}, 
5310.0, {'J01': -3.0, 'top_mgr': 2}, {'J01': 1}, {'J01': 2}, 
5315.0, {'J01': -15.000000000000002, 'top_mgr': 0}, {'J01': 3}, {'J01': 6}, 
5320.0, {'J01': -29.0, 'top_mgr': 0}, {'J01': 6}, {'J01': 12}, 
5325.0, {'J01': -32.400000000000006, 'top_mgr': 2}, {'J01': 7}, {'J01': 14}, 
5330.0, {'J01': -25.8, 'top_mgr': 6}, {'J01': 4}, {'J01': 8}, 
5335.0, {'J01': -23.400000000000002, 'top_mgr': 4}, {'J01': 2}, {'J01': 4}, 
5340.0, {'J01': -0.0, 'top_mgr': 5}, {'J01': 0}, {'J01': 0}, 
5345.0, {'J01': -3.8, 'top_mgr': 2}, {'J01': 1}, {'J01': 2}, 
5350.0, {'J01': -0.0, 'top_mgr': 3}, {'J01': 0}, {'J01': 0}, 
5355.0, {'J01': -3.4000000000000004, 'top_mgr': 1}, {'J01': 1}, {'J01': 2}, 
5360.0, {'J01': -0.0, 'top_mgr': 2}, {'J01': 0}, {'J01': 0}, 
5365.0, {'J01': -0.0, 'top_mgr': 6}, {'J01': 0}, {'J01': 0}, 
5370.0, {'J01': -0.0, 'top_mgr': 4}, {'J01': 0}, {'J01': 0}, 
5375.0, {'J01': -1.8, 'top_mgr': 5}, {'J01': 1}, {'J01': 1}, 
5380.0, {'J01': -3.8, 'top_mgr': 2}, {'J01': 1}, {'J01': 2}, 
5385.0, {'J01': -1.6, 'top_mgr': 4}, {'J01': 1}, {'J01': 1}, 
5390.0, {'J01': -5.6000000000000005, 'top_mgr': 4}, {'J01': 1}, {'J01': 1}, 
5395.0, {'J01': -9.6, 'top_mgr': 4}, {'J01': 1}, {'J01': 1}, 
5400.0, {'J01': -16.8, 'top_mgr': 2}, {'J01': 1}, {'J01': 3}, 
