5.0, {'J01': -0.0}, {'J01': 0}, {'J01': 0}, 
10.0, {'J01': -6.182}, {'J01': 0}, {'J01': 0}, 
15.0, {'J01': -0.0}, {'J01': 0}, {'J01': 0}, 
20.0, {'J01': -3.0}, {'J01': 1}, {'J01': 3}, 
25.0, {'J01': -4.0}, {'J01': 1}, {'J01': 4}, 
30.0, {'J01': -6.0}, {'J01': 2}, {'J01': 6}, 
35.0, {'J01': -10.358}, {'J01': 2}, {'J01': 6}, 
40.0, {'J01': -18.54}, {'J01': 3}, {'J01': 8}, 
45.0, {'J01': -23.54}, {'J01': 3}, {'J01': 13}, 
50.0, {'J01': -29.983000000000004}, {'J01': 4}, {'J01': 20}, 
55.0, {'J01': -23.807}, {'J01': 4}, {'J01': 12}, 
60.0, {'J01': -13.267}, {'J01': 3}, {'J01': 12}, 
65.0, {'J01': -21.267}, {'J01': 4}, {'J01': 20}, 
70.0, {'J01': -29.448999999999998}, {'J01': 6}, {'J01': 22}, 
75.0, {'J01': -38.807}, {'J01': 7}, {'J01': 27}, 
80.0, {'J01': -46.340999999999994}, {'J01': 7}, {'J01': 32}, 
85.0, {'J01': -41.159}, {'J01': 8}, {'J01': 33}, 
90.0, {'J01': -49.432}, {'J01': 8}, {'J01': 32}, 
95.0, {'J01': -63.063}, {'J01': 8}, {'J01': 32}, 
100.0, {'J01': -52.790000000000006}, {'J01': 8}, {'J01': 31}, 
105.0, {'J01': -62.506}, {'J01': 8}, {'J01': 32}, 
110.0, {'J01': -83.143}, {'J01': 7}, {'J01': 31}, 
115.0, {'J01': -80.495}, {'J01': 7}, {'J01': 32}, 
120.0, {'J01': -108.84200000000001}, {'J01': 7}, {'J01': 38}, 
125.0, {'J01': -72.87}, {'J01': 6}, {'J01': 30}, 
130.0, {'J01': -48.057}, {'J01': 5}, {'J01': 25}, 
135.0, {'J01': -71.785}, {'J01': 5}, {'J01': 24}, 
140.0, {'J01': -74.791}, {'J01': 4}, {'J01': 19}, 
145.0, {'J01': -78.24000000000001}, {'J01': 4}, {'J01': 15}, 
150.0, {'J01': -31.432}, {'J01': 3}, {'J01': 14}, 
155.0, {'J01': -49.147999999999996}, {'J01': 3}, {'J01': 23}, 
160.0, {'J01': -60.506}, {'J01': 6}, {'J01': 30}, 
165.0, {'J01': -78.489}, {'J01': 8}, {'J01': 38}, 
170.0, {'J01': -59.943}, {'J01': 8}, {'J01': 38}, 
175.0, {'J01': -84.023}, {'J01': 8}, {'J01': 41}, 
180.0, {'J01': -89.20500000000001}, {'J01': 7}, {'J01': 40}, 
185.0, {'J01': -76.785}, {'J01': 6}, {'J01': 29}, 
190.0, {'J01': -37.25}, {'J01': 5}, {'J01': 26}, 
195.0, {'J01': -50.790000000000006}, {'J01': 5}, {'J01': 29}, 
200.0, {'J01': -55.790000000000006}, {'J01': 7}, {'J01': 34}, 
205.0, {'J01': -62.239000000000004}, {'J01': 7}, {'J01': 33}, 
210.0, {'J01': -53.796}, {'J01': 5}, {'J01': 24}, 
215.0, {'J01': -31.54}, {'J01': 5}, {'J01': 21}, 
220.0, {'J01': -49.171}, {'J01': 5}, {'J01': 25}, 
225.0, {'J01': -48.989000000000004}, {'J01': 7}, {'J01': 31}, 
230.0, {'J01': -47.074}, {'J01': 8}, {'J01': 34}, 
235.0, {'J01': -47.897999999999996}, {'J01': 8}, {'J01': 33}, 
240.0, {'J01': -53.522999999999996}, {'J01': 8}, {'J01': 33}, 
245.0, {'J01': -44.722}, {'J01': 8}, {'J01': 28}, 
250.0, {'J01': -48.256}, {'J01': 8}, {'J01': 29}, 
255.0, {'J01': -46.903999999999996}, {'J01': 7}, {'J01': 24}, 
260.0, {'J01': -46.262}, {'J01': 5}, {'J01': 19}, 
265.0, {'J01': -21.358}, {'J01': 5}, {'J01': 17}, 
270.0, {'J01': -35.426}, {'J01': 5}, {'J01': 26}, 
275.0, {'J01': -58.148}, {'J01': 7}, {'J01': 32}, 
280.0, {'J01': -64.245}, {'J01': 6}, {'J01': 27}, 
285.0, {'J01': -55.978}, {'J01': 5}, {'J01': 20}, 
290.0, {'J01': -56.16}, {'J01': 5}, {'J01': 14}, 
295.0, {'J01': -71.23400000000001}, {'J01': 5}, {'J01': 16}, 
300.0, {'J01': -23.983000000000004}, {'J01': 4}, {'J01': 14}, 
305.0, {'J01': -52.063}, {'J01': 4}, {'J01': 21}, 
310.0, {'J01': -66.069}, {'J01': 6}, {'J01': 27}, 
315.0, {'J01': -67.421}, {'J01': 8}, {'J01': 32}, 
320.0, {'J01': -72.779}, {'J01': 8}, {'J01': 33}, 
325.0, {'J01': -72.42699999999999}, {'J01': 7}, {'J01': 29}, 
330.0, {'J01': -76.694}, {'J01': 7}, {'J01': 32}, 
335.0, {'J01': -87.586}, {'J01': 7}, {'J01': 36}, 
340.0, {'J01': -98.30199999999999}, {'J01': 8}, {'J01': 38}, 
345.0, {'J01': -101.66}, {'J01': 8}, {'J01': 37}, 
350.0, {'J01': -94.47800000000001}, {'J01': 8}, {'J01': 36}, 
355.0, {'J01': -93.30199999999999}, {'J01': 7}, {'J01': 33}, 
360.0, {'J01': -82.501}, {'J01': 6}, {'J01': 26}, 
365.0, {'J01': -74.524}, {'J01': 5}, {'J01': 20}, 
370.0, {'J01': -75.706}, {'J01': 4}, {'J01': 15}, 
375.0, {'J01': -70.61500000000001}, {'J01': 4}, {'J01': 13}, 
380.0, {'J01': -70.706}, {'J01': 4}, {'J01': 10}, 
385.0, {'J01': -70.706}, {'J01': 4}, {'J01': 10}, 
390.0, {'J01': -71.706}, {'J01': 4}, {'J01': 11}, 
395.0, {'J01': -79.507}, {'J01': 5}, {'J01': 15}, 
400.0, {'J01': -76.24000000000001}, {'J01': 5}, {'J01': 13}, 
405.0, {'J01': -33.699}, {'J01': 5}, {'J01': 15}, 
410.0, {'J01': -46.147999999999996}, {'J01': 5}, {'J01': 20}, 
415.0, {'J01': -60.131}, {'J01': 5}, {'J01': 24}, 
420.0, {'J01': -69.58000000000001}, {'J01': 7}, {'J01': 26}, 
425.0, {'J01': -72.84700000000001}, {'J01': 6}, {'J01': 28}, 
430.0, {'J01': -66.313}, {'J01': 6}, {'J01': 24}, 
435.0, {'J01': -64.785}, {'J01': 6}, {'J01': 17}, 
440.0, {'J01': -25.25}, {'J01': 4}, {'J01': 14}, 
445.0, {'J01': -41.262}, {'J01': 4}, {'J01': 14}, 
450.0, {'J01': -38.989000000000004}, {'J01': 7}, {'J01': 21}, 
455.0, {'J01': -47.903999999999996}, {'J01': 8}, {'J01': 25}, 
460.0, {'J01': -62.529}, {'J01': 8}, {'J01': 34}, 
465.0, {'J01': -60.444}, {'J01': 7}, {'J01': 27}, 
470.0, {'J01': -76.257}, {'J01': 5}, {'J01': 23}, 
475.0, {'J01': -39.165000000000006}, {'J01': 4}, {'J01': 23}, 
480.0, {'J01': -52.262}, {'J01': 4}, {'J01': 25}, 
485.0, {'J01': -81.961}, {'J01': 6}, {'J01': 36}, 
490.0, {'J01': -68.59700000000001}, {'J01': 6}, {'J01': 35}, 
495.0, {'J01': -85.313}, {'J01': 8}, {'J01': 43}, 
500.0, {'J01': -97.029}, {'J01': 8}, {'J01': 46}, 
505.0, {'J01': -105.83}, {'J01': 8}, {'J01': 51}, 
510.0, {'J01': -114.279}, {'J01': 8}, {'J01': 52}, 
515.0, {'J01': -95.944}, {'J01': 6}, {'J01': 40}, 
520.0, {'J01': -94.68299999999999}, {'J01': 5}, {'J01': 32}, 
525.0, {'J01': -92.507}, {'J01': 5}, {'J01': 28}, 
530.0, {'J01': -89.416}, {'J01': 5}, {'J01': 28}, 
535.0, {'J01': -89.501}, {'J01': 5}, {'J01': 33}, 
540.0, {'J01': -97.85900000000001}, {'J01': 8}, {'J01': 37}, 
545.0, {'J01': -103.041}, {'J01': 8}, {'J01': 36}, 
550.0, {'J01': -96.507}, {'J01': 7}, {'J01': 32}, 
555.0, {'J01': -41.517}, {'J01': 6}, {'J01': 29}, 
560.0, {'J01': -47.432}, {'J01': 6}, {'J01': 30}, 
565.0, {'J01': -81.60900000000001}, {'J01': 6}, {'J01': 32}, 
570.0, {'J01': -47.869}, {'J01': 8}, {'J01': 39}, 
575.0, {'J01': -63.972}, {'J01': 8}, {'J01': 36}, 
580.0, {'J01': -48.608000000000004}, {'J01': 8}, {'J01': 33}, 
585.0, {'J01': -59.057}, {'J01': 8}, {'J01': 36}, 
590.0, {'J01': -80.489}, {'J01': 8}, {'J01': 40}, 
595.0, {'J01': -83.495}, {'J01': 7}, {'J01': 35}, 
600.0, {'J01': -75.524}, {'J01': 5}, {'J01': 21}, 
605.0, {'J01': -80.43900000000001}, {'J01': 4}, {'J01': 21}, 
610.0, {'J01': -39.340999999999994}, {'J01': 4}, {'J01': 25}, 
615.0, {'J01': -54.881}, {'J01': 7}, {'J01': 30}, 
620.0, {'J01': -56.40899999999999}, {'J01': 8}, {'J01': 37}, 
625.0, {'J01': -48.608000000000004}, {'J01': 8}, {'J01': 33}, 
630.0, {'J01': -61.881}, {'J01': 8}, {'J01': 37}, 
635.0, {'J01': -69.239}, {'J01': 8}, {'J01': 40}, 
640.0, {'J01': -85.313}, {'J01': 8}, {'J01': 43}, 
645.0, {'J01': -81.60900000000001}, {'J01': 7}, {'J01': 32}, 
650.0, {'J01': -36.159}, {'J01': 6}, {'J01': 28}, 
655.0, {'J01': -61.239000000000004}, {'J01': 6}, {'J01': 32}, 
660.0, {'J01': -74.779}, {'J01': 7}, {'J01': 35}, 
665.0, {'J01': -91.762}, {'J01': 8}, {'J01': 42}, 
670.0, {'J01': -65.653}, {'J01': 8}, {'J01': 43}, 
675.0, {'J01': -65.653}, {'J01': 8}, {'J01': 43}, 
680.0, {'J01': -61.829}, {'J01': 8}, {'J01': 41}, 
685.0, {'J01': -69.193}, {'J01': 8}, {'J01': 36}, 
690.0, {'J01': -66.22200000000001}, {'J01': 6}, {'J01': 27}, 
695.0, {'J01': -44.790000000000006}, {'J01': 4}, {'J01': 23}, 
700.0, {'J01': -50.239000000000004}, {'J01': 4}, {'J01': 21}, 
705.0, {'J01': -54.978}, {'J01': 3}, {'J01': 19}, 
710.0, {'J01': -55.415}, {'J01': 5}, {'J01': 28}, 
715.0, {'J01': -73.03999999999999}, {'J01': 6}, {'J01': 40}, 
720.0, {'J01': -74.21600000000001}, {'J01': 8}, {'J01': 43}, 
725.0, {'J01': -70.864}, {'J01': 6}, {'J01': 36}, 
730.0, {'J01': -69.688}, {'J01': 5}, {'J01': 33}, 
735.0, {'J01': -72.779}, {'J01': 5}, {'J01': 33}, 
740.0, {'J01': -32.534}, {'J01': 6}, {'J01': 30}, 
745.0, {'J01': -52.989000000000004}, {'J01': 8}, {'J01': 35}, 
750.0, {'J01': -50.25}, {'J01': 8}, {'J01': 39}, 
755.0, {'J01': -56.608000000000004}, {'J01': 8}, {'J01': 41}, 
760.0, {'J01': -59.875}, {'J01': 8}, {'J01': 43}, 
765.0, {'J01': -60.141999999999996}, {'J01': 8}, {'J01': 42}, 
770.0, {'J01': -66.591}, {'J01': 8}, {'J01': 41}, 
775.0, {'J01': -49.522999999999996}, {'J01': 6}, {'J01': 29}, 
780.0, {'J01': -50.705}, {'J01': 5}, {'J01': 24}, 
785.0, {'J01': -24.267}, {'J01': 4}, {'J01': 23}, 
790.0, {'J01': -40.983000000000004}, {'J01': 4}, {'J01': 31}, 
795.0, {'J01': -52.813}, {'J01': 7}, {'J01': 33}, 
800.0, {'J01': -43.449000000000005}, {'J01': 8}, {'J01': 36}, 
805.0, {'J01': -49.25}, {'J01': 8}, {'J01': 38}, 
810.0, {'J01': -48.074}, {'J01': 7}, {'J01': 35}, 
815.0, {'J01': -51.522999999999996}, {'J01': 6}, {'J01': 31}, 
820.0, {'J01': -54.796}, {'J01': 5}, {'J01': 25}, 
825.0, {'J01': -62.069}, {'J01': 5}, {'J01': 23}, 
830.0, {'J01': -36.807}, {'J01': 4}, {'J01': 25}, 
835.0, {'J01': -51.256}, {'J01': 7}, {'J01': 32}, 
840.0, {'J01': -63.057}, {'J01': 8}, {'J01': 40}, 
845.0, {'J01': -64.148}, {'J01': 8}, {'J01': 38}, 
850.0, {'J01': -68.68199999999999}, {'J01': 8}, {'J01': 40}, 
855.0, {'J01': -70.59700000000001}, {'J01': 7}, {'J01': 37}, 
860.0, {'J01': -64.59700000000001}, {'J01': 6}, {'J01': 31}, 
865.0, {'J01': -79.05199999999999}, {'J01': 5}, {'J01': 30}, 
870.0, {'J01': -93.592}, {'J01': 5}, {'J01': 34}, 
875.0, {'J01': -53.796}, {'J01': 4}, {'J01': 24}, 
880.0, {'J01': -73.137}, {'J01': 4}, {'J01': 29}, 
885.0, {'J01': -89.67699999999999}, {'J01': 6}, {'J01': 35}, 
890.0, {'J01': -92.768}, {'J01': 5}, {'J01': 35}, 
895.0, {'J01': -82.23400000000001}, {'J01': 4}, {'J01': 27}, 
900.0, {'J01': -75.967}, {'J01': 4}, {'J01': 22}, 
905.0, {'J01': -58.688}, {'J01': 4}, {'J01': 22}, 
910.0, {'J01': -67.137}, {'J01': 5}, {'J01': 23}, 
915.0, {'J01': -84.67699999999999}, {'J01': 6}, {'J01': 30}, 
920.0, {'J01': -89.85900000000001}, {'J01': 6}, {'J01': 29}, 
925.0, {'J01': -95.774}, {'J01': 6}, {'J01': 30}, 
930.0, {'J01': -93.041}, {'J01': 6}, {'J01': 26}, 
935.0, {'J01': -81.944}, {'J01': 6}, {'J01': 26}, 
940.0, {'J01': -97.21700000000001}, {'J01': 6}, {'J01': 32}, 
945.0, {'J01': -96.041}, {'J01': 6}, {'J01': 29}, 
950.0, {'J01': -87.041}, {'J01': 6}, {'J01': 20}, 
955.0, {'J01': -86.041}, {'J01': 6}, {'J01': 19}, 
960.0, {'J01': -85.041}, {'J01': 6}, {'J01': 18}, 
965.0, {'J01': -88.308}, {'J01': 6}, {'J01': 20}, 
970.0, {'J01': -91.308}, {'J01': 6}, {'J01': 23}, 
975.0, {'J01': -95.84200000000001}, {'J01': 6}, {'J01': 25}, 
980.0, {'J01': -99.84200000000001}, {'J01': 6}, {'J01': 29}, 
985.0, {'J01': -103.10900000000001}, {'J01': 6}, {'J01': 31}, 
990.0, {'J01': -102.10900000000001}, {'J01': 7}, {'J01': 30}, 
995.0, {'J01': -94.84200000000001}, {'J01': 6}, {'J01': 24}, 
1000.0, {'J01': -95.10900000000001}, {'J01': 6}, {'J01': 23}, 
1005.0, {'J01': -99.376}, {'J01': 6}, {'J01': 26}, 
1010.0, {'J01': -106.91}, {'J01': 6}, {'J01': 31}, 
1015.0, {'J01': -114.177}, {'J01': 7}, {'J01': 37}, 
1020.0, {'J01': -117.177}, {'J01': 8}, {'J01': 40}, 
1025.0, {'J01': -113.177}, {'J01': 6}, {'J01': 36}, 
1030.0, {'J01': -109.177}, {'J01': 6}, {'J01': 32}, 
1035.0, {'J01': -106.91}, {'J01': 6}, {'J01': 31}, 
1040.0, {'J01': -107.91}, {'J01': 6}, {'J01': 32}, 
1045.0, {'J01': -55.386}, {'J01': 7}, {'J01': 34}, 
1050.0, {'J01': -51.881}, {'J01': 8}, {'J01': 27}, 
1055.0, {'J01': -56.148}, {'J01': 8}, {'J01': 30}, 
1060.0, {'J01': -92.23400000000001}, {'J01': 8}, {'J01': 37}, 
1065.0, {'J01': -50.432}, {'J01': 8}, {'J01': 33}, 
1070.0, {'J01': -55.790000000000006}, {'J01': 8}, {'J01': 34}, 
1075.0, {'J01': -66.057}, {'J01': 8}, {'J01': 43}, 
1080.0, {'J01': -75.506}, {'J01': 8}, {'J01': 45}, 
1085.0, {'J01': -66.887}, {'J01': 6}, {'J01': 34}, 
1090.0, {'J01': -56.796}, {'J01': 4}, {'J01': 27}, 
1095.0, {'J01': -54.063}, {'J01': 4}, {'J01': 23}, 
1100.0, {'J01': -59.245000000000005}, {'J01': 4}, {'J01': 22}, 
1105.0, {'J01': -58.330000000000005}, {'J01': 4}, {'J01': 26}, 
1110.0, {'J01': -49.796}, {'J01': 4}, {'J01': 20}, 
1115.0, {'J01': -30.716}, {'J01': 3}, {'J01': 22}, 
1120.0, {'J01': -44.340999999999994}, {'J01': 7}, {'J01': 30}, 
1125.0, {'J01': -58.438}, {'J01': 8}, {'J01': 33}, 
1130.0, {'J01': -38.449000000000005}, {'J01': 8}, {'J01': 31}, 
1135.0, {'J01': -52.813}, {'J01': 8}, {'J01': 33}, 
1140.0, {'J01': -53.904}, {'J01': 8}, {'J01': 31}, 
1145.0, {'J01': -43.716}, {'J01': 8}, {'J01': 35}, 
1150.0, {'J01': -52.074}, {'J01': 8}, {'J01': 39}, 
1155.0, {'J01': -60.438}, {'J01': 8}, {'J01': 35}, 
1160.0, {'J01': -59.438}, {'J01': 8}, {'J01': 34}, 
1165.0, {'J01': -57.995000000000005}, {'J01': 8}, {'J01': 32}, 
1170.0, {'J01': -66.177}, {'J01': 8}, {'J01': 34}, 
1175.0, {'J01': -50.637}, {'J01': 7}, {'J01': 29}, 
1180.0, {'J01': -31.182000000000002}, {'J01': 6}, {'J01': 25}, 
1185.0, {'J01': -48.637}, {'J01': 6}, {'J01': 27}, 
1190.0, {'J01': -44.631}, {'J01': 7}, {'J01': 31}, 
1195.0, {'J01': -63.353}, {'J01': 8}, {'J01': 33}, 
1200.0, {'J01': -74.16}, {'J01': 7}, {'J01': 32}, 
1205.0, {'J01': -73.342}, {'J01': 5}, {'J01': 25}, 
1210.0, {'J01': -70.166}, {'J01': 4}, {'J01': 20}, 
1215.0, {'J01': -69.257}, {'J01': 4}, {'J01': 16}, 
1220.0, {'J01': -19.091}, {'J01': 4}, {'J01': 16}, 
1225.0, {'J01': -39.455}, {'J01': 4}, {'J01': 24}, 
1230.0, {'J01': -33.267}, {'J01': 7}, {'J01': 32}, 
1235.0, {'J01': -38.801}, {'J01': 8}, {'J01': 35}, 
1240.0, {'J01': -46.693000000000005}, {'J01': 8}, {'J01': 36}, 
1245.0, {'J01': -47.784000000000006}, {'J01': 8}, {'J01': 34}, 
1250.0, {'J01': -44.517}, {'J01': 8}, {'J01': 32}, 
1255.0, {'J01': -42.426}, {'J01': 8}, {'J01': 33}, 
1260.0, {'J01': -37.159}, {'J01': 8}, {'J01': 29}, 
1265.0, {'J01': -56.141999999999996}, {'J01': 8}, {'J01': 38}, 
1270.0, {'J01': -44.25}, {'J01': 7}, {'J01': 33}, 
1275.0, {'J01': -50.790000000000006}, {'J01': 7}, {'J01': 29}, 
1280.0, {'J01': -48.522999999999996}, {'J01': 7}, {'J01': 28}, 
1285.0, {'J01': -43.608000000000004}, {'J01': 6}, {'J01': 28}, 
1290.0, {'J01': -63.506}, {'J01': 6}, {'J01': 33}, 
1295.0, {'J01': -72.131}, {'J01': 6}, {'J01': 36}, 
1300.0, {'J01': -51.141999999999996}, {'J01': 6}, {'J01': 33}, 
1305.0, {'J01': -50.608000000000004}, {'J01': 8}, {'J01': 35}, 
1310.0, {'J01': -56.614}, {'J01': 8}, {'J01': 33}, 
1315.0, {'J01': -50.347}, {'J01': 6}, {'J01': 28}, 
1320.0, {'J01': -38.813}, {'J01': 4}, {'J01': 19}, 
1325.0, {'J01': -35.637}, {'J01': 4}, {'J01': 14}, 
1330.0, {'J01': -17.091}, {'J01': 4}, {'J01': 14}, 
1335.0, {'J01': -44.903999999999996}, {'J01': 4}, {'J01': 22}, 
1340.0, {'J01': -48.813}, {'J01': 6}, {'J01': 29}, 
1345.0, {'J01': -51.72200000000001}, {'J01': 8}, {'J01': 35}, 
1350.0, {'J01': -64.262}, {'J01': 8}, {'J01': 37}, 
1355.0, {'J01': -54.904}, {'J01': 7}, {'J01': 32}, 
1360.0, {'J01': -45.637}, {'J01': 5}, {'J01': 24}, 
1365.0, {'J01': -33.716}, {'J01': 5}, {'J01': 25}, 
1370.0, {'J01': -47.262}, {'J01': 4}, {'J01': 20}, 
1375.0, {'J01': -48.262}, {'J01': 4}, {'J01': 21}, 
1380.0, {'J01': -42.171}, {'J01': 4}, {'J01': 18}, 
1385.0, {'J01': -50.620000000000005}, {'J01': 4}, {'J01': 19}, 
1390.0, {'J01': -57.80200000000001}, {'J01': 4}, {'J01': 20}, 
1395.0, {'J01': -50.353}, {'J01': 4}, {'J01': 20}, 
1400.0, {'J01': -68.342}, {'J01': 3}, {'J01': 20}, 
1405.0, {'J01': -84.706}, {'J01': 3}, {'J01': 24}, 
1410.0, {'J01': -89.706}, {'J01': 4}, {'J01': 29}, 
1415.0, {'J01': -83.706}, {'J01': 4}, {'J01': 23}, 
1420.0, {'J01': -83.706}, {'J01': 4}, {'J01': 23}, 
1425.0, {'J01': -66.98400000000001}, {'J01': 4}, {'J01': 23}, 
1430.0, {'J01': -85.97300000000001}, {'J01': 4}, {'J01': 24}, 
1435.0, {'J01': -82.706}, {'J01': 4}, {'J01': 22}, 
1440.0, {'J01': -85.706}, {'J01': 4}, {'J01': 25}, 
1445.0, {'J01': -84.97300000000001}, {'J01': 4}, {'J01': 23}, 
1450.0, {'J01': -88.24000000000001}, {'J01': 4}, {'J01': 25}, 
1455.0, {'J01': -89.507}, {'J01': 4}, {'J01': 25}, 
1460.0, {'J01': -101.041}, {'J01': 6}, {'J01': 34}, 
1465.0, {'J01': -107.308}, {'J01': 7}, {'J01': 39}, 
1470.0, {'J01': -100.774}, {'J01': 7}, {'J01': 35}, 
1475.0, {'J01': -99.041}, {'J01': 6}, {'J01': 32}, 
1480.0, {'J01': -97.041}, {'J01': 6}, {'J01': 30}, 
1485.0, {'J01': -104.575}, {'J01': 6}, {'J01': 35}, 
1490.0, {'J01': -100.041}, {'J01': 7}, {'J01': 33}, 
1495.0, {'J01': -102.308}, {'J01': 6}, {'J01': 34}, 
1500.0, {'J01': -99.308}, {'J01': 6}, {'J01': 31}, 
1505.0, {'J01': -104.575}, {'J01': 7}, {'J01': 35}, 
1510.0, {'J01': -110.84200000000001}, {'J01': 8}, {'J01': 40}, 
1515.0, {'J01': -106.575}, {'J01': 8}, {'J01': 37}, 
1520.0, {'J01': -107.575}, {'J01': 8}, {'J01': 38}, 
1525.0, {'J01': -108.84200000000001}, {'J01': 8}, {'J01': 38}, 
1530.0, {'J01': -113.376}, {'J01': 8}, {'J01': 40}, 
1535.0, {'J01': -115.643}, {'J01': 8}, {'J01': 41}, 
1540.0, {'J01': -111.643}, {'J01': 7}, {'J01': 37}, 
1545.0, {'J01': -108.376}, {'J01': 7}, {'J01': 35}, 
1550.0, {'J01': -63.483}, {'J01': 5}, {'J01': 31}, 
1555.0, {'J01': -77.58000000000001}, {'J01': 6}, {'J01': 34}, 
1560.0, {'J01': -93.20500000000001}, {'J01': 8}, {'J01': 44}, 
1565.0, {'J01': -119.376}, {'J01': 8}, {'J01': 46}, 
1570.0, {'J01': -61.943}, {'J01': 8}, {'J01': 40}, 
1575.0, {'J01': -59.676}, {'J01': 8}, {'J01': 39}, 
1580.0, {'J01': -78.398}, {'J01': 8}, {'J01': 41}, 
1585.0, {'J01': -53.494}, {'J01': 8}, {'J01': 39}, 
1590.0, {'J01': -61.324}, {'J01': 8}, {'J01': 37}, 
1595.0, {'J01': -53.051}, {'J01': 8}, {'J01': 38}, 
1600.0, {'J01': -66.591}, {'J01': 8}, {'J01': 41}, 
1605.0, {'J01': -58.881}, {'J01': 7}, {'J01': 34}, 
1610.0, {'J01': -48.522999999999996}, {'J01': 6}, {'J01': 28}, 
1615.0, {'J01': -66.154}, {'J01': 6}, {'J01': 32}, 
1620.0, {'J01': -56.353}, {'J01': 6}, {'J01': 26}, 
1625.0, {'J01': -58.183}, {'J01': 4}, {'J01': 18}, 
1630.0, {'J01': -28.364}, {'J01': 3}, {'J01': 16}, 
1635.0, {'J01': -42.08}, {'J01': 3}, {'J01': 21}, 
1640.0, {'J01': -60.444}, {'J01': 6}, {'J01': 27}, 
1645.0, {'J01': -80.251}, {'J01': 8}, {'J01': 35}, 
1650.0, {'J01': -77.075}, {'J01': 7}, {'J01': 30}, 
1655.0, {'J01': -67.802}, {'J01': 7}, {'J01': 30}, 
1660.0, {'J01': -74.518}, {'J01': 6}, {'J01': 28}, 
1665.0, {'J01': -40.455}, {'J01': 6}, {'J01': 25}, 
1670.0, {'J01': -66.97800000000001}, {'J01': 6}, {'J01': 31}, 
1675.0, {'J01': -49.989000000000004}, {'J01': 7}, {'J01': 32}, 
1680.0, {'J01': -65.35300000000001}, {'J01': 8}, {'J01': 35}, 
1685.0, {'J01': -61.614}, {'J01': 8}, {'J01': 38}, 
1690.0, {'J01': -50.340999999999994}, {'J01': 8}, {'J01': 36}, 
1695.0, {'J01': -56.347}, {'J01': 8}, {'J01': 34}, 
1700.0, {'J01': -47.25}, {'J01': 8}, {'J01': 36}, 
1705.0, {'J01': -64.705}, {'J01': 8}, {'J01': 38}, 
1710.0, {'J01': -76.97800000000001}, {'J01': 8}, {'J01': 41}, 
1715.0, {'J01': -63.262}, {'J01': 7}, {'J01': 36}, 
1720.0, {'J01': -60.001000000000005}, {'J01': 5}, {'J01': 26}, 
1725.0, {'J01': -35.364000000000004}, {'J01': 4}, {'J01': 23}, 
1730.0, {'J01': -47.728}, {'J01': 4}, {'J01': 23}, 
1735.0, {'J01': -44.897999999999996}, {'J01': 6}, {'J01': 30}, 
1740.0, {'J01': -51.340999999999994}, {'J01': 8}, {'J01': 37}, 
1745.0, {'J01': -62.96600000000001}, {'J01': 8}, {'J01': 43}, 
1750.0, {'J01': -59.875}, {'J01': 8}, {'J01': 43}, 
1755.0, {'J01': -84.60300000000001}, {'J01': 8}, {'J01': 43}, 
1760.0, {'J01': -77.42699999999999}, {'J01': 6}, {'J01': 34}, 
1765.0, {'J01': -69.33600000000001}, {'J01': 4}, {'J01': 29}, 
1770.0, {'J01': -71.518}, {'J01': 4}, {'J01': 25}, 
1775.0, {'J01': -73.7}, {'J01': 4}, {'J01': 21}, 
1780.0, {'J01': -33.631}, {'J01': 3}, {'J01': 20}, 
1785.0, {'J01': -44.903999999999996}, {'J01': 3}, {'J01': 22}, 
1790.0, {'J01': -43.897999999999996}, {'J01': 6}, {'J01': 29}, 
1795.0, {'J01': -52.165000000000006}, {'J01': 8}, {'J01': 36}, 
1800.0, {'J01': -62.438}, {'J01': 8}, {'J01': 37}, 
1805.0, {'J01': -77.069}, {'J01': 8}, {'J01': 38}, 
1810.0, {'J01': -68.535}, {'J01': 7}, {'J01': 32}, 
1815.0, {'J01': -60.444}, {'J01': 5}, {'J01': 27}, 
1820.0, {'J01': -57.535000000000004}, {'J01': 4}, {'J01': 21}, 
1825.0, {'J01': -54.80200000000001}, {'J01': 3}, {'J01': 17}, 
1830.0, {'J01': -55.535000000000004}, {'J01': 3}, {'J01': 19}, 
1835.0, {'J01': -47.08}, {'J01': 5}, {'J01': 26}, 
1840.0, {'J01': -61.529}, {'J01': 8}, {'J01': 33}, 
1845.0, {'J01': -60.262}, {'J01': 7}, {'J01': 33}, 
1850.0, {'J01': -56.262}, {'J01': 5}, {'J01': 29}, 
1855.0, {'J01': -52.529}, {'J01': 4}, {'J01': 24}, 
1860.0, {'J01': -48.529}, {'J01': 4}, {'J01': 20}, 
1865.0, {'J01': -47.529}, {'J01': 3}, {'J01': 19}, 
1870.0, {'J01': -46.529}, {'J01': 3}, {'J01': 18}, 
1875.0, {'J01': -55.80200000000001}, {'J01': 3}, {'J01': 18}, 
1880.0, {'J01': -64.075}, {'J01': 4}, {'J01': 17}, 
1885.0, {'J01': -65.342}, {'J01': 4}, {'J01': 17}, 
1890.0, {'J01': -58.16}, {'J01': 4}, {'J01': 16}, 
1895.0, {'J01': -31.989}, {'J01': 3}, {'J01': 14}, 
1900.0, {'J01': -43.347}, {'J01': 4}, {'J01': 21}, 
1905.0, {'J01': -61.330000000000005}, {'J01': 7}, {'J01': 29}, 
1910.0, {'J01': -70.60300000000001}, {'J01': 7}, {'J01': 29}, 
1915.0, {'J01': -71.342}, {'J01': 5}, {'J01': 23}, 
1920.0, {'J01': -30.455000000000002}, {'J01': 4}, {'J01': 15}, 
1925.0, {'J01': -38.347}, {'J01': 4}, {'J01': 16}, 
1930.0, {'J01': -28.983000000000004}, {'J01': 6}, {'J01': 19}, 
1935.0, {'J01': -31.983000000000004}, {'J01': 7}, {'J01': 22}, 
1940.0, {'J01': -31.067999999999998}, {'J01': 8}, {'J01': 26}, 
1945.0, {'J01': -66.069}, {'J01': 8}, {'J01': 27}, 
1950.0, {'J01': -64.71100000000001}, {'J01': 8}, {'J01': 30}, 
1955.0, {'J01': -74.893}, {'J01': 8}, {'J01': 34}, 
1960.0, {'J01': -52.256}, {'J01': 8}, {'J01': 33}, 
1965.0, {'J01': -52.522999999999996}, {'J01': 8}, {'J01': 32}, 
1970.0, {'J01': -55.995000000000005}, {'J01': 8}, {'J01': 30}, 
1975.0, {'J01': -58.529}, {'J01': 8}, {'J01': 30}, 
1980.0, {'J01': -59.972}, {'J01': 8}, {'J01': 32}, 
1985.0, {'J01': -51.790000000000006}, {'J01': 8}, {'J01': 30}, 
1990.0, {'J01': -67.688}, {'J01': 8}, {'J01': 31}, 
1995.0, {'J01': -68.33600000000001}, {'J01': 8}, {'J01': 28}, 
2000.0, {'J01': -65.421}, {'J01': 7}, {'J01': 30}, 
2005.0, {'J01': -61.154}, {'J01': 6}, {'J01': 27}, 
2010.0, {'J01': -68.245}, {'J01': 6}, {'J01': 31}, 
2015.0, {'J01': -62.711000000000006}, {'J01': 5}, {'J01': 28}, 
2020.0, {'J01': -29.358}, {'J01': 4}, {'J01': 25}, 
2025.0, {'J01': -58.796}, {'J01': 4}, {'J01': 29}, 
2030.0, {'J01': -83.137}, {'J01': 7}, {'J01': 39}, 
2035.0, {'J01': -78.955}, {'J01': 8}, {'J01': 41}, 
2040.0, {'J01': -82.04599999999999}, {'J01': 8}, {'J01': 41}, 
2045.0, {'J01': -87.228}, {'J01': 8}, {'J01': 40}, 
2050.0, {'J01': -94.41}, {'J01': 8}, {'J01': 41}, 
2055.0, {'J01': -80.785}, {'J01': 6}, {'J01': 33}, 
2060.0, {'J01': -66.421}, {'J01': 5}, {'J01': 31}, 
2065.0, {'J01': -69.04599999999999}, {'J01': 6}, {'J01': 28}, 
2070.0, {'J01': -80.85300000000001}, {'J01': 6}, {'J01': 28}, 
2075.0, {'J01': -82.768}, {'J01': 6}, {'J01': 25}, 
2080.0, {'J01': -91.308}, {'J01': 6}, {'J01': 23}, 
2085.0, {'J01': -32.784}, {'J01': 4}, {'J01': 19}, 
2090.0, {'J01': -48.147999999999996}, {'J01': 4}, {'J01': 22}, 
2095.0, {'J01': -64.33000000000001}, {'J01': 7}, {'J01': 32}, 
2100.0, {'J01': -72.688}, {'J01': 8}, {'J01': 36}, 
2105.0, {'J01': -77.955}, {'J01': 8}, {'J01': 40}, 
2110.0, {'J01': -85.137}, {'J01': 8}, {'J01': 41}, 
2115.0, {'J01': -88.404}, {'J01': 8}, {'J01': 43}, 
2120.0, {'J01': -79.87}, {'J01': 7}, {'J01': 37}, 
2125.0, {'J01': -53.233000000000004}, {'J01': 6}, {'J01': 32}, 
2130.0, {'J01': -74.22200000000001}, {'J01': 6}, {'J01': 35}, 
2135.0, {'J01': -79.66499999999999}, {'J01': 7}, {'J01': 41}, 
2140.0, {'J01': -53.051}, {'J01': 8}, {'J01': 38}, 
2145.0, {'J01': -72.421}, {'J01': 8}, {'J01': 37}, 
2150.0, {'J01': -71.421}, {'J01': 8}, {'J01': 36}, 
2155.0, {'J01': -58.141999999999996}, {'J01': 8}, {'J01': 40}, 
2160.0, {'J01': -76.03999999999999}, {'J01': 8}, {'J01': 43}, 
2165.0, {'J01': -67.33000000000001}, {'J01': 7}, {'J01': 35}, 
2170.0, {'J01': -69.779}, {'J01': 6}, {'J01': 30}, 
2175.0, {'J01': -59.80200000000001}, {'J01': 5}, {'J01': 22}, 
2180.0, {'J01': -57.069}, {'J01': 4}, {'J01': 18}, 
2185.0, {'J01': -68.43299999999999}, {'J01': 4}, {'J01': 17}, 
2190.0, {'J01': -67.7}, {'J01': 4}, {'J01': 15}, 
2195.0, {'J01': -68.7}, {'J01': 4}, {'J01': 16}, 
2200.0, {'J01': -68.7}, {'J01': 4}, {'J01': 16}, 
2205.0, {'J01': -77.97300000000001}, {'J01': 4}, {'J01': 16}, 
2210.0, {'J01': -29.722}, {'J01': 3}, {'J01': 13}, 
2215.0, {'J01': -32.722}, {'J01': 3}, {'J01': 16}, 
2220.0, {'J01': -30.25}, {'J01': 4}, {'J01': 19}, 
2225.0, {'J01': -42.347}, {'J01': 4}, {'J01': 20}, 
2230.0, {'J01': -49.347}, {'J01': 6}, {'J01': 27}, 
2235.0, {'J01': -55.881}, {'J01': 6}, {'J01': 31}, 
2240.0, {'J01': -43.08}, {'J01': 6}, {'J01': 22}, 
2245.0, {'J01': -51.444}, {'J01': 4}, {'J01': 18}, 
2250.0, {'J01': -53.626}, {'J01': 4}, {'J01': 14}, 
2255.0, {'J01': -54.893}, {'J01': 4}, {'J01': 14}, 
2260.0, {'J01': -37.347}, {'J01': 4}, {'J01': 15}, 
2265.0, {'J01': -49.978}, {'J01': 4}, {'J01': 14}, 
2270.0, {'J01': -60.251}, {'J01': 4}, {'J01': 15}, 
2275.0, {'J01': -57.336000000000006}, {'J01': 4}, {'J01': 17}, 
2280.0, {'J01': -57.336000000000006}, {'J01': 4}, {'J01': 17}, 
2285.0, {'J01': -59.427}, {'J01': 4}, {'J01': 16}, 
2290.0, {'J01': -43.796}, {'J01': 4}, {'J01': 14}, 
2295.0, {'J01': -52.42100000000001}, {'J01': 4}, {'J01': 17}, 
2300.0, {'J01': -29.989}, {'J01': 3}, {'J01': 12}, 
2305.0, {'J01': -50.711000000000006}, {'J01': 4}, {'J01': 16}, 
2310.0, {'J01': -60.245000000000005}, {'J01': 4}, {'J01': 23}, 
2315.0, {'J01': -49.233000000000004}, {'J01': 7}, {'J01': 28}, 
2320.0, {'J01': -42.522999999999996}, {'J01': 6}, {'J01': 22}, 
2325.0, {'J01': -56.711000000000006}, {'J01': 6}, {'J01': 22}, 
2330.0, {'J01': -46.262}, {'J01': 6}, {'J01': 19}, 
2335.0, {'J01': -45.08}, {'J01': 7}, {'J01': 24}, 
2340.0, {'J01': -53.614}, {'J01': 8}, {'J01': 30}, 
2345.0, {'J01': -50.438}, {'J01': 6}, {'J01': 25}, 
2350.0, {'J01': -20.0}, {'J01': 5}, {'J01': 20}, 
2355.0, {'J01': -45.903999999999996}, {'J01': 5}, {'J01': 23}, 
2360.0, {'J01': -39.631}, {'J01': 6}, {'J01': 26}, 
2365.0, {'J01': -56.347}, {'J01': 8}, {'J01': 34}, 
2370.0, {'J01': -61.17700000000001}, {'J01': 7}, {'J01': 29}, 
2375.0, {'J01': -57.444}, {'J01': 5}, {'J01': 24}, 
2380.0, {'J01': -55.711000000000006}, {'J01': 5}, {'J01': 21}, 
2385.0, {'J01': -50.711000000000006}, {'J01': 5}, {'J01': 16}, 
2390.0, {'J01': -57.893}, {'J01': 5}, {'J01': 17}, 
2395.0, {'J01': -57.893}, {'J01': 5}, {'J01': 17}, 
2400.0, {'J01': -28.983000000000004}, {'J01': 5}, {'J01': 19}, 
2405.0, {'J01': -59.688}, {'J01': 4}, {'J01': 23}, 
2410.0, {'J01': -62.336000000000006}, {'J01': 4}, {'J01': 22}, 
2415.0, {'J01': -63.427}, {'J01': 5}, {'J01': 20}, 
2420.0, {'J01': -64.42699999999999}, {'J01': 5}, {'J01': 21}, 
2425.0, {'J01': -71.694}, {'J01': 5}, {'J01': 27}, 
2430.0, {'J01': -61.80200000000001}, {'J01': 5}, {'J01': 24}, 
2435.0, {'J01': -70.43299999999999}, {'J01': 5}, {'J01': 19}, 
2440.0, {'J01': -68.43299999999999}, {'J01': 5}, {'J01': 17}, 
2445.0, {'J01': -74.61500000000001}, {'J01': 5}, {'J01': 17}, 
2450.0, {'J01': -22.448999999999998}, {'J01': 4}, {'J01': 15}, 
2455.0, {'J01': -22.716}, {'J01': 4}, {'J01': 14}, 
2460.0, {'J01': -38.347}, {'J01': 3}, {'J01': 16}, 
2465.0, {'J01': -35.432}, {'J01': 4}, {'J01': 18}, 
2470.0, {'J01': -37.165000000000006}, {'J01': 5}, {'J01': 21}, 
2475.0, {'J01': -36.074}, {'J01': 6}, {'J01': 23}, 
2480.0, {'J01': -40.517}, {'J01': 8}, {'J01': 28}, 
2485.0, {'J01': -36.335}, {'J01': 8}, {'J01': 30}, 
2490.0, {'J01': -42.693000000000005}, {'J01': 8}, {'J01': 32}, 
2495.0, {'J01': -44.96}, {'J01': 8}, {'J01': 33}, 
2500.0, {'J01': -44.693000000000005}, {'J01': 8}, {'J01': 34}, 
2505.0, {'J01': -62.590999999999994}, {'J01': 8}, {'J01': 37}, 
2510.0, {'J01': -65.477}, {'J01': 8}, {'J01': 41}, 
2515.0, {'J01': -66.301}, {'J01': 8}, {'J01': 40}, 
2520.0, {'J01': -70.21600000000001}, {'J01': 8}, {'J01': 39}, 
2525.0, {'J01': -63.415}, {'J01': 7}, {'J01': 36}, 
2530.0, {'J01': -60.887}, {'J01': 5}, {'J01': 28}, 
2535.0, {'J01': -57.620000000000005}, {'J01': 5}, {'J01': 26}, 
2540.0, {'J01': -39.25}, {'J01': 5}, {'J01': 28}, 
2545.0, {'J01': -56.614}, {'J01': 7}, {'J01': 33}, 
2550.0, {'J01': -41.335}, {'J01': 8}, {'J01': 35}, 
2555.0, {'J01': -55.141999999999996}, {'J01': 8}, {'J01': 37}, 
2560.0, {'J01': -45.517}, {'J01': 8}, {'J01': 33}, 
2565.0, {'J01': -41.602000000000004}, {'J01': 8}, {'J01': 34}, 
2570.0, {'J01': -47.869}, {'J01': 8}, {'J01': 39}, 
2575.0, {'J01': -58.40899999999999}, {'J01': 8}, {'J01': 39}, 
2580.0, {'J01': -56.585}, {'J01': 8}, {'J01': 39}, 
2585.0, {'J01': -54.494}, {'J01': 8}, {'J01': 40}, 
2590.0, {'J01': -65.943}, {'J01': 8}, {'J01': 44}, 
2595.0, {'J01': -62.852000000000004}, {'J01': 8}, {'J01': 44}, 
2600.0, {'J01': -71.392}, {'J01': 8}, {'J01': 42}, 
2605.0, {'J01': -70.392}, {'J01': 8}, {'J01': 41}, 
2610.0, {'J01': -60.063}, {'J01': 6}, {'J01': 29}, 
2615.0, {'J01': -51.086}, {'J01': 4}, {'J01': 22}, 
2620.0, {'J01': -56.711000000000006}, {'J01': 4}, {'J01': 22}, 
2625.0, {'J01': -51.444}, {'J01': 4}, {'J01': 18}, 
2630.0, {'J01': -44.353}, {'J01': 4}, {'J01': 14}, 
2635.0, {'J01': -55.893}, {'J01': 4}, {'J01': 15}, 
2640.0, {'J01': -71.524}, {'J01': 4}, {'J01': 17}, 
2645.0, {'J01': -79.97300000000001}, {'J01': 4}, {'J01': 18}, 
2650.0, {'J01': -86.24000000000001}, {'J01': 4}, {'J01': 23}, 
2655.0, {'J01': -88.24000000000001}, {'J01': 4}, {'J01': 25}, 
2660.0, {'J01': -82.97300000000001}, {'J01': 4}, {'J01': 21}, 
2665.0, {'J01': -79.24000000000001}, {'J01': 4}, {'J01': 16}, 
2670.0, {'J01': -83.24000000000001}, {'J01': 4}, {'J01': 20}, 
2675.0, {'J01': -79.24000000000001}, {'J01': 4}, {'J01': 16}, 
2680.0, {'J01': -79.24000000000001}, {'J01': 4}, {'J01': 16}, 
2685.0, {'J01': -81.507}, {'J01': 5}, {'J01': 17}, 
2690.0, {'J01': -83.774}, {'J01': 5}, {'J01': 18}, 
2695.0, {'J01': -84.507}, {'J01': 5}, {'J01': 20}, 
2700.0, {'J01': -81.507}, {'J01': 5}, {'J01': 17}, 
2705.0, {'J01': -81.507}, {'J01': 5}, {'J01': 17}, 
2710.0, {'J01': -81.507}, {'J01': 5}, {'J01': 17}, 
2715.0, {'J01': -81.507}, {'J01': 5}, {'J01': 17}, 
2720.0, {'J01': -82.507}, {'J01': 5}, {'J01': 18}, 
2725.0, {'J01': -82.507}, {'J01': 5}, {'J01': 18}, 
2730.0, {'J01': -82.507}, {'J01': 5}, {'J01': 18}, 
2735.0, {'J01': -82.507}, {'J01': 5}, {'J01': 18}, 
2740.0, {'J01': -83.507}, {'J01': 5}, {'J01': 19}, 
2745.0, {'J01': -83.507}, {'J01': 5}, {'J01': 19}, 
2750.0, {'J01': -83.507}, {'J01': 5}, {'J01': 19}, 
2755.0, {'J01': -83.507}, {'J01': 5}, {'J01': 19}, 
2760.0, {'J01': -79.24000000000001}, {'J01': 5}, {'J01': 16}, 
2765.0, {'J01': -81.774}, {'J01': 5}, {'J01': 16}, 
2770.0, {'J01': -91.308}, {'J01': 6}, {'J01': 23}, 
2775.0, {'J01': -87.041}, {'J01': 6}, {'J01': 20}, 
2780.0, {'J01': -85.041}, {'J01': 6}, {'J01': 18}, 
2785.0, {'J01': -88.308}, {'J01': 6}, {'J01': 20}, 
2790.0, {'J01': -90.308}, {'J01': 6}, {'J01': 22}, 
2795.0, {'J01': -93.308}, {'J01': 6}, {'J01': 25}, 
2800.0, {'J01': -107.643}, {'J01': 7}, {'J01': 33}, 
2805.0, {'J01': -117.177}, {'J01': 7}, {'J01': 40}, 
2810.0, {'J01': -117.177}, {'J01': 7}, {'J01': 40}, 
2815.0, {'J01': -119.177}, {'J01': 8}, {'J01': 42}, 
2820.0, {'J01': -123.444}, {'J01': 7}, {'J01': 45}, 
2825.0, {'J01': -122.444}, {'J01': 8}, {'J01': 44}, 
2830.0, {'J01': -124.71100000000001}, {'J01': 7}, {'J01': 45}, 
2835.0, {'J01': -129.245}, {'J01': 8}, {'J01': 47}, 
2840.0, {'J01': -133.779}, {'J01': 7}, {'J01': 49}, 
2845.0, {'J01': -116.177}, {'J01': 7}, {'J01': 39}, 
2850.0, {'J01': -110.91}, {'J01': 7}, {'J01': 35}, 
2855.0, {'J01': -114.91}, {'J01': 7}, {'J01': 39}, 
2860.0, {'J01': -123.444}, {'J01': 8}, {'J01': 45}, 
2865.0, {'J01': -126.444}, {'J01': 8}, {'J01': 48}, 
2870.0, {'J01': -128.711}, {'J01': 8}, {'J01': 49}, 
2875.0, {'J01': -128.711}, {'J01': 8}, {'J01': 49}, 
2880.0, {'J01': -130.978}, {'J01': 8}, {'J01': 50}, 
2885.0, {'J01': -133.245}, {'J01': 8}, {'J01': 51}, 
2890.0, {'J01': -135.512}, {'J01': 8}, {'J01': 52}, 
2895.0, {'J01': -140.046}, {'J01': 8}, {'J01': 54}, 
2900.0, {'J01': -144.58}, {'J01': 9}, {'J01': 56}, 
2905.0, {'J01': -151.381}, {'J01': 10}, {'J01': 59}, 
2910.0, {'J01': -125.034}, {'J01': 11}, {'J01': 55}, 
2915.0, {'J01': -129.245}, {'J01': 13}, {'J01': 47}, 
2920.0, {'J01': -129.421}, {'J01': 13}, {'J01': 49}, 
2925.0, {'J01': -141.313}, {'J01': 13}, {'J01': 54}, 
2930.0, {'J01': -146.847}, {'J01': 13}, {'J01': 57}, 
2935.0, {'J01': -149.114}, {'J01': 13}, {'J01': 58}, 
2940.0, {'J01': -151.381}, {'J01': 14}, {'J01': 59}, 
2945.0, {'J01': -155.91500000000002}, {'J01': 14}, {'J01': 61}, 
2950.0, {'J01': -158.18200000000002}, {'J01': 14}, {'J01': 62}, 
2955.0, {'J01': -140.284}, {'J01': 14}, {'J01': 59}, 
2960.0, {'J01': -158.625}, {'J01': 14}, {'J01': 63}, 
2965.0, {'J01': -161.716}, {'J01': 14}, {'J01': 63}, 
2970.0, {'J01': -168.517}, {'J01': 16}, {'J01': 66}, 
2975.0, {'J01': -173.051}, {'J01': 17}, {'J01': 68}, 
2980.0, {'J01': -175.31799999999998}, {'J01': 18}, {'J01': 69}, 
2985.0, {'J01': -175.31799999999998}, {'J01': 18}, {'J01': 69}, 
2990.0, {'J01': -179.852}, {'J01': 19}, {'J01': 71}, 
2995.0, {'J01': -161.25}, {'J01': 16}, {'J01': 60}, 
3000.0, {'J01': -137.648}, {'J01': 15}, {'J01': 44}, 
3005.0, {'J01': -124.58000000000001}, {'J01': 15}, {'J01': 36}, 
3010.0, {'J01': -116.046}, {'J01': 15}, {'J01': 30}, 
3015.0, {'J01': -125.58000000000001}, {'J01': 15}, {'J01': 37}, 
3020.0, {'J01': -112.512}, {'J01': 12}, {'J01': 29}, 
3025.0, {'J01': -107.444}, {'J01': 8}, {'J01': 29}, 
3030.0, {'J01': -98.91}, {'J01': 6}, {'J01': 23}, 
3035.0, {'J01': -100.643}, {'J01': 5}, {'J01': 26}, 
3040.0, {'J01': -92.10900000000001}, {'J01': 5}, {'J01': 20}, 
3045.0, {'J01': -97.10900000000001}, {'J01': 5}, {'J01': 25}, 
3050.0, {'J01': -90.575}, {'J01': 5}, {'J01': 21}, 
3055.0, {'J01': -90.575}, {'J01': 5}, {'J01': 21}, 
3060.0, {'J01': -96.10900000000001}, {'J01': 5}, {'J01': 24}, 
3065.0, {'J01': -94.84200000000001}, {'J01': 5}, {'J01': 24}, 
3070.0, {'J01': -93.84200000000001}, {'J01': 5}, {'J01': 23}, 
3075.0, {'J01': -94.84200000000001}, {'J01': 5}, {'J01': 24}, 
3080.0, {'J01': -48.682}, {'J01': 4}, {'J01': 20}, 
3085.0, {'J01': -66.228}, {'J01': 4}, {'J01': 19}, 
3090.0, {'J01': -67.137}, {'J01': 4}, {'J01': 23}, 
3095.0, {'J01': -94.041}, {'J01': 5}, {'J01': 27}, 
3100.0, {'J01': -100.308}, {'J01': 5}, {'J01': 32}, 
3105.0, {'J01': -107.308}, {'J01': 6}, {'J01': 39}, 
3110.0, {'J01': -110.308}, {'J01': 8}, {'J01': 42}, 
3115.0, {'J01': -65.767}, {'J01': 7}, {'J01': 42}, 
3120.0, {'J01': -82.489}, {'J01': 7}, {'J01': 42}, 
3125.0, {'J01': -87.756}, {'J01': 8}, {'J01': 46}, 
3130.0, {'J01': -94.114}, {'J01': 8}, {'J01': 48}, 
3135.0, {'J01': -73.392}, {'J01': 8}, {'J01': 44}, 
3140.0, {'J01': -67.653}, {'J01': 8}, {'J01': 45}, 
3145.0, {'J01': -70.92}, {'J01': 8}, {'J01': 47}, 
3150.0, {'J01': -69.83500000000001}, {'J01': 6}, {'J01': 41}, 
3155.0, {'J01': -69.017}, {'J01': 7}, {'J01': 34}, 
3160.0, {'J01': -76.29}, {'J01': 7}, {'J01': 32}, 
3165.0, {'J01': -81.824}, {'J01': 8}, {'J01': 35}, 
3170.0, {'J01': -110.432}, {'J01': 9}, {'J01': 48}, 
3175.0, {'J01': -90.91499999999999}, {'J01': 9}, {'J01': 41}, 
3180.0, {'J01': -99.54599999999999}, {'J01': 11}, {'J01': 36}, 
3185.0, {'J01': -69.903}, {'J01': 10}, {'J01': 36}, 
3190.0, {'J01': -80.53399999999999}, {'J01': 9}, {'J01': 33}, 
3195.0, {'J01': -93.989}, {'J01': 9}, {'J01': 31}, 
3200.0, {'J01': -101.262}, {'J01': 9}, {'J01': 29}, 
3205.0, {'J01': -101.262}, {'J01': 9}, {'J01': 29}, 
3210.0, {'J01': -77.53399999999999}, {'J01': 9}, {'J01': 30}, 
3215.0, {'J01': -81.807}, {'J01': 9}, {'J01': 25}, 
3220.0, {'J01': -96.34700000000001}, {'J01': 9}, {'J01': 29}, 
3225.0, {'J01': -102.529}, {'J01': 9}, {'J01': 29}, 
3230.0, {'J01': -99.438}, {'J01': 9}, {'J01': 29}, 
3235.0, {'J01': -93.256}, {'J01': 9}, {'J01': 29}, 
3240.0, {'J01': -61.164}, {'J01': 9}, {'J01': 34}, 
3245.0, {'J01': -71.727}, {'J01': 7}, {'J01': 36}, 
3250.0, {'J01': -78.08500000000001}, {'J01': 8}, {'J01': 38}, 
3255.0, {'J01': -75.903}, {'J01': 8}, {'J01': 42}, 
3260.0, {'J01': -85.08500000000001}, {'J01': 8}, {'J01': 45}, 
3265.0, {'J01': -103.68699999999998}, {'J01': 8}, {'J01': 56}, 
3270.0, {'J01': -90.062}, {'J01': 8}, {'J01': 48}, 
3275.0, {'J01': -97.41999999999999}, {'J01': 7}, {'J01': 51}, 
3280.0, {'J01': -95.41399999999999}, {'J01': 7}, {'J01': 57}, 
3285.0, {'J01': -97.41399999999999}, {'J01': 7}, {'J01': 59}, 
3290.0, {'J01': -90.613}, {'J01': 7}, {'J01': 56}, 
3295.0, {'J01': -90.329}, {'J01': 8}, {'J01': 47}, 
3300.0, {'J01': -99.693}, {'J01': 8}, {'J01': 44}, 
3305.0, {'J01': -95.693}, {'J01': 8}, {'J01': 40}, 
3310.0, {'J01': -94.07400000000001}, {'J01': 8}, {'J01': 36}, 
3315.0, {'J01': -103.875}, {'J01': 8}, {'J01': 42}, 
3320.0, {'J01': -118.05699999999999}, {'J01': 8}, {'J01': 50}, 
3325.0, {'J01': -133.506}, {'J01': 8}, {'J01': 58}, 
3330.0, {'J01': -145.046}, {'J01': 8}, {'J01': 59}, 
3335.0, {'J01': -128.978}, {'J01': 8}, {'J01': 48}, 
3340.0, {'J01': -125.245}, {'J01': 8}, {'J01': 43}, 
3345.0, {'J01': -123.512}, {'J01': 8}, {'J01': 40}, 
3350.0, {'J01': -122.512}, {'J01': 8}, {'J01': 39}, 
3355.0, {'J01': -122.512}, {'J01': 8}, {'J01': 39}, 
3360.0, {'J01': -122.512}, {'J01': 8}, {'J01': 39}, 
3365.0, {'J01': -59.806}, {'J01': 8}, {'J01': 37}, 
3370.0, {'J01': -87.182}, {'J01': 5}, {'J01': 36}, 
3375.0, {'J01': -111.17099999999999}, {'J01': 6}, {'J01': 42}, 
3380.0, {'J01': -110.17099999999999}, {'J01': 7}, {'J01': 41}, 
3385.0, {'J01': -105.17099999999999}, {'J01': 7}, {'J01': 36}, 
3390.0, {'J01': -49.738}, {'J01': 6}, {'J01': 32}, 
3395.0, {'J01': -63.27799999999999}, {'J01': 6}, {'J01': 35}, 
3400.0, {'J01': -85.352}, {'J01': 8}, {'J01': 44}, 
3405.0, {'J01': -87.352}, {'J01': 8}, {'J01': 46}, 
3410.0, {'J01': -82.994}, {'J01': 8}, {'J01': 46}, 
3415.0, {'J01': -90.619}, {'J01': 8}, {'J01': 48}, 
3420.0, {'J01': -96.062}, {'J01': 8}, {'J01': 54}, 
3425.0, {'J01': -98.977}, {'J01': 8}, {'J01': 52}, 
3430.0, {'J01': -90.443}, {'J01': 8}, {'J01': 46}, 
3435.0, {'J01': -66.63}, {'J01': 7}, {'J01': 42}, 
3440.0, {'J01': -57.562000000000005}, {'J01': 6}, {'J01': 38}, 
3445.0, {'J01': -58.471000000000004}, {'J01': 7}, {'J01': 42}, 
3450.0, {'J01': -72.011}, {'J01': 8}, {'J01': 45}, 
3455.0, {'J01': -95.443}, {'J01': 8}, {'J01': 51}, 
3460.0, {'J01': -69.005}, {'J01': 8}, {'J01': 50}, 
3465.0, {'J01': -64.386}, {'J01': 8}, {'J01': 43}, 
3470.0, {'J01': -78.102}, {'J01': 8}, {'J01': 48}, 
3475.0, {'J01': -82.369}, {'J01': 8}, {'J01': 51}, 
3480.0, {'J01': -79.75}, {'J01': 8}, {'J01': 46}, 
3485.0, {'J01': -76.483}, {'J01': 8}, {'J01': 44}, 
3490.0, {'J01': -68.949}, {'J01': 7}, {'J01': 39}, 
3495.0, {'J01': -42.869}, {'J01': 6}, {'J01': 34}, 
3500.0, {'J01': -52.256}, {'J01': 6}, {'J01': 33}, 
3505.0, {'J01': -40.625}, {'J01': 7}, {'J01': 35}, 
3510.0, {'J01': -53.897999999999996}, {'J01': 8}, {'J01': 39}, 
3515.0, {'J01': -55.165000000000006}, {'J01': 8}, {'J01': 39}, 
3520.0, {'J01': -51.426}, {'J01': 8}, {'J01': 42}, 
3525.0, {'J01': -62.40899999999999}, {'J01': 8}, {'J01': 43}, 
3530.0, {'J01': -71.034}, {'J01': 8}, {'J01': 46}, 
3535.0, {'J01': -63.233000000000004}, {'J01': 8}, {'J01': 42}, 
3540.0, {'J01': -46.335}, {'J01': 8}, {'J01': 40}, 
3545.0, {'J01': -53.96}, {'J01': 8}, {'J01': 42}, 
3550.0, {'J01': -65.324}, {'J01': 8}, {'J01': 41}, 
3555.0, {'J01': -66.705}, {'J01': 8}, {'J01': 40}, 
3560.0, {'J01': -72.887}, {'J01': 8}, {'J01': 40}, 
3565.0, {'J01': -56.438}, {'J01': 6}, {'J01': 31}, 
3570.0, {'J01': -59.444}, {'J01': 5}, {'J01': 26}, 
3575.0, {'J01': -51.171}, {'J01': 5}, {'J01': 27}, 
3580.0, {'J01': -50.256}, {'J01': 5}, {'J01': 31}, 
3585.0, {'J01': -65.324}, {'J01': 8}, {'J01': 41}, 
3590.0, {'J01': -67.767}, {'J01': 8}, {'J01': 44}, 
3595.0, {'J01': -84.22200000000001}, {'J01': 8}, {'J01': 45}, 
3600.0, {'J01': -91.586}, {'J01': 7}, {'J01': 40}, 
3605.0, {'J01': -83.96700000000001}, {'J01': 5}, {'J01': 30}, 
3610.0, {'J01': -79.96700000000001}, {'J01': 4}, {'J01': 26}, 
3615.0, {'J01': -19.267}, {'J01': 4}, {'J01': 18}, 
3620.0, {'J01': -53.353}, {'J01': 4}, {'J01': 23}, 
3625.0, {'J01': -78.342}, {'J01': 6}, {'J01': 30}, 
3630.0, {'J01': -89.524}, {'J01': 8}, {'J01': 35}, 
3635.0, {'J01': -65.62}, {'J01': 8}, {'J01': 34}, 
3640.0, {'J01': -59.444}, {'J01': 7}, {'J01': 26}, 
3645.0, {'J01': -65.80799999999999}, {'J01': 4}, {'J01': 20}, 
3650.0, {'J01': -74.172}, {'J01': 4}, {'J01': 16}, 
3655.0, {'J01': -19.182000000000002}, {'J01': 4}, {'J01': 13}, 
3660.0, {'J01': -29.364}, {'J01': 4}, {'J01': 17}, 
3665.0, {'J01': -42.546}, {'J01': 6}, {'J01': 24}, 
3670.0, {'J01': -41.364000000000004}, {'J01': 8}, {'J01': 29}, 
3675.0, {'J01': -32.091}, {'J01': 8}, {'J01': 29}, 
3680.0, {'J01': -32.091}, {'J01': 8}, {'J01': 29}, 
3685.0, {'J01': -33.0}, {'J01': 8}, {'J01': 33}, 
3690.0, {'J01': -32.091}, {'J01': 8}, {'J01': 29}, 
3695.0, {'J01': -34.272999999999996}, {'J01': 7}, {'J01': 25}, 
3700.0, {'J01': -27.091}, {'J01': 7}, {'J01': 24}, 
3705.0, {'J01': -21.267}, {'J01': 6}, {'J01': 20}, 
3710.0, {'J01': -20.534}, {'J01': 4}, {'J01': 18}, 
3715.0, {'J01': -16.0}, {'J01': 4}, {'J01': 16}, 
3720.0, {'J01': -20.0}, {'J01': 4}, {'J01': 20}, 
3725.0, {'J01': -26.0}, {'J01': 7}, {'J01': 26}, 
3730.0, {'J01': -28.0}, {'J01': 8}, {'J01': 28}, 
3735.0, {'J01': -31.0}, {'J01': 8}, {'J01': 31}, 
3740.0, {'J01': -25.0}, {'J01': 7}, {'J01': 25}, 
3745.0, {'J01': -26.0}, {'J01': 7}, {'J01': 26}, 
3750.0, {'J01': -23.0}, {'J01': 6}, {'J01': 23}, 
3755.0, {'J01': -16.0}, {'J01': 4}, {'J01': 16}, 
3760.0, {'J01': -12.0}, {'J01': 4}, {'J01': 12}, 
3765.0, {'J01': -10.0}, {'J01': 4}, {'J01': 10}, 
3770.0, {'J01': -12.0}, {'J01': 3}, {'J01': 12}, 
3775.0, {'J01': -17.0}, {'J01': 4}, {'J01': 17}, 
3780.0, {'J01': -13.0}, {'J01': 3}, {'J01': 13}, 
3785.0, {'J01': -10.0}, {'J01': 3}, {'J01': 10}, 
3790.0, {'J01': -10.0}, {'J01': 4}, {'J01': 10}, 
3795.0, {'J01': -10.0}, {'J01': 3}, {'J01': 10}, 
3800.0, {'J01': -12.0}, {'J01': 3}, {'J01': 12}, 
3805.0, {'J01': -13.0}, {'J01': 3}, {'J01': 13}, 
3810.0, {'J01': -13.0}, {'J01': 3}, {'J01': 13}, 
3815.0, {'J01': -12.0}, {'J01': 4}, {'J01': 12}, 
3820.0, {'J01': -11.0}, {'J01': 3}, {'J01': 11}, 
3825.0, {'J01': -11.0}, {'J01': 3}, {'J01': 11}, 
3830.0, {'J01': -13.0}, {'J01': 4}, {'J01': 13}, 
3835.0, {'J01': -15.0}, {'J01': 3}, {'J01': 15}, 
3840.0, {'J01': -15.0}, {'J01': 4}, {'J01': 15}, 
3845.0, {'J01': -11.0}, {'J01': 4}, {'J01': 11}, 
3850.0, {'J01': -7.0}, {'J01': 4}, {'J01': 7}, 
3855.0, {'J01': -9.0}, {'J01': 3}, {'J01': 9}, 
3860.0, {'J01': -10.0}, {'J01': 4}, {'J01': 10}, 
3865.0, {'J01': -14.0}, {'J01': 5}, {'J01': 14}, 
3870.0, {'J01': -15.0}, {'J01': 4}, {'J01': 15}, 
3875.0, {'J01': -10.0}, {'J01': 4}, {'J01': 10}, 
3880.0, {'J01': -9.0}, {'J01': 4}, {'J01': 9}, 
3885.0, {'J01': -9.0}, {'J01': 3}, {'J01': 9}, 
3890.0, {'J01': -7.0}, {'J01': 3}, {'J01': 7}, 
3895.0, {'J01': -7.0}, {'J01': 3}, {'J01': 7}, 
3900.0, {'J01': -8.0}, {'J01': 3}, {'J01': 8}, 
3905.0, {'J01': -8.0}, {'J01': 3}, {'J01': 8}, 
3910.0, {'J01': -12.0}, {'J01': 3}, {'J01': 12}, 
3915.0, {'J01': -13.0}, {'J01': 3}, {'J01': 13}, 
3920.0, {'J01': -10.0}, {'J01': 4}, {'J01': 10}, 
3925.0, {'J01': -9.0}, {'J01': 4}, {'J01': 9}, 
3930.0, {'J01': -10.0}, {'J01': 4}, {'J01': 10}, 
3935.0, {'J01': -11.0}, {'J01': 3}, {'J01': 11}, 
3940.0, {'J01': -11.0}, {'J01': 4}, {'J01': 11}, 
3945.0, {'J01': -13.0}, {'J01': 4}, {'J01': 13}, 
3950.0, {'J01': -16.0}, {'J01': 5}, {'J01': 16}, 
3955.0, {'J01': -16.0}, {'J01': 5}, {'J01': 16}, 
3960.0, {'J01': -16.0}, {'J01': 4}, {'J01': 16}, 
3965.0, {'J01': -11.0}, {'J01': 4}, {'J01': 11}, 
3970.0, {'J01': -10.0}, {'J01': 4}, {'J01': 10}, 
3975.0, {'J01': -12.0}, {'J01': 4}, {'J01': 12}, 
3980.0, {'J01': -12.0}, {'J01': 4}, {'J01': 12}, 
3985.0, {'J01': -15.0}, {'J01': 3}, {'J01': 15}, 
3990.0, {'J01': -16.0}, {'J01': 3}, {'J01': 16}, 
3995.0, {'J01': -18.0}, {'J01': 4}, {'J01': 18}, 
4000.0, {'J01': -21.0}, {'J01': 5}, {'J01': 21}, 
4005.0, {'J01': -18.0}, {'J01': 5}, {'J01': 18}, 
4010.0, {'J01': -13.0}, {'J01': 4}, {'J01': 13}, 
4015.0, {'J01': -13.0}, {'J01': 3}, {'J01': 13}, 
4020.0, {'J01': -16.0}, {'J01': 4}, {'J01': 16}, 
4025.0, {'J01': -17.0}, {'J01': 6}, {'J01': 17}, 
4030.0, {'J01': -16.0}, {'J01': 4}, {'J01': 16}, 
4035.0, {'J01': -12.0}, {'J01': 4}, {'J01': 12}, 
4040.0, {'J01': -10.0}, {'J01': 4}, {'J01': 10}, 
4045.0, {'J01': -11.0}, {'J01': 4}, {'J01': 11}, 
4050.0, {'J01': -13.0}, {'J01': 4}, {'J01': 13}, 
4055.0, {'J01': -16.0}, {'J01': 4}, {'J01': 16}, 
4060.0, {'J01': -16.0}, {'J01': 5}, {'J01': 16}, 
4065.0, {'J01': -17.0}, {'J01': 5}, {'J01': 17}, 
4070.0, {'J01': -17.0}, {'J01': 4}, {'J01': 17}, 
4075.0, {'J01': -12.0}, {'J01': 4}, {'J01': 12}, 
4080.0, {'J01': -11.0}, {'J01': 4}, {'J01': 11}, 
4085.0, {'J01': -10.0}, {'J01': 3}, {'J01': 10}, 
4090.0, {'J01': -8.0}, {'J01': 3}, {'J01': 8}, 
4095.0, {'J01': -10.0}, {'J01': 2}, {'J01': 10}, 
4100.0, {'J01': -13.0}, {'J01': 3}, {'J01': 13}, 
4105.0, {'J01': -11.0}, {'J01': 4}, {'J01': 11}, 
4110.0, {'J01': -10.0}, {'J01': 4}, {'J01': 10}, 
4115.0, {'J01': -13.0}, {'J01': 4}, {'J01': 13}, 
4120.0, {'J01': -17.0}, {'J01': 4}, {'J01': 17}, 
4125.0, {'J01': -12.0}, {'J01': 4}, {'J01': 12}, 
4130.0, {'J01': -7.0}, {'J01': 4}, {'J01': 7}, 
4135.0, {'J01': -7.0}, {'J01': 2}, {'J01': 7}, 
4140.0, {'J01': -9.0}, {'J01': 3}, {'J01': 9}, 
4145.0, {'J01': -14.0}, {'J01': 4}, {'J01': 14}, 
4150.0, {'J01': -18.0}, {'J01': 5}, {'J01': 18}, 
4155.0, {'J01': -16.0}, {'J01': 5}, {'J01': 16}, 
4160.0, {'J01': -10.0}, {'J01': 4}, {'J01': 10}, 
4165.0, {'J01': -8.0}, {'J01': 4}, {'J01': 8}, 
4170.0, {'J01': -8.0}, {'J01': 4}, {'J01': 8}, 
4175.0, {'J01': -8.0}, {'J01': 3}, {'J01': 8}, 
4180.0, {'J01': -9.0}, {'J01': 3}, {'J01': 9}, 
4185.0, {'J01': -13.0}, {'J01': 3}, {'J01': 13}, 
4190.0, {'J01': -12.0}, {'J01': 3}, {'J01': 12}, 
4195.0, {'J01': -9.0}, {'J01': 4}, {'J01': 9}, 
4200.0, {'J01': -9.0}, {'J01': 2}, {'J01': 9}, 
4205.0, {'J01': -9.0}, {'J01': 3}, {'J01': 9}, 
4210.0, {'J01': -8.0}, {'J01': 2}, {'J01': 8}, 
4215.0, {'J01': -8.0}, {'J01': 3}, {'J01': 8}, 
4220.0, {'J01': -9.0}, {'J01': 2}, {'J01': 9}, 
4225.0, {'J01': -13.0}, {'J01': 3}, {'J01': 13}, 
4230.0, {'J01': -12.0}, {'J01': 2}, {'J01': 12}, 
4235.0, {'J01': -11.0}, {'J01': 3}, {'J01': 11}, 
4240.0, {'J01': -9.0}, {'J01': 4}, {'J01': 9}, 
4245.0, {'J01': -10.0}, {'J01': 2}, {'J01': 10}, 
4250.0, {'J01': -9.0}, {'J01': 2}, {'J01': 9}, 
4255.0, {'J01': -13.0}, {'J01': 3}, {'J01': 13}, 
4260.0, {'J01': -16.0}, {'J01': 3}, {'J01': 16}, 
4265.0, {'J01': -10.0}, {'J01': 2}, {'J01': 10}, 
4270.0, {'J01': -10.0}, {'J01': 4}, {'J01': 10}, 
4275.0, {'J01': -11.0}, {'J01': 3}, {'J01': 11}, 
4280.0, {'J01': -12.0}, {'J01': 3}, {'J01': 12}, 
4285.0, {'J01': -15.0}, {'J01': 4}, {'J01': 15}, 
4290.0, {'J01': -12.0}, {'J01': 3}, {'J01': 12}, 
4295.0, {'J01': -11.0}, {'J01': 4}, {'J01': 11}, 
4300.0, {'J01': -12.0}, {'J01': 4}, {'J01': 12}, 
4305.0, {'J01': -13.0}, {'J01': 4}, {'J01': 13}, 
4310.0, {'J01': -15.0}, {'J01': 3}, {'J01': 15}, 
4315.0, {'J01': -13.0}, {'J01': 3}, {'J01': 13}, 
4320.0, {'J01': -20.0}, {'J01': 5}, {'J01': 20}, 
4325.0, {'J01': -19.0}, {'J01': 6}, {'J01': 19}, 
4330.0, {'J01': -21.0}, {'J01': 6}, {'J01': 21}, 
4335.0, {'J01': -18.0}, {'J01': 5}, {'J01': 18}, 
4340.0, {'J01': -13.0}, {'J01': 4}, {'J01': 13}, 
4345.0, {'J01': -10.0}, {'J01': 4}, {'J01': 10}, 
4350.0, {'J01': -11.0}, {'J01': 4}, {'J01': 11}, 
4355.0, {'J01': -13.0}, {'J01': 3}, {'J01': 13}, 
4360.0, {'J01': -14.0}, {'J01': 3}, {'J01': 14}, 
4365.0, {'J01': -17.0}, {'J01': 3}, {'J01': 17}, 
4370.0, {'J01': -13.0}, {'J01': 3}, {'J01': 13}, 
4375.0, {'J01': -11.0}, {'J01': 4}, {'J01': 11}, 
4380.0, {'J01': -11.0}, {'J01': 3}, {'J01': 11}, 
4385.0, {'J01': -11.0}, {'J01': 3}, {'J01': 11}, 
4390.0, {'J01': -10.0}, {'J01': 3}, {'J01': 10}, 
4395.0, {'J01': -11.0}, {'J01': 3}, {'J01': 11}, 
4400.0, {'J01': -11.0}, {'J01': 4}, {'J01': 11}, 
4405.0, {'J01': -11.0}, {'J01': 3}, {'J01': 11}, 
4410.0, {'J01': -11.0}, {'J01': 3}, {'J01': 11}, 
4415.0, {'J01': -14.0}, {'J01': 3}, {'J01': 14}, 
4420.0, {'J01': -18.0}, {'J01': 5}, {'J01': 18}, 
4425.0, {'J01': -21.0}, {'J01': 6}, {'J01': 21}, 
4430.0, {'J01': -18.0}, {'J01': 6}, {'J01': 18}, 
4435.0, {'J01': -12.0}, {'J01': 4}, {'J01': 12}, 
4440.0, {'J01': -9.0}, {'J01': 4}, {'J01': 9}, 
4445.0, {'J01': -8.0}, {'J01': 4}, {'J01': 8}, 
4450.0, {'J01': -8.0}, {'J01': 3}, {'J01': 8}, 
4455.0, {'J01': -8.0}, {'J01': 2}, {'J01': 8}, 
4460.0, {'J01': -10.0}, {'J01': 3}, {'J01': 10}, 
4465.0, {'J01': -14.0}, {'J01': 4}, {'J01': 14}, 
4470.0, {'J01': -16.0}, {'J01': 4}, {'J01': 16}, 
4475.0, {'J01': -13.0}, {'J01': 3}, {'J01': 13}, 
4480.0, {'J01': -11.0}, {'J01': 4}, {'J01': 11}, 
4485.0, {'J01': -12.0}, {'J01': 4}, {'J01': 12}, 
4490.0, {'J01': -13.0}, {'J01': 4}, {'J01': 13}, 
4495.0, {'J01': -13.0}, {'J01': 4}, {'J01': 13}, 
4500.0, {'J01': -14.0}, {'J01': 4}, {'J01': 14}, 
4505.0, {'J01': -12.0}, {'J01': 4}, {'J01': 12}, 
4510.0, {'J01': -6.0}, {'J01': 4}, {'J01': 6}, 
4515.0, {'J01': -6.0}, {'J01': 3}, {'J01': 6}, 
4520.0, {'J01': -6.0}, {'J01': 3}, {'J01': 6}, 
4525.0, {'J01': -9.0}, {'J01': 4}, {'J01': 9}, 
4530.0, {'J01': -8.0}, {'J01': 3}, {'J01': 8}, 
4535.0, {'J01': -6.0}, {'J01': 4}, {'J01': 6}, 
4540.0, {'J01': -7.0}, {'J01': 3}, {'J01': 7}, 
4545.0, {'J01': -8.0}, {'J01': 3}, {'J01': 8}, 
4550.0, {'J01': -8.0}, {'J01': 3}, {'J01': 8}, 
4555.0, {'J01': -7.0}, {'J01': 4}, {'J01': 7}, 
4560.0, {'J01': -7.0}, {'J01': 3}, {'J01': 7}, 
4565.0, {'J01': -5.0}, {'J01': 2}, {'J01': 5}, 
4570.0, {'J01': -5.0}, {'J01': 2}, {'J01': 5}, 
4575.0, {'J01': -7.0}, {'J01': 3}, {'J01': 7}, 
4580.0, {'J01': -5.0}, {'J01': 2}, {'J01': 5}, 
4585.0, {'J01': -6.0}, {'J01': 3}, {'J01': 6}, 
4590.0, {'J01': -7.0}, {'J01': 2}, {'J01': 7}, 
4595.0, {'J01': -9.0}, {'J01': 3}, {'J01': 9}, 
4600.0, {'J01': -9.0}, {'J01': 4}, {'J01': 9}, 
4605.0, {'J01': -8.0}, {'J01': 3}, {'J01': 8}, 
4610.0, {'J01': -5.0}, {'J01': 3}, {'J01': 5}, 
4615.0, {'J01': -7.0}, {'J01': 3}, {'J01': 7}, 
4620.0, {'J01': -8.0}, {'J01': 3}, {'J01': 8}, 
4625.0, {'J01': -6.0}, {'J01': 3}, {'J01': 6}, 
4630.0, {'J01': -7.0}, {'J01': 4}, {'J01': 7}, 
4635.0, {'J01': -8.0}, {'J01': 4}, {'J01': 8}, 
4640.0, {'J01': -9.0}, {'J01': 4}, {'J01': 9}, 
4645.0, {'J01': -8.0}, {'J01': 4}, {'J01': 8}, 
4650.0, {'J01': -8.0}, {'J01': 4}, {'J01': 8}, 
4655.0, {'J01': -12.0}, {'J01': 4}, {'J01': 12}, 
4660.0, {'J01': -14.0}, {'J01': 4}, {'J01': 14}, 
4665.0, {'J01': -12.0}, {'J01': 4}, {'J01': 12}, 
4670.0, {'J01': -11.0}, {'J01': 4}, {'J01': 11}, 
4675.0, {'J01': -11.0}, {'J01': 4}, {'J01': 11}, 
4680.0, {'J01': -10.0}, {'J01': 3}, {'J01': 10}, 
4685.0, {'J01': -8.0}, {'J01': 2}, {'J01': 8}, 
4690.0, {'J01': -10.0}, {'J01': 4}, {'J01': 10}, 
4695.0, {'J01': -12.0}, {'J01': 3}, {'J01': 12}, 
4700.0, {'J01': -9.0}, {'J01': 4}, {'J01': 9}, 
4705.0, {'J01': -9.0}, {'J01': 3}, {'J01': 9}, 
4710.0, {'J01': -8.0}, {'J01': 3}, {'J01': 8}, 
4715.0, {'J01': -9.0}, {'J01': 2}, {'J01': 9}, 
4720.0, {'J01': -11.0}, {'J01': 3}, {'J01': 11}, 
4725.0, {'J01': -13.0}, {'J01': 6}, {'J01': 13}, 
4730.0, {'J01': -13.0}, {'J01': 5}, {'J01': 13}, 
4735.0, {'J01': -15.0}, {'J01': 4}, {'J01': 15}, 
4740.0, {'J01': -11.0}, {'J01': 4}, {'J01': 11}, 
4745.0, {'J01': -9.0}, {'J01': 4}, {'J01': 9}, 
4750.0, {'J01': -9.0}, {'J01': 4}, {'J01': 9}, 
4755.0, {'J01': -8.0}, {'J01': 4}, {'J01': 8}, 
4760.0, {'J01': -7.0}, {'J01': 3}, {'J01': 7}, 
4765.0, {'J01': -8.0}, {'J01': 3}, {'J01': 8}, 
4770.0, {'J01': -8.0}, {'J01': 3}, {'J01': 8}, 
4775.0, {'J01': -7.0}, {'J01': 4}, {'J01': 7}, 
4780.0, {'J01': -4.0}, {'J01': 2}, {'J01': 4}, 
4785.0, {'J01': -3.0}, {'J01': 2}, {'J01': 3}, 
4790.0, {'J01': -7.0}, {'J01': 2}, {'J01': 7}, 
4795.0, {'J01': -7.0}, {'J01': 3}, {'J01': 7}, 
4800.0, {'J01': -6.0}, {'J01': 2}, {'J01': 6}, 
4805.0, {'J01': -5.0}, {'J01': 2}, {'J01': 5}, 
4810.0, {'J01': -6.0}, {'J01': 2}, {'J01': 6}, 
4815.0, {'J01': -8.0}, {'J01': 3}, {'J01': 8}, 
4820.0, {'J01': -8.0}, {'J01': 3}, {'J01': 8}, 
4825.0, {'J01': -7.0}, {'J01': 3}, {'J01': 7}, 
4830.0, {'J01': -9.0}, {'J01': 3}, {'J01': 9}, 
4835.0, {'J01': -13.0}, {'J01': 4}, {'J01': 13}, 
4840.0, {'J01': -12.0}, {'J01': 4}, {'J01': 12}, 
4845.0, {'J01': -7.0}, {'J01': 4}, {'J01': 7}, 
4850.0, {'J01': -6.0}, {'J01': 2}, {'J01': 6}, 
4855.0, {'J01': -7.0}, {'J01': 3}, {'J01': 7}, 
4860.0, {'J01': -8.0}, {'J01': 3}, {'J01': 8}, 
4865.0, {'J01': -9.0}, {'J01': 3}, {'J01': 9}, 
4870.0, {'J01': -9.0}, {'J01': 4}, {'J01': 9}, 
4875.0, {'J01': -8.0}, {'J01': 4}, {'J01': 8}, 
4880.0, {'J01': -8.0}, {'J01': 3}, {'J01': 8}, 
4885.0, {'J01': -5.0}, {'J01': 2}, {'J01': 5}, 
4890.0, {'J01': -6.0}, {'J01': 2}, {'J01': 6}, 
4895.0, {'J01': -9.0}, {'J01': 3}, {'J01': 9}, 
4900.0, {'J01': -10.0}, {'J01': 3}, {'J01': 10}, 
4905.0, {'J01': -10.0}, {'J01': 5}, {'J01': 10}, 
4910.0, {'J01': -10.0}, {'J01': 4}, {'J01': 10}, 
4915.0, {'J01': -9.0}, {'J01': 3}, {'J01': 9}, 
4920.0, {'J01': -8.0}, {'J01': 4}, {'J01': 8}, 
4925.0, {'J01': -8.0}, {'J01': 3}, {'J01': 8}, 
4930.0, {'J01': -7.0}, {'J01': 3}, {'J01': 7}, 
4935.0, {'J01': -10.0}, {'J01': 3}, {'J01': 10}, 
4940.0, {'J01': -9.0}, {'J01': 3}, {'J01': 9}, 
4945.0, {'J01': -9.0}, {'J01': 4}, {'J01': 9}, 
4950.0, {'J01': -9.0}, {'J01': 3}, {'J01': 9}, 
4955.0, {'J01': -7.0}, {'J01': 3}, {'J01': 7}, 
4960.0, {'J01': -9.0}, {'J01': 3}, {'J01': 9}, 
4965.0, {'J01': -8.0}, {'J01': 3}, {'J01': 8}, 
4970.0, {'J01': -8.0}, {'J01': 3}, {'J01': 8}, 
4975.0, {'J01': -8.0}, {'J01': 3}, {'J01': 8}, 
4980.0, {'J01': -11.0}, {'J01': 4}, {'J01': 11}, 
4985.0, {'J01': -10.0}, {'J01': 3}, {'J01': 10}, 
4990.0, {'J01': -10.0}, {'J01': 4}, {'J01': 10}, 
4995.0, {'J01': -9.0}, {'J01': 4}, {'J01': 9}, 
5000.0, {'J01': -8.0}, {'J01': 4}, {'J01': 8}, 
5005.0, {'J01': -8.0}, {'J01': 4}, {'J01': 8}, 
5010.0, {'J01': -9.0}, {'J01': 4}, {'J01': 9}, 
5015.0, {'J01': -8.0}, {'J01': 4}, {'J01': 8}, 
5020.0, {'J01': -9.0}, {'J01': 4}, {'J01': 9}, 
5025.0, {'J01': -14.0}, {'J01': 6}, {'J01': 14}, 
5030.0, {'J01': -17.0}, {'J01': 6}, {'J01': 17}, 
5035.0, {'J01': -15.0}, {'J01': 5}, {'J01': 15}, 
5040.0, {'J01': -12.0}, {'J01': 4}, {'J01': 12}, 
5045.0, {'J01': -9.0}, {'J01': 4}, {'J01': 9}, 
5050.0, {'J01': -9.0}, {'J01': 4}, {'J01': 9}, 
5055.0, {'J01': -9.0}, {'J01': 4}, {'J01': 9}, 
5060.0, {'J01': -9.0}, {'J01': 4}, {'J01': 9}, 
5065.0, {'J01': -8.0}, {'J01': 3}, {'J01': 8}, 
5070.0, {'J01': -8.0}, {'J01': 4}, {'J01': 8}, 
5075.0, {'J01': -8.0}, {'J01': 4}, {'J01': 8}, 
5080.0, {'J01': -9.0}, {'J01': 3}, {'J01': 9}, 
5085.0, {'J01': -7.0}, {'J01': 4}, {'J01': 7}, 
5090.0, {'J01': -7.0}, {'J01': 3}, {'J01': 7}, 
5095.0, {'J01': -5.0}, {'J01': 2}, {'J01': 5}, 
5100.0, {'J01': -8.0}, {'J01': 3}, {'J01': 8}, 
5105.0, {'J01': -9.0}, {'J01': 3}, {'J01': 9}, 
5110.0, {'J01': -8.0}, {'J01': 4}, {'J01': 8}, 
5115.0, {'J01': -8.0}, {'J01': 4}, {'J01': 8}, 
5120.0, {'J01': -8.0}, {'J01': 3}, {'J01': 8}, 
5125.0, {'J01': -6.0}, {'J01': 3}, {'J01': 6}, 
5130.0, {'J01': -6.0}, {'J01': 2}, {'J01': 6}, 
5135.0, {'J01': -6.0}, {'J01': 3}, {'J01': 6}, 
5140.0, {'J01': -6.0}, {'J01': 2}, {'J01': 6}, 
5145.0, {'J01': -7.0}, {'J01': 4}, {'J01': 7}, 
5150.0, {'J01': -6.0}, {'J01': 3}, {'J01': 6}, 
5155.0, {'J01': -6.0}, {'J01': 3}, {'J01': 6}, 
5160.0, {'J01': -5.0}, {'J01': 4}, {'J01': 5}, 
5165.0, {'J01': -6.0}, {'J01': 3}, {'J01': 6}, 
5170.0, {'J01': -5.0}, {'J01': 2}, {'J01': 5}, 
5175.0, {'J01': -4.0}, {'J01': 2}, {'J01': 4}, 
5180.0, {'J01': -5.0}, {'J01': 3}, {'J01': 5}, 
5185.0, {'J01': -4.0}, {'J01': 2}, {'J01': 4}, 
5190.0, {'J01': -6.0}, {'J01': 3}, {'J01': 6}, 
5195.0, {'J01': -7.0}, {'J01': 3}, {'J01': 7}, 
5200.0, {'J01': -7.0}, {'J01': 3}, {'J01': 7}, 
5205.0, {'J01': -6.0}, {'J01': 4}, {'J01': 6}, 
5210.0, {'J01': -7.0}, {'J01': 3}, {'J01': 7}, 
5215.0, {'J01': -5.0}, {'J01': 2}, {'J01': 5}, 
5220.0, {'J01': -8.0}, {'J01': 3}, {'J01': 8}, 
5225.0, {'J01': -7.0}, {'J01': 3}, {'J01': 7}, 
5230.0, {'J01': -7.0}, {'J01': 4}, {'J01': 7}, 
5235.0, {'J01': -8.0}, {'J01': 3}, {'J01': 8}, 
5240.0, {'J01': -7.0}, {'J01': 3}, {'J01': 7}, 
5245.0, {'J01': -8.0}, {'J01': 4}, {'J01': 8}, 
5250.0, {'J01': -10.0}, {'J01': 4}, {'J01': 10}, 
5255.0, {'J01': -8.0}, {'J01': 4}, {'J01': 8}, 
5260.0, {'J01': -8.0}, {'J01': 4}, {'J01': 8}, 
5265.0, {'J01': -7.0}, {'J01': 4}, {'J01': 7}, 
5270.0, {'J01': -7.0}, {'J01': 5}, {'J01': 7}, 
5275.0, {'J01': -9.0}, {'J01': 6}, {'J01': 9}, 
5280.0, {'J01': -10.0}, {'J01': 5}, {'J01': 10}, 
5285.0, {'J01': -10.0}, {'J01': 4}, {'J01': 10}, 
5290.0, {'J01': -10.0}, {'J01': 4}, {'J01': 10}, 
5295.0, {'J01': -7.0}, {'J01': 4}, {'J01': 7}, 
5300.0, {'J01': -4.0}, {'J01': 4}, {'J01': 4}, 
5305.0, {'J01': -5.0}, {'J01': 3}, {'J01': 5}, 
5310.0, {'J01': -3.0}, {'J01': 2}, {'J01': 3}, 
5315.0, {'J01': -9.0}, {'J01': 4}, {'J01': 9}, 
5320.0, {'J01': -9.0}, {'J01': 3}, {'J01': 9}, 
5325.0, {'J01': -8.0}, {'J01': 4}, {'J01': 8}, 
5330.0, {'J01': -10.0}, {'J01': 4}, {'J01': 10}, 
5335.0, {'J01': -11.0}, {'J01': 6}, {'J01': 11}, 
5340.0, {'J01': -12.0}, {'J01': 6}, {'J01': 12}, 
5345.0, {'J01': -11.0}, {'J01': 4}, {'J01': 11}, 
5350.0, {'J01': -8.0}, {'J01': 4}, {'J01': 8}, 
5355.0, {'J01': -5.0}, {'J01': 4}, {'J01': 5}, 
5360.0, {'J01': -6.0}, {'J01': 3}, {'J01': 6}, 
5365.0, {'J01': -6.0}, {'J01': 3}, {'J01': 6}, 
5370.0, {'J01': -5.0}, {'J01': 2}, {'J01': 5}, 
5375.0, {'J01': -5.0}, {'J01': 3}, {'J01': 5}, 
5380.0, {'J01': -5.0}, {'J01': 4}, {'J01': 5}, 
5385.0, {'J01': -5.0}, {'J01': 2}, {'J01': 5}, 
5390.0, {'J01': -5.0}, {'J01': 3}, {'J01': 5}, 
5395.0, {'J01': -5.0}, {'J01': 2}, {'J01': 5}, 
5400.0, {'J01': -5.0}, {'J01': 3}, {'J01': 5}, 
